fronts = ((
    ((-5, 5, -5), (-4.8623346886842835, 13.951897251108717)),
    ((5, -5, -5), (-4.8623346886842835, 13.951897251108717)),
    ((-5, -5, 5), (-4.8623346886842835, 13.951897251108717)),
    ((5, -5, 5), (-4.8623346886842835, 7.791492659222152)),
    ((5, -5, -5), (-4.8623346886842835, 13.951897251108717)),
    ((-5, -5, 5), (-4.8623346886842835, 13.951897251108717)),
    ((5, 5, -5), (-4.8623346886842835, 7.791492659222151)),
    ((5, -5, 5), (-4.8623346886842835, 7.791492659222152)),
    ((5, -5, -5), (-4.8623346886842835, 13.951897251108717)),
    ((5, -5, -5), (-4.8623346886842835, 13.951897251108717)),
    ((5, -5, -5), (-4.8623346886842835, 13.951897251108717)),
    ((-5, -5, 5), (-4.8623346886842835, 13.951897251108717)),
    ((5, -5, -5), (-4.8623346886842835, 13.951897251108717)),
    ((-5, 5, -5), (-4.8623346886842835, 13.951897251108717)),
    ((5, -5, 5), (-4.8623346886842835, 7.791492659222152)),
    ((-5, -5, 5), (-4.8623346886842835, 13.951897251108717)),
    ((-5, 5, -5), (-4.8623346886842835, 13.951897251108717)),
    ((5, -5, -5), (-4.8623346886842835, 13.951897251108717)),
    ((5, -5, 5), (-4.8623346886842835, 7.791492659222152)),
    ((5, 5, -5), (-4.8623346886842835, 7.791492659222151)),
    ((-5, -5, 5), (-4.8623346886842835, 13.951897251108717)),
    ((5, 5, -5), (-4.8623346886842835, 7.791492659222151)),
    ((5, -5, 5), (-4.8623346886842835, 7.791492659222152)),
    ((-5, 5, 5), (-4.8623346886842835, 7.791492659222152)),
    ((5, -5, -5), (-4.8623346886842835, 13.951897251108717)),
    ((5, 5, 5), (-4.8623346886842835, 1.631088067335587)),
    ((5, -5, 5), (-4.8623346886842835, 7.791492659222152)),
    ((5, 5, -5), (-4.8623346886842835, 7.791492659222151)),
    ((-5, -5, 5), (-4.8623346886842835, 13.951897251108717)),
    ((5, -5, 5), (-4.8623346886842835, 7.791492659222152)),
    ((5, -5, -5), (-4.8623346886842835, 13.951897251108717)),
    ((5, -5, -5), (-4.8623346886842835, 13.951897251108717)),
    ((5, 5, 5), (-4.8623346886842835, 1.631088067335587)),
    ((-5, 5, 5), (-4.8623346886842835, 7.791492659222152)),
    ((-5, 5, 5), (-4.8623346886842835, 7.791492659222152)),
    ((-5, -5, 5), (-4.8623346886842835, 13.951897251108717)),
    ((5, -5, 5), (-4.8623346886842835, 7.791492659222152)),
    ((-5, 5, 5), (-4.8623346886842835, 7.791492659222152)),
    ((-5, 5, -5), (-4.8623346886842835, 13.951897251108717)),
    ((-5, 5, 5), (-4.8623346886842835, 7.791492659222152)),
    ((5, 5, -5), (-4.8623346886842835, 7.791492659222151)),
    ((-5, -5, 5), (-4.8623346886842835, 13.951897251108717)),
    ((-5, 5, -5), (-4.8623346886842835, 13.951897251108717)),
    ((-5, 5, 5), (-4.8623346886842835, 7.791492659222152)),
    ((-5, 5, 5), (-4.8623346886842835, 7.791492659222152)),
    ((-5, 5, 5), (-4.8623346886842835, 7.791492659222152)),
    ((5, 5, -5), (-4.8623346886842835, 7.791492659222151)),
    ((-5, 5, 5), (-4.8623346886842835, 7.791492659222152)),
    ((5, -5, 5), (-4.8623346886842835, 7.791492659222152)),
    ((-5, 5, -5), (-4.8623346886842835, 13.951897251108717)),
    ((5, 5, -5), (-4.8623346886842835, 7.791492659222151)),
    ((5, -5, 5), (-4.8623346886842835, 7.791492659222152)),
    ((-5, 5, 5), (-4.8623346886842835, 7.791492659222152)),
    ((-5, 5, -5), (-4.8623346886842835, 13.951897251108717)),
    ((-5, -5, 5), (-4.8623346886842835, 13.951897251108717)),
    ((5, 5, -5), (-4.8623346886842835, 7.791492659222151)),
    ((-5, -5, 5), (-4.8623346886842835, 13.951897251108717)),
    ((-5, 5, -5), (-4.8623346886842835, 13.951897251108717)),
    ((5, -5, -5), (-4.8623346886842835, 13.951897251108717)),
    ((-5, 5, 5), (-4.8623346886842835, 7.791492659222152)),
    ((-5, -5, -5), (-4.8623346886842835, 20.11230184299528)),
    ((-5, 5, -5), (-4.8623346886842835, 13.951897251108717)),
    ((-5, -5, 5), (-4.8623346886842835, 13.951897251108717)),
    ((5, 5, -5), (-4.8623346886842835, 7.791492659222151)),
    ((-5, 5, -5), (-4.8623346886842835, 13.951897251108717)),
    ((-5, 5, 5), (-4.8623346886842835, 7.791492659222152)),
    ((-5, 5, 5), (-4.8623346886842835, 7.791492659222152)),
    ((-5, -5, -5), (-4.8623346886842835, 20.11230184299528)),
    ((5, -5, -5), (-4.8623346886842835, 13.951897251108717)),
    ((5, -5, -5), (-4.8623346886842835, 13.951897251108717)),
    ((-5, 5, -5), (-4.8623346886842835, 13.951897251108717)),
    ((5, -5, -5), (-4.8623346886842835, 13.951897251108717)),
    ((-5, -5, 5), (-4.8623346886842835, 13.951897251108717)),
    ((5, -5, 5), (-4.8623346886842835, 7.791492659222152)),
    ((5, -5, -5), (-4.8623346886842835, 13.951897251108717)),
    ((-5, -5, 5), (-4.8623346886842835, 13.951897251108717)),
    ((5, 5, -5), (-4.8623346886842835, 7.791492659222151)),
    ((5, -5, 5), (-4.8623346886842835, 7.791492659222152)),
    ((5, -5, -5), (-4.8623346886842835, 13.951897251108717)),
    ((5, -5, -5), (-4.8623346886842835, 13.951897251108717)),
    ((5, -5, -5), (-4.8623346886842835, 13.951897251108717)),
    ((-5, -5, 5), (-4.8623346886842835, 13.951897251108717)),
    ((5, -5, -5), (-4.8623346886842835, 13.951897251108717)),
    ((-5, 5, -5), (-4.8623346886842835, 13.951897251108717)),
    ((5, -5, 5), (-4.8623346886842835, 7.791492659222152)),
    ((-5, -5, 5), (-4.8623346886842835, 13.951897251108717)),
    ((-5, 5, -5), (-4.8623346886842835, 13.951897251108717)),
    ((5, -5, -5), (-4.8623346886842835, 13.951897251108717)),
    ((5, -5, 5), (-4.8623346886842835, 7.791492659222152)),
    ((5, 5, -5), (-4.8623346886842835, 7.791492659222151)),
    ((-5, -5, 5), (-4.8623346886842835, 13.951897251108717)),
    ((5, 5, -5), (-4.8623346886842835, 7.791492659222151)),
    ((5, -5, 5), (-4.8623346886842835, 7.791492659222152)),
    ((-5, 5, 5), (-4.8623346886842835, 7.791492659222152)),
    ((5, -5, -5), (-4.8623346886842835, 13.951897251108717)),
    ((5, 5, 5), (-4.8623346886842835, 1.631088067335587)),
    ((5, -5, 5), (-4.8623346886842835, 7.791492659222152)),
    ((5, 5, -5), (-4.8623346886842835, 7.791492659222151)),
    ((-5, -5, 5), (-4.8623346886842835, 13.951897251108717)),
    ((5, -5, 5), (-4.8623346886842835, 7.791492659222152)),
    ((5, -5, -5), (-4.8623346886842835, 13.951897251108717)),
    ((5, -5, -5), (-4.8623346886842835, 13.951897251108717)),
    ((5, 5, 5), (-4.8623346886842835, 1.631088067335587)),
    ((-5, 5, 5), (-4.8623346886842835, 7.791492659222152)),
    ((-5, 5, 5), (-4.8623346886842835, 7.791492659222152)),
    ((-5, -5, 5), (-4.8623346886842835, 13.951897251108717)),
    ((5, -5, 5), (-4.8623346886842835, 7.791492659222152)),
    ((-5, 5, 5), (-4.8623346886842835, 7.791492659222152)),
    ((-5, 5, -5), (-4.8623346886842835, 13.951897251108717)),
    ((-5, 5, 5), (-4.8623346886842835, 7.791492659222152)),
    ((5, 5, -5), (-4.8623346886842835, 7.791492659222151)),
    ((-5, -5, 5), (-4.8623346886842835, 13.951897251108717)),
    ((-5, 5, -5), (-4.8623346886842835, 13.951897251108717)),
    ((-5, 5, 5), (-4.8623346886842835, 7.791492659222152)),
    ((-5, 5, 5), (-4.8623346886842835, 7.791492659222152)),
    ((-5, 5, 5), (-4.8623346886842835, 7.791492659222152)),
    ((5, 5, -5), (-4.8623346886842835, 7.791492659222151)),
    ((-5, 5, 5), (-4.8623346886842835, 7.791492659222152)),
    ((5, -5, 5), (-4.8623346886842835, 7.791492659222152)),
    ((-5, 5, -5), (-4.8623346886842835, 13.951897251108717)),
    ((5, 5, -5), (-4.8623346886842835, 7.791492659222151)),
    ((5, -5, 5), (-4.8623346886842835, 7.791492659222152)),
    ((-5, 5, 5), (-4.8623346886842835, 7.791492659222152)),
    ((-5, 5, -5), (-4.8623346886842835, 13.951897251108717)),
    ((-5, -5, 5), (-4.8623346886842835, 13.951897251108717)),
    ((5, 5, -5), (-4.8623346886842835, 7.791492659222151)),
    ((-5, -5, 5), (-4.8623346886842835, 13.951897251108717)),
    ((-5, 5, -5), (-4.8623346886842835, 13.951897251108717)),
    ((5, -5, -5), (-4.8623346886842835, 13.951897251108717)),
    ((-5, 5, 5), (-4.8623346886842835, 7.791492659222152)),
    ((-5, -5, -5), (-4.8623346886842835, 20.11230184299528)),
    ((-5, 5, -5), (-4.8623346886842835, 13.951897251108717)),
    ((-5, -5, 5), (-4.8623346886842835, 13.951897251108717)),
    ((5, 5, -5), (-4.8623346886842835, 7.791492659222151)),
    ((-5, 5, -5), (-4.8623346886842835, 13.951897251108717)),
    ((-5, 5, 5), (-4.8623346886842835, 7.791492659222152)),
    ((-5, 5, 5), (-4.8623346886842835, 7.791492659222152)),
    ((-5, -5, -5), (-4.8623346886842835, 20.11230184299528)),
    ((5, -5, -5), (-4.8623346886842835, 13.951897251108717)),
    ((5, -5, -5), (-4.8623346886842835, 13.951897251108717)),
    ((-5, 5, -5), (-4.8623346886842835, 13.951897251108717)),
    ((5, -5, -5), (-4.8623346886842835, 13.951897251108717)),
    ((-5, -5, 5), (-4.8623346886842835, 13.951897251108717)),
    ((5, -5, 5), (-4.8623346886842835, 7.791492659222152)),
    ((5, -5, -5), (-4.8623346886842835, 13.951897251108717)),
    ((-5, -5, 5), (-4.8623346886842835, 13.951897251108717)),
    ((5, 5, -5), (-4.8623346886842835, 7.791492659222151)),
    ((5, -5, 5), (-4.8623346886842835, 7.791492659222152)),
    ((5, -5, -5), (-4.8623346886842835, 13.951897251108717)),
    ((5, -5, -5), (-4.8623346886842835, 13.951897251108717)),
    ((5, -5, -5), (-4.8623346886842835, 13.951897251108717)),
    ((-5, -5, 5), (-4.8623346886842835, 13.951897251108717)),
    ((5, -5, -5), (-4.8623346886842835, 13.951897251108717)),
    ((-5, 5, -5), (-4.8623346886842835, 13.951897251108717)),
    ((5, -5, 5), (-4.8623346886842835, 7.791492659222152)),
    ((-5, -5, 5), (-4.8623346886842835, 13.951897251108717)),
    ((5, -5, -5), (-4.8623346886842835, 13.951897251108717)),
    ((5, -5, 5), (-4.8623346886842835, 7.791492659222152)),
    ((5, 5, -5), (-4.8623346886842835, 7.791492659222151)),
    ((-5, -5, 5), (-4.8623346886842835, 13.951897251108717)),
    ((5, 5, -5), (-4.8623346886842835, 7.791492659222151)),
    ((5, -5, 5), (-4.8623346886842835, 7.791492659222152)),
    ((-5, 5, 5), (-4.8623346886842835, 7.791492659222152)),
    ((5, -5, -5), (-4.8623346886842835, 13.951897251108717)),
    ((5, 5, 5), (-4.8623346886842835, 1.631088067335587)),
    ((5, -5, 5), (-4.8623346886842835, 7.791492659222152)),
    ((5, 5, -5), (-4.8623346886842835, 7.791492659222151)),
    ((-5, -5, 5), (-4.8623346886842835, 13.951897251108717)),
    ((5, -5, 5), (-4.8623346886842835, 7.791492659222152)),
    ((5, -5, -5), (-4.8623346886842835, 13.951897251108717)),
    ((5, -5, -5), (-4.8623346886842835, 13.951897251108717)),
    ((5, 5, 5), (-4.8623346886842835, 1.631088067335587)),
    ((-5, 5, 5), (-4.8623346886842835, 7.791492659222152)),
    ((-5, 5, 5), (-4.8623346886842835, 7.791492659222152)),
    ((-5, -5, 5), (-4.8623346886842835, 13.951897251108717)),
    ((5, -5, 5), (-4.8623346886842835, 7.791492659222152)),
    ((-5, 5, 5), (-4.8623346886842835, 7.791492659222152)),
    ((-5, 5, -5), (-4.8623346886842835, 13.951897251108717)),
    ((-5, 5, 5), (-4.8623346886842835, 7.791492659222152)),
    ((5, 5, -5), (-4.8623346886842835, 7.791492659222151)),
    ((-5, -5, 5), (-4.8623346886842835, 13.951897251108717)),
    ((-5, 5, -5), (-4.8623346886842835, 13.951897251108717)),
    ((-5, 5, 5), (-4.8623346886842835, 7.791492659222152)),
    ((-5, 5, 5), (-4.8623346886842835, 7.791492659222152)),
    ((-5, 5, 5), (-4.8623346886842835, 7.791492659222152)),
    ((5, 5, -5), (-4.8623346886842835, 7.791492659222151)),
    ((-5, 5, 5), (-4.8623346886842835, 7.791492659222152)),
    ((5, -5, 5), (-4.8623346886842835, 7.791492659222152)),
    ((-5, 5, -5), (-4.8623346886842835, 13.951897251108717)),
    ((5, 5, -5), (-4.8623346886842835, 7.791492659222151)),
    ((-5, 5, 5), (-4.8623346886842835, 7.791492659222152)),
    ((-5, 5, -5), (-4.8623346886842835, 13.951897251108717)),
    ((-5, -5, 5), (-4.8623346886842835, 13.951897251108717)),
    ((5, 5, -5), (-4.8623346886842835, 7.791492659222151)),
    ((-5, -5, 5), (-4.8623346886842835, 13.951897251108717)),
    ((-5, 5, -5), (-4.8623346886842835, 13.951897251108717)),
    ((5, -5, -5), (-4.8623346886842835, 13.951897251108717)),
    ((-5, 5, 5), (-4.8623346886842835, 7.791492659222152)),
    ((-5, -5, -5), (-4.8623346886842835, 20.11230184299528)),
    ((-5, 5, -5), (-4.8623346886842835, 13.951897251108717)),
    ((-5, -5, 5), (-4.8623346886842835, 13.951897251108717)),
    ((5, 5, -5), (-4.8623346886842835, 7.791492659222151)),
    ((-5, 5, -5), (-4.8623346886842835, 13.951897251108717)),
    ((-5, 5, 5), (-4.8623346886842835, 7.791492659222152)),
    ((-5, 5, 5), (-4.8623346886842835, 7.791492659222152)),
    ((-5, -5, -5), (-4.8623346886842835, 20.11230184299528)),
    ((5, -5, -5), (-4.8623346886842835, 13.951897251108717)),
    ((5, -5, -5), (-4.8623346886842835, 13.951897251108717)),
    ((-5, 5, -5), (-4.8623346886842835, 13.951897251108717)),
    ((5, -5, -5), (-4.8623346886842835, 13.951897251108717)),
    ((-5, -5, 5), (-4.8623346886842835, 13.951897251108717)),
    ((5, -5, 5), (-4.8623346886842835, 7.791492659222152)),
    ((5, -5, -5), (-4.8623346886842835, 13.951897251108717)),
    ((-5, -5, 5), (-4.8623346886842835, 13.951897251108717)),
    ((5, 5, -5), (-4.8623346886842835, 7.791492659222151)),
    ((5, -5, 5), (-4.8623346886842835, 7.791492659222152)),
    ((5, -5, -5), (-4.8623346886842835, 13.951897251108717)),
    ((5, -5, -5), (-4.8623346886842835, 13.951897251108717)),
    ((5, -5, -5), (-4.8623346886842835, 13.951897251108717)),
    ((-5, -5, 5), (-4.8623346886842835, 13.951897251108717)),
    ((5, -5, -5), (-4.8623346886842835, 13.951897251108717)),
    ((-5, 5, -5), (-4.8623346886842835, 13.951897251108717)),
    ((5, -5, 5), (-4.8623346886842835, 7.791492659222152)),
    ((-5, -5, 5), (-4.8623346886842835, 13.951897251108717)),
    ((5, -5, -5), (-4.8623346886842835, 13.951897251108717)),
    ((5, -5, 5), (-4.8623346886842835, 7.791492659222152)),
    ((5, 5, -5), (-4.8623346886842835, 7.791492659222151)),
    ((-5, -5, 5), (-4.8623346886842835, 13.951897251108717)),
    ((5, 5, -5), (-4.8623346886842835, 7.791492659222151)),
    ((5, -5, 5), (-4.8623346886842835, 7.791492659222152)),
    ((-5, 5, 5), (-4.8623346886842835, 7.791492659222152)),
    ((5, -5, -5), (-4.8623346886842835, 13.951897251108717)),
    ((5, 5, 5), (-4.8623346886842835, 1.631088067335587)),
    ((5, -5, 5), (-4.8623346886842835, 7.791492659222152)),
    ((5, 5, -5), (-4.8623346886842835, 7.791492659222151)),
    ((-5, -5, 5), (-4.8623346886842835, 13.951897251108717)),
    ((5, -5, 5), (-4.8623346886842835, 7.791492659222152)),
    ((5, -5, -5), (-4.8623346886842835, 13.951897251108717)),
    ((5, -5, -5), (-4.8623346886842835, 13.951897251108717)),
    ((5, 5, 5), (-4.8623346886842835, 1.631088067335587)),
    ((-5, 5, 5), (-4.8623346886842835, 7.791492659222152)),
    ((-5, 5, 5), (-4.8623346886842835, 7.791492659222152)),
    ((-5, -5, 5), (-4.8623346886842835, 13.951897251108717)),
    ((5, -5, 5), (-4.8623346886842835, 7.791492659222152)),
    ((-5, 5, 5), (-4.8623346886842835, 7.791492659222152)),
    ((-5, 5, -5), (-4.8623346886842835, 13.951897251108717)),
    ((-5, 5, 5), (-4.8623346886842835, 7.791492659222152)),
    ((5, 5, -5), (-4.8623346886842835, 7.791492659222151)),
    ((-5, -5, 5), (-4.8623346886842835, 13.951897251108717)),
    ((-5, 5, -5), (-4.8623346886842835, 13.951897251108717)),
    ((-5, 5, 5), (-4.8623346886842835, 7.791492659222152)),
    ((-5, 5, 5), (-4.8623346886842835, 7.791492659222152)),
    ((-5, 5, 5), (-4.8623346886842835, 7.791492659222152)),
    ((5, 5, -5), (-4.8623346886842835, 7.791492659222151)),
    ((-5, 5, 5), (-4.8623346886842835, 7.791492659222152)),
    ((5, -5, 5), (-4.8623346886842835, 7.791492659222152)),
    ((-5, 5, -5), (-4.8623346886842835, 13.951897251108717)),
    ((5, 5, -5), (-4.8623346886842835, 7.791492659222151)),
    ((-5, 5, 5), (-4.8623346886842835, 7.791492659222152)),
    ((-5, 5, -5), (-4.8623346886842835, 13.951897251108717)),
    ((-5, -5, 5), (-4.8623346886842835, 13.951897251108717)),
    ((5, 5, -5), (-4.8623346886842835, 7.791492659222151)),
    ((-5, -5, 5), (-4.8623346886842835, 13.951897251108717)),
    ((-5, 5, -5), (-4.8623346886842835, 13.951897251108717)),
    ((5, -5, -5), (-4.8623346886842835, 13.951897251108717)),
    ((-5, 5, 5), (-4.8623346886842835, 7.791492659222152)),
    ((-5, -5, -5), (-4.8623346886842835, 20.11230184299528)),
    ((-5, 5, -5), (-4.8623346886842835, 13.951897251108717)),
    ((-5, -5, 5), (-4.8623346886842835, 13.951897251108717)),
    ((5, 5, -5), (-4.8623346886842835, 7.791492659222151)),
    ((-5, 5, -5), (-4.8623346886842835, 13.951897251108717)),
    ((-5, 5, 5), (-4.8623346886842835, 7.791492659222152)),
    ((-5, 5, 5), (-4.8623346886842835, 7.791492659222152)),
    ((-5, -5, -5), (-4.8623346886842835, 20.11230184299528)),
    ((5, -5, -5), (-4.8623346886842835, 13.951897251108717)),
    ((5, -5, -5), (-4.8623346886842835, 13.951897251108717)),
    ((-5, 5, -5), (-4.8623346886842835, 13.951897251108717)),
    ((5, -5, -5), (-4.8623346886842835, 13.951897251108717)),
    ((-5, -5, 5), (-4.8623346886842835, 13.951897251108717)),
    ((5, -5, 5), (-4.8623346886842835, 7.791492659222152)),
    ((5, -5, -5), (-4.8623346886842835, 13.951897251108717)),
    ((-5, -5, 5), (-4.8623346886842835, 13.951897251108717)),
    ((5, 5, -5), (-4.8623346886842835, 7.791492659222151)),
    ((5, -5, 5), (-4.8623346886842835, 7.791492659222152)),
    ((5, -5, -5), (-4.8623346886842835, 13.951897251108717)),
    ((5, -5, -5), (-4.8623346886842835, 13.951897251108717)),
    ((5, -5, -5), (-4.8623346886842835, 13.951897251108717)),
    ((-5, -5, 5), (-4.8623346886842835, 13.951897251108717)),
    ((5, -5, -5), (-4.8623346886842835, 13.951897251108717)),
    ((-5, 5, -5), (-4.8623346886842835, 13.951897251108717)),
    ((5, -5, 5), (-4.8623346886842835, 7.791492659222152)),
    ((-5, -5, 5), (-4.8623346886842835, 13.951897251108717)),
    ((5, -5, -5), (-4.8623346886842835, 13.951897251108717)),
    ((5, -5, 5), (-4.8623346886842835, 7.791492659222152)),
    ((5, 5, -5), (-4.8623346886842835, 7.791492659222151)),
    ((-5, -5, 5), (-4.8623346886842835, 13.951897251108717)),
    ((5, 5, -5), (-4.8623346886842835, 7.791492659222151)),
    ((5, -5, 5), (-4.8623346886842835, 7.791492659222152)),
    ((-5, 5, 5), (-4.8623346886842835, 7.791492659222152)),
    ((5, -5, -5), (-4.8623346886842835, 13.951897251108717)),
    ((5, 5, 5), (-4.8623346886842835, 1.631088067335587)),
    ((5, -5, 5), (-4.8623346886842835, 7.791492659222152)),
    ((5, 5, -5), (-4.8623346886842835, 7.791492659222151)),
    ((-5, -5, 5), (-4.8623346886842835, 13.951897251108717)),
    ((5, -5, 5), (-4.8623346886842835, 7.791492659222152)),
    ((5, -5, -5), (-4.8623346886842835, 13.951897251108717)),
    ((5, -5, -5), (-4.8623346886842835, 13.951897251108717)),
    ((5, 5, 5), (-4.8623346886842835, 1.631088067335587)),
    ((-5, 5, 5), (-4.8623346886842835, 7.791492659222152)),
    ((-5, 5, 5), (-4.8623346886842835, 7.791492659222152)),
    ((-5, -5, 5), (-4.8623346886842835, 13.951897251108717)),
    ((5, -5, 5), (-4.8623346886842835, 7.791492659222152)),
    ((-5, 5, 5), (-4.8623346886842835, 7.791492659222152)),
    ((-5, 5, -5), (-4.8623346886842835, 13.951897251108717)),
    ((-5, 5, 5), (-4.8623346886842835, 7.791492659222152)),
    ((5, 5, -5), (-4.8623346886842835, 7.791492659222151)),
    ((-5, -5, 5), (-4.8623346886842835, 13.951897251108717)),
    ((-5, 5, -5), (-4.8623346886842835, 13.951897251108717)),
    ((-5, 5, 5), (-4.8623346886842835, 7.791492659222152)),
    ((-5, 5, 5), (-4.8623346886842835, 7.791492659222152)),
    ((-5, 5, 5), (-4.8623346886842835, 7.791492659222152)),
    ((5, 5, -5), (-4.8623346886842835, 7.791492659222151)),
    ((-5, 5, 5), (-4.8623346886842835, 7.791492659222152)),
    ((5, -5, 5), (-4.8623346886842835, 7.791492659222152)),
    ((-5, 5, -5), (-4.8623346886842835, 13.951897251108717)),
    ((5, 5, -5), (-4.8623346886842835, 7.791492659222151)),
    ((-5, 5, 5), (-4.8623346886842835, 7.791492659222152)),
    ((-5, 5, -5), (-4.8623346886842835, 13.951897251108717)),
    ((-5, -5, 5), (-4.8623346886842835, 13.951897251108717)),
    ((5, 5, -5), (-4.8623346886842835, 7.791492659222151)),
    ((-5, -5, 5), (-4.8623346886842835, 13.951897251108717)),
    ((-5, 5, -5), (-4.8623346886842835, 13.951897251108717)),
    ((5, -5, -5), (-4.8623346886842835, 13.951897251108717)),
    ((-5, 5, 5), (-4.8623346886842835, 7.791492659222152)),
    ((-5, -5, -5), (-4.8623346886842835, 20.11230184299528)),
    ((-5, 5, -5), (-4.8623346886842835, 13.951897251108717)),
    ((-5, -5, 5), (-4.8623346886842835, 13.951897251108717)),
    ((5, 5, -5), (-4.8623346886842835, 7.791492659222151)),
    ((-5, 5, -5), (-4.8623346886842835, 13.951897251108717)),
    ((-5, 5, 5), (-4.8623346886842835, 7.791492659222152)),
    ((-5, 5, 5), (-4.8623346886842835, 7.791492659222152)),
    ((-5, -5, -5), (-4.8623346886842835, 20.11230184299528)),
    ((5, -5, -5), (-4.8623346886842835, 13.951897251108717)),
    ((5, -5, -5), (-4.8623346886842835, 13.951897251108717)),
    ((-5, 5, -5), (-4.8623346886842835, 13.951897251108717)),
    ((5, -5, -5), (-4.8623346886842835, 13.951897251108717)),
    ((-5, -5, 5), (-4.8623346886842835, 13.951897251108717)),
    ((5, -5, 5), (-4.8623346886842835, 7.791492659222152)),
    ((5, -5, -5), (-4.8623346886842835, 13.951897251108717)),
    ((-5, -5, 5), (-4.8623346886842835, 13.951897251108717)),
    ((5, 5, -5), (-4.8623346886842835, 7.791492659222151)),
    ((5, -5, 5), (-4.8623346886842835, 7.791492659222152)),
    ((5, -5, -5), (-4.8623346886842835, 13.951897251108717)),
    ((5, -5, -5), (-4.8623346886842835, 13.951897251108717)),
    ((5, -5, -5), (-4.8623346886842835, 13.951897251108717)),
    ((-5, -5, 5), (-4.8623346886842835, 13.951897251108717)),
    ((5, -5, -5), (-4.8623346886842835, 13.951897251108717)),
    ((-5, 5, -5), (-4.8623346886842835, 13.951897251108717)),
    ((5, -5, 5), (-4.8623346886842835, 7.791492659222152)),
    ((-5, -5, 5), (-4.8623346886842835, 13.951897251108717)),
    ((5, -5, -5), (-4.8623346886842835, 13.951897251108717)),
    ((5, -5, 5), (-4.8623346886842835, 7.791492659222152)),
    ((5, 5, -5), (-4.8623346886842835, 7.791492659222151)),
    ((-5, -5, 5), (-4.8623346886842835, 13.951897251108717)),
    ((5, 5, -5), (-4.8623346886842835, 7.791492659222151)),
    ((5, -5, 5), (-4.8623346886842835, 7.791492659222152)),
    ((-5, 5, 5), (-4.8623346886842835, 7.791492659222152)),
    ((5, -5, -5), (-4.8623346886842835, 13.951897251108717)),
    ((5, 5, 5), (-4.8623346886842835, 1.631088067335587)),
    ((5, -5, 5), (-4.8623346886842835, 7.791492659222152)),
    ((5, 5, -5), (-4.8623346886842835, 7.791492659222151)),
    ((-5, -5, 5), (-4.8623346886842835, 13.951897251108717)),
    ((5, -5, 5), (-4.8623346886842835, 7.791492659222152)),
    ((5, -5, -5), (-4.8623346886842835, 13.951897251108717)),
    ((5, -5, -5), (-4.8623346886842835, 13.951897251108717)),
    ((5, 5, 5), (-4.8623346886842835, 1.631088067335587)),
    ((-5, 5, 5), (-4.8623346886842835, 7.791492659222152)),
    ((-5, 5, 5), (-4.8623346886842835, 7.791492659222152)),
    ((-5, -5, 5), (-4.8623346886842835, 13.951897251108717)),
    ((5, -5, 5), (-4.8623346886842835, 7.791492659222152)),
    ((-5, 5, 5), (-4.8623346886842835, 7.791492659222152)),
    ((-5, 5, -5), (-4.8623346886842835, 13.951897251108717)),
    ((-5, 5, 5), (-4.8623346886842835, 7.791492659222152)),
    ((5, 5, -5), (-4.8623346886842835, 7.791492659222151)),
    ((-5, -5, 5), (-4.8623346886842835, 13.951897251108717)),
    ((-5, 5, -5), (-4.8623346886842835, 13.951897251108717)),
    ((-5, 5, 5), (-4.8623346886842835, 7.791492659222152)),
    ((-5, 5, 5), (-4.8623346886842835, 7.791492659222152)),
    ((-5, 5, 5), (-4.8623346886842835, 7.791492659222152)),
    ((5, 5, -5), (-4.8623346886842835, 7.791492659222151)),
    ((-5, 5, 5), (-4.8623346886842835, 7.791492659222152)),
    ((5, -5, 5), (-4.8623346886842835, 7.791492659222152)),
    ((-5, 5, -5), (-4.8623346886842835, 13.951897251108717)),
    ((5, 5, -5), (-4.8623346886842835, 7.791492659222151)),
    ((-5, 5, 5), (-4.8623346886842835, 7.791492659222152)),
    ((-5, 5, -5), (-4.8623346886842835, 13.951897251108717)),
    ((-5, -5, 5), (-4.8623346886842835, 13.951897251108717)),
    ((5, 5, -5), (-4.8623346886842835, 7.791492659222151)),
    ((-5, -5, 5), (-4.8623346886842835, 13.951897251108717)),
    ((-5, 5, -5), (-4.8623346886842835, 13.951897251108717)),
    ((5, -5, -5), (-4.8623346886842835, 13.951897251108717)),
    ((-5, 5, 5), (-4.8623346886842835, 7.791492659222152)),
    ((-5, -5, -5), (-4.8623346886842835, 20.11230184299528)),
    ((-5, 5, -5), (-4.8623346886842835, 13.951897251108717)),
    ((-5, -5, 5), (-4.8623346886842835, 13.951897251108717)),
    ((5, 5, -5), (-4.8623346886842835, 7.791492659222151)),
    ((-5, 5, -5), (-4.8623346886842835, 13.951897251108717)),
    ((-5, 5, 5), (-4.8623346886842835, 7.791492659222152)),
    ((-5, 5, 5), (-4.8623346886842835, 7.791492659222152)),
    ((-5, -5, -5), (-4.8623346886842835, 20.11230184299528)),
    ((5, -5, -5), (-4.8623346886842835, 13.951897251108717)),
    ((5, -5, -5), (-4.8623346886842835, 13.951897251108717)),
    ((5, -5, -5), (-4.8623346886842835, 13.951897251108717)),
    ((-5, -5, 5), (-4.8623346886842835, 13.951897251108717)),
    ((5, -5, 5), (-4.8623346886842835, 7.791492659222152)),
    ((5, -5, -5), (-4.8623346886842835, 13.951897251108717)),
    ((-5, -5, 5), (-4.8623346886842835, 13.951897251108717)),
    ((5, 5, -5), (-4.8623346886842835, 7.791492659222151)),
    ((5, -5, 5), (-4.8623346886842835, 7.791492659222152)),
    ((5, -5, -5), (-4.8623346886842835, 13.951897251108717)),
    ((5, -5, -5), (-4.8623346886842835, 13.951897251108717)),
    ((5, -5, -5), (-4.8623346886842835, 13.951897251108717)),
    ((-5, -5, 5), (-4.8623346886842835, 13.951897251108717)),
    ((5, -5, -5), (-4.8623346886842835, 13.951897251108717)),
    ((-5, 5, -5), (-4.8623346886842835, 13.951897251108717)),
    ((5, -5, 5), (-4.8623346886842835, 7.791492659222152)),
    ((-5, -5, 5), (-4.8623346886842835, 13.951897251108717)),
    ((5, -5, -5), (-4.8623346886842835, 13.951897251108717)),
    ((5, -5, 5), (-4.8623346886842835, 7.791492659222152)),
    ((-5, -5, 5), (-4.8623346886842835, 13.951897251108717)),
    ((5, 5, -5), (-4.8623346886842835, 7.791492659222151)),
    ((5, -5, 5), (-4.8623346886842835, 7.791492659222152)),
    ((-5, 5, 5), (-4.8623346886842835, 7.791492659222152)),
    ((5, -5, -5), (-4.8623346886842835, 13.951897251108717)),
    ((5, 5, 5), (-4.8623346886842835, 1.631088067335587)),
    ((5, -5, 5), (-4.8623346886842835, 7.791492659222152)),
    ((5, 5, -5), (-4.8623346886842835, 7.791492659222151)),
    ((-5, -5, 5), (-4.8623346886842835, 13.951897251108717)),
    ((5, -5, 5), (-4.8623346886842835, 7.791492659222152)),
    ((5, -5, -5), (-4.8623346886842835, 13.951897251108717)),
    ((5, -5, -5), (-4.8623346886842835, 13.951897251108717)),
    ((5, 5, 5), (-4.8623346886842835, 1.631088067335587)),
    ((-5, 5, 5), (-4.8623346886842835, 7.791492659222152)),
    ((-5, 5, 5), (-4.8623346886842835, 7.791492659222152)),
    ((-5, 5, 5), (-4.8623346886842835, 7.791492659222152)),
    ((-5, 5, -5), (-4.8623346886842835, 13.951897251108717)),
    ((-5, 5, 5), (-4.8623346886842835, 7.791492659222152)),
    ((5, 5, -5), (-4.8623346886842835, 7.791492659222151)),
    ((-5, -5, 5), (-4.8623346886842835, 13.951897251108717)),
    ((-5, 5, -5), (-4.8623346886842835, 13.951897251108717)),
    ((-5, 5, 5), (-4.8623346886842835, 7.791492659222152)),
    ((-5, 5, 5), (-4.8623346886842835, 7.791492659222152)),
    ((-5, 5, 5), (-4.8623346886842835, 7.791492659222152)),
    ((5, 5, -5), (-4.8623346886842835, 7.791492659222151)),
    ((-5, 5, 5), (-4.8623346886842835, 7.791492659222152)),
    ((5, -5, 5), (-4.8623346886842835, 7.791492659222152)),
    ((-5, 5, -5), (-4.8623346886842835, 13.951897251108717)),
    ((5, 5, -5), (-4.8623346886842835, 7.791492659222151)),
    ((-5, 5, 5), (-4.8623346886842835, 7.791492659222152)),
    ((-5, 5, -5), (-4.8623346886842835, 13.951897251108717)),
    ((-5, -5, -5), (-4.8623346886842835, 20.11230184299528)),
    ((5, 5, -5), (-4.8623346886842835, 7.791492659222151)),
    ((-5, -5, 5), (-4.8623346886842835, 13.951897251108717)),
    ((-5, 5, -5), (-4.8623346886842835, 13.951897251108717)),
    ((5, -5, -5), (-4.8623346886842835, 13.951897251108717)),
    ((-5, 5, 5), (-4.8623346886842835, 7.791492659222152)),
    ((-5, -5, -5), (-4.8623346886842835, 20.11230184299528)),
    ((-5, 5, -5), (-4.8623346886842835, 13.951897251108717)),
    ((-5, -5, 5), (-4.8623346886842835, 13.951897251108717)),
    ((5, 5, -5), (-4.8623346886842835, 7.791492659222151)),
    ((-5, 5, -5), (-4.8623346886842835, 13.951897251108717)),
    ((-5, 5, 5), (-4.8623346886842835, 7.791492659222152)),
    ((-5, 5, 5), (-4.8623346886842835, 7.791492659222152)),
    ((-5, -5, -5), (-4.8623346886842835, 20.11230184299528)),
    ((5, -5, -5), (-4.8623346886842835, 13.951897251108717)),
    ((5, -5, -5), (-4.8623346886842835, 13.951897251108717)),
    ((5, -5, -5), (-4.8623346886842835, 13.951897251108717)),
    ((-5, -5, 5), (-4.8623346886842835, 13.951897251108717)),
    ((5, -5, 5), (-4.8623346886842835, 7.791492659222152)),
    ((5, -5, -5), (-4.8623346886842835, 13.951897251108717)),
    ((-5, -5, 5), (-4.8623346886842835, 13.951897251108717)),
    ((5, 5, -5), (-4.8623346886842835, 7.791492659222151)),
    ((5, -5, 5), (-4.8623346886842835, 7.791492659222152)),
    ((5, -5, -5), (-4.8623346886842835, 13.951897251108717)),
    ((5, -5, -5), (-4.8623346886842835, 13.951897251108717)),
    ((5, -5, -5), (-4.8623346886842835, 13.951897251108717)),
    ((-5, -5, 5), (-4.8623346886842835, 13.951897251108717)),
    ((5, -5, -5), (-4.8623346886842835, 13.951897251108717)),
    ((-5, 5, -5), (-4.8623346886842835, 13.951897251108717)),
    ((5, -5, 5), (-4.8623346886842835, 7.791492659222152)),
    ((-5, -5, 5), (-4.8623346886842835, 13.951897251108717)),
    ((5, -5, -5), (-4.8623346886842835, 13.951897251108717)),
    ((5, -5, 5), (-4.8623346886842835, 7.791492659222152)),
    ((-5, -5, 5), (-4.8623346886842835, 13.951897251108717)),
    ((5, 5, -5), (-4.8623346886842835, 7.791492659222151)),
    ((5, -5, 5), (-4.8623346886842835, 7.791492659222152)),
    ((-5, 5, 5), (-4.8623346886842835, 7.791492659222152)),
    ((5, -5, -5), (-4.8623346886842835, 13.951897251108717)),
    ((5, 5, 5), (-4.8623346886842835, 1.631088067335587)),
    ((5, -5, 5), (-4.8623346886842835, 7.791492659222152)),
    ((5, 5, -5), (-4.8623346886842835, 7.791492659222151)),
    ((-5, -5, 5), (-4.8623346886842835, 13.951897251108717)),
    ((5, -5, 5), (-4.8623346886842835, 7.791492659222152)),
    ((5, -5, -5), (-4.8623346886842835, 13.951897251108717)),
    ((5, 5, 5), (-4.8623346886842835, 1.631088067335587)),
    ((-5, 5, 5), (-4.8623346886842835, 7.791492659222152)),
    ((-5, 5, 5), (-4.8623346886842835, 7.791492659222152)),
    ((-5, 5, 5), (-4.8623346886842835, 7.791492659222152)),
    ((-5, 5, -5), (-4.8623346886842835, 13.951897251108717)),
    ((-5, 5, 5), (-4.8623346886842835, 7.791492659222152)),
    ((5, 5, -5), (-4.8623346886842835, 7.791492659222151)),
    ((-5, -5, 5), (-4.8623346886842835, 13.951897251108717)),
    ((-5, 5, -5), (-4.8623346886842835, 13.951897251108717)),
    ((-5, 5, 5), (-4.8623346886842835, 7.791492659222152)),
    ((-5, 5, 5), (-4.8623346886842835, 7.791492659222152)),
    ((-5, 5, 5), (-4.8623346886842835, 7.791492659222152)),
    ((5, 5, -5), (-4.8623346886842835, 7.791492659222151)),
    ((-5, 5, 5), (-4.8623346886842835, 7.791492659222152)),
    ((5, -5, 5), (-4.8623346886842835, 7.791492659222152)),
    ((-5, 5, -5), (-4.8623346886842835, 13.951897251108717)),
    ((5, 5, -5), (-4.8623346886842835, 7.791492659222151)),
    ((-5, 5, 5), (-4.8623346886842835, 7.791492659222152)),
    ((-5, 5, -5), (-4.8623346886842835, 13.951897251108717)),
    ((5, 5, -5), (-4.8623346886842835, 7.791492659222151)),
    ((-5, -5, 5), (-4.8623346886842835, 13.951897251108717)),
    ((-5, 5, -5), (-4.8623346886842835, 13.951897251108717)),
    ((5, -5, -5), (-4.8623346886842835, 13.951897251108717)),
    ((-5, 5, 5), (-4.8623346886842835, 7.791492659222152)),
    ((-5, -5, -5), (-4.8623346886842835, 20.11230184299528)),
    ((-5, 5, -5), (-4.8623346886842835, 13.951897251108717)),
    ((-5, -5, 5), (-4.8623346886842835, 13.951897251108717)),
    ((5, 5, -5), (-4.8623346886842835, 7.791492659222151)),
    ((-5, 5, -5), (-4.8623346886842835, 13.951897251108717)),
    ((-5, 5, 5), (-4.8623346886842835, 7.791492659222152)),
    ((-5, -5, -5), (-4.8623346886842835, 20.11230184299528)),
    ((5, -5, -5), (-4.8623346886842835, 13.951897251108717)),
    ((5, -5, -5), (-4.8623346886842835, 13.951897251108717)),
    ((5, -5, -5), (-4.8623346886842835, 13.951897251108717)),
    ((-5, -5, 5), (-4.8623346886842835, 13.951897251108717)),
    ((5, -5, 5), (-4.8623346886842835, 7.791492659222152)),
    ((5, -5, -5), (-4.8623346886842835, 13.951897251108717)),
    ((-5, -5, 5), (-4.8623346886842835, 13.951897251108717)),
    ((5, -5, 5), (-4.8623346886842835, 7.791492659222152)),
    ((5, -5, -5), (-4.8623346886842835, 13.951897251108717)),
    ((5, -5, -5), (-4.8623346886842835, 13.951897251108717)),
    ((5, -5, -5), (-4.8623346886842835, 13.951897251108717)),
    ((-5, -5, 5), (-4.8623346886842835, 13.951897251108717)),
    ((5, -5, -5), (-4.8623346886842835, 13.951897251108717)),
    ((-5, 5, -5), (-4.8623346886842835, 13.951897251108717)),
    ((5, -5, 5), (-4.8623346886842835, 7.791492659222152)),
    ((-5, -5, 5), (-4.8623346886842835, 13.951897251108717)),
    ((5, -5, -5), (-4.8623346886842835, 13.951897251108717)),
    ((-5, -5, 5), (-4.8623346886842835, 13.951897251108717)),
    ((5, 5, -5), (-4.8623346886842835, 7.791492659222151)),
    ((5, -5, 5), (-4.8623346886842835, 7.791492659222152)),
    ((-5, 5, 5), (-4.8623346886842835, 7.791492659222152)),
    ((5, -5, -5), (-4.8623346886842835, 13.951897251108717)),
    ((5, 5, 5), (-4.8623346886842835, 1.631088067335587)),
    ((5, 5, -5), (-4.8623346886842835, 7.791492659222151)),
    ((-5, -5, 5), (-4.8623346886842835, 13.951897251108717)),
    ((5, -5, 5), (-4.8623346886842835, 7.791492659222152)),
    ((5, -5, -5), (-4.8623346886842835, 13.951897251108717)),
    ((5, 5, 5), (-4.8623346886842835, 1.631088067335587)),
    ((-5, 5, 5), (-4.8623346886842835, 7.791492659222152)),
    ((-5, 5, 5), (-4.8623346886842835, 7.791492659222152)),
    ((-5, 5, 5), (-4.8623346886842835, 7.791492659222152)),
    ((-5, 5, -5), (-4.8623346886842835, 13.951897251108717)),
    ((-5, 5, 5), (-4.8623346886842835, 7.791492659222152)),
    ((5, 5, -5), (-4.8623346886842835, 7.791492659222151)),
    ((-5, -5, 5), (-4.8623346886842835, 13.951897251108717)),
    ((-5, 5, -5), (-4.8623346886842835, 13.951897251108717)),
    ((-5, 5, 5), (-4.8623346886842835, 7.791492659222152)),
    ((-5, 5, 5), (-4.8623346886842835, 7.791492659222152)),
    ((5, 5, -5), (-4.8623346886842835, 7.791492659222151)),
    ((-5, 5, 5), (-4.8623346886842835, 7.791492659222152)),
    ((5, -5, 5), (-4.8623346886842835, 7.791492659222152)),
    ((-5, 5, -5), (-4.8623346886842835, 13.951897251108717)),
    ((5, 5, -5), (-4.8623346886842835, 7.791492659222151)),
    ((-5, 5, 5), (-4.8623346886842835, 7.791492659222152)),
    ((5, 5, -5), (-4.8623346886842835, 7.791492659222151)),
    ((-5, -5, 5), (-4.8623346886842835, 13.951897251108717)),
    ((-5, 5, -5), (-4.8623346886842835, 13.951897251108717)),
    ((5, -5, -5), (-4.8623346886842835, 13.951897251108717)),
    ((-5, 5, 5), (-4.8623346886842835, 7.791492659222152)),
    ((-5, -5, -5), (-4.8623346886842835, 20.11230184299528)),
    ((-5, -5, 5), (-4.8623346886842835, 13.951897251108717)),
    ((5, 5, -5), (-4.8623346886842835, 7.791492659222151)),
    ((-5, 5, -5), (-4.8623346886842835, 13.951897251108717)),
    ((-5, 5, 5), (-4.8623346886842835, 7.791492659222152)),
    ((-5, -5, -5), (-4.8623346886842835, 20.11230184299528)),
    ((5, -5, -5), (-4.8623346886842835, 13.951897251108717)),
    ((5, -5, -5), (-4.8623346886842835, 13.951897251108717)),
    ((5, -5, -5), (-4.8623346886842835, 13.951897251108717)),
    ((-5, -5, 5), (-4.8623346886842835, 13.951897251108717)),
    ((5, -5, 5), (-4.8623346886842835, 7.791492659222152)),
    ((5, -5, -5), (-4.8623346886842835, 13.951897251108717)),
    ((-5, -5, 5), (-4.8623346886842835, 13.951897251108717)),
    ((5, -5, 5), (-4.8623346886842835, 7.791492659222152)),
    ((5, -5, -5), (-4.8623346886842835, 13.951897251108717)),
    ((5, -5, -5), (-4.8623346886842835, 13.951897251108717)),
    ((-5, -5, 5), (-4.8623346886842835, 13.951897251108717)),
    ((5, -5, -5), (-4.8623346886842835, 13.951897251108717)),
    ((-5, 5, -5), (-4.8623346886842835, 13.951897251108717)),
    ((5, -5, 5), (-4.8623346886842835, 7.791492659222152)),
    ((-5, -5, 5), (-4.8623346886842835, 13.951897251108717)),
    ((5, -5, -5), (-4.8623346886842835, 13.951897251108717)),
    ((-5, -5, 5), (-4.8623346886842835, 13.951897251108717)),
    ((5, 5, -5), (-4.8623346886842835, 7.791492659222151)),
    ((5, -5, 5), (-4.8623346886842835, 7.791492659222152)),
    ((-5, 5, 5), (-4.8623346886842835, 7.791492659222152)),
    ((5, -5, -5), (-4.8623346886842835, 13.951897251108717)),
    ((5, 5, 5), (-4.8623346886842835, 1.631088067335587)),
    ((5, 5, -5), (-4.8623346886842835, 7.791492659222151)),
    ((-5, -5, 5), (-4.8623346886842835, 13.951897251108717)),
    ((5, -5, 5), (-4.8623346886842835, 7.791492659222152)),
    ((5, -5, -5), (-4.8623346886842835, 13.951897251108717)),
    ((5, 5, 5), (-4.8623346886842835, 1.631088067335587)),
    ((-5, 5, 5), (-4.8623346886842835, 7.791492659222152)),
    ((-5, 5, 5), (-4.8623346886842835, 7.791492659222152)),
    ((-5, 5, 5), (-4.8623346886842835, 7.791492659222152)),
    ((-5, 5, -5), (-4.8623346886842835, 13.951897251108717)),
    ((-5, 5, 5), (-4.8623346886842835, 7.791492659222152)),
    ((5, 5, -5), (-4.8623346886842835, 7.791492659222151)),
    ((-5, -5, 5), (-4.8623346886842835, 13.951897251108717)),
    ((-5, 5, -5), (-4.8623346886842835, 13.951897251108717)),
    ((-5, 5, 5), (-4.8623346886842835, 7.791492659222152)),
    ((-5, 5, 5), (-4.8623346886842835, 7.791492659222152)),
    ((5, 5, -5), (-4.8623346886842835, 7.791492659222151)),
    ((-5, 5, 5), (-4.8623346886842835, 7.791492659222152)),
    ((5, -5, 5), (-4.8623346886842835, 7.791492659222152)),
    ((-5, 5, -5), (-4.8623346886842835, 13.951897251108717)),
    ((5, 5, -5), (-4.8623346886842835, 7.791492659222151)),
    ((5, 5, -5), (-4.8623346886842835, 7.791492659222151)),
    ((-5, -5, 5), (-4.8623346886842835, 13.951897251108717)),
    ((-5, 5, -5), (-4.8623346886842835, 13.951897251108717)),
    ((5, -5, -5), (-4.8623346886842835, 13.951897251108717)),
    ((-5, 5, 5), (-4.8623346886842835, 7.791492659222152)),
    ((-5, -5, -5), (-4.8623346886842835, 20.11230184299528)),
    ((-5, -5, 5), (-4.8623346886842835, 13.951897251108717)),
    ((5, 5, -5), (-4.8623346886842835, 7.791492659222151)),
    ((-5, 5, -5), (-4.8623346886842835, 13.951897251108717)),
    ((-5, 5, 5), (-4.8623346886842835, 7.791492659222152)),
    ((-5, -5, -5), (-4.8623346886842835, 20.11230184299528)),
    ((5, -5, -5), (-4.8623346886842835, 13.951897251108717)),
    ((5, -5, -5), (-4.8623346886842835, 13.951897251108717)),
    ((5, -5, -5), (-4.8623346886842835, 13.951897251108717)),
    ((-5, -5, 5), (-4.8623346886842835, 13.951897251108717)),
    ((5, -5, 5), (-4.8623346886842835, 7.791492659222152)),
    ((5, -5, -5), (-4.8623346886842835, 13.951897251108717)),
    ((-5, -5, 5), (-4.8623346886842835, 13.951897251108717)),
    ((5, -5, 5), (-4.8623346886842835, 7.791492659222152)),
    ((5, -5, -5), (-4.8623346886842835, 13.951897251108717)),
    ((5, -5, -5), (-4.8623346886842835, 13.951897251108717)),
    ((-5, -5, 5), (-4.8623346886842835, 13.951897251108717)),
    ((5, -5, -5), (-4.8623346886842835, 13.951897251108717)),
    ((-5, 5, -5), (-4.8623346886842835, 13.951897251108717)),
    ((5, -5, 5), (-4.8623346886842835, 7.791492659222152)),
    ((-5, -5, 5), (-4.8623346886842835, 13.951897251108717)),
    ((-5, -5, 5), (-4.8623346886842835, 13.951897251108717)),
    ((5, 5, -5), (-4.8623346886842835, 7.791492659222151)),
    ((5, -5, 5), (-4.8623346886842835, 7.791492659222152)),
    ((-5, 5, 5), (-4.8623346886842835, 7.791492659222152)),
    ((5, -5, -5), (-4.8623346886842835, 13.951897251108717)),
    ((5, 5, 5), (-4.8623346886842835, 1.631088067335587)),
    ((5, 5, -5), (-4.8623346886842835, 7.791492659222151)),
    ((-5, -5, 5), (-4.8623346886842835, 13.951897251108717)),
    ((5, -5, 5), (-4.8623346886842835, 7.791492659222152)),
    ((5, -5, -5), (-4.8623346886842835, 13.951897251108717)),
    ((5, 5, 5), (-4.8623346886842835, 1.631088067335587)),
    ((-5, 5, 5), (-4.8623346886842835, 7.791492659222152)),
    ((-5, 5, 5), (-4.8623346886842835, 7.791492659222152)),
    ((-5, 5, 5), (-4.8623346886842835, 7.791492659222152)),
    ((-5, 5, 5), (-4.8623346886842835, 7.791492659222152)),
    ((5, 5, -5), (-4.8623346886842835, 7.791492659222151)),
    ((-5, -5, 5), (-4.8623346886842835, 13.951897251108717)),
    ((-5, 5, -5), (-4.8623346886842835, 13.951897251108717)),
    ((-5, 5, 5), (-4.8623346886842835, 7.791492659222152)),
    ((-5, 5, 5), (-4.8623346886842835, 7.791492659222152)),
    ((5, 5, -5), (-4.8623346886842835, 7.791492659222151)),
    ((-5, 5, 5), (-4.8623346886842835, 7.791492659222152)),
    ((5, -5, 5), (-4.8623346886842835, 7.791492659222152)),
    ((-5, 5, -5), (-4.8623346886842835, 13.951897251108717)),
    ((5, 5, -5), (-4.8623346886842835, 7.791492659222151)),
    ((5, 5, -5), (-4.8623346886842835, 7.791492659222151)),
    ((-5, -5, 5), (-4.8623346886842835, 13.951897251108717)),
    ((-5, 5, -5), (-4.8623346886842835, 13.951897251108717)),
    ((5, -5, -5), (-4.8623346886842835, 13.951897251108717)),
    ((-5, 5, 5), (-4.8623346886842835, 7.791492659222152)),
    ((-5, -5, -5), (-4.8623346886842835, 20.11230184299528)),
    ((-5, -5, 5), (-4.8623346886842835, 13.951897251108717)),
    ((5, 5, -5), (-4.8623346886842835, 7.791492659222151)),
    ((-5, 5, -5), (-4.8623346886842835, 13.951897251108717)),
    ((-5, 5, 5), (-4.8623346886842835, 7.791492659222152)),
    ((-5, -5, -5), (-4.8623346886842835, 20.11230184299528)),
    ((5, -5, -5), (-4.8623346886842835, 13.951897251108717)),
    ((5, -5, -5), (-4.8623346886842835, 13.951897251108717)),
    ((5, -5, -5), (-4.8623346886842835, 13.951897251108717)),
    ((-5, -5, 5), (-4.8623346886842835, 13.951897251108717)),
    ((5, -5, -5), (-4.8623346886842835, 13.951897251108717)),
    ((-5, -5, 5), (-4.8623346886842835, 13.951897251108717)),
    ((5, -5, 5), (-4.8623346886842835, 7.791492659222152)),
    ((5, -5, -5), (-4.8623346886842835, 13.951897251108717)),
    ((5, -5, -5), (-4.8623346886842835, 13.951897251108717)),
    ((-5, -5, 5), (-4.8623346886842835, 13.951897251108717)),
    ((5, -5, -5), (-4.8623346886842835, 13.951897251108717)),
    ((-5, 5, -5), (-4.8623346886842835, 13.951897251108717)),
    ((5, -5, 5), (-4.8623346886842835, 7.791492659222152)),
    ((-5, -5, 5), (-4.8623346886842835, 13.951897251108717)),
    ((-5, -5, 5), (-4.8623346886842835, 13.951897251108717)),
    ((5, 5, -5), (-4.8623346886842835, 7.791492659222151)),
    ((5, -5, 5), (-4.8623346886842835, 7.791492659222152)),
    ((-5, 5, 5), (-4.8623346886842835, 7.791492659222152)),
    ((5, -5, -5), (-4.8623346886842835, 13.951897251108717)),
    ((5, 5, -5), (-4.8623346886842835, 7.791492659222151)),
    ((-5, -5, 5), (-4.8623346886842835, 13.951897251108717)),
    ((5, -5, 5), (-4.8623346886842835, 7.791492659222152)),
    ((5, -5, -5), (-4.8623346886842835, 13.951897251108717)),
    ((5, 5, 5), (-4.8623346886842835, 1.631088067335587)),
    ((-5, 5, 5), (-4.8623346886842835, 7.791492659222152)),
    ((-5, 5, 5), (-4.8623346886842835, 7.791492659222152)),
    ((-5, 5, 5), (-4.8623346886842835, 7.791492659222152)),
    ((5, 5, -5), (-4.8623346886842835, 7.791492659222151)),
    ((-5, 5, -5), (-4.8623346886842835, 13.951897251108717)),
    ((-5, 5, 5), (-4.8623346886842835, 7.791492659222152)),
    ((-5, 5, 5), (-4.8623346886842835, 7.791492659222152)),
    ((5, 5, -5), (-4.8623346886842835, 7.791492659222151)),
    ((-5, 5, 5), (-4.8623346886842835, 7.791492659222152)),
    ((5, -5, 5), (-4.8623346886842835, 7.791492659222152)),
    ((-5, 5, -5), (-4.8623346886842835, 13.951897251108717)),
    ((5, 5, -5), (-4.8623346886842835, 7.791492659222151)),
    ((5, 5, -5), (-4.8623346886842835, 7.791492659222151)),
    ((-5, -5, 5), (-4.8623346886842835, 13.951897251108717)),
    ((-5, 5, -5), (-4.8623346886842835, 13.951897251108717)),
    ((5, -5, -5), (-4.8623346886842835, 13.951897251108717)),
    ((-5, 5, 5), (-4.8623346886842835, 7.791492659222152)),
    ((-5, -5, 5), (-4.8623346886842835, 13.951897251108717)),
    ((5, 5, -5), (-4.8623346886842835, 7.791492659222151)),
    ((-5, 5, -5), (-4.8623346886842835, 13.951897251108717)),
    ((-5, 5, 5), (-4.8623346886842835, 7.791492659222152)),
    ((-5, -5, -5), (-4.8623346886842835, 20.11230184299528)),
    ((5, -5, -5), (-4.8623346886842835, 13.951897251108717)),
    ((5, -5, -5), (-4.8623346886842835, 13.951897251108717)),
    ((-5, -5, 5), (-4.8623346886842835, 13.951897251108717)),
    ((5, -5, -5), (-4.8623346886842835, 13.951897251108717)),
    ((-5, -5, 5), (-4.8623346886842835, 13.951897251108717)),
    ((5, -5, 5), (-4.8623346886842835, 7.791492659222152)),
    ((5, -5, -5), (-4.8623346886842835, 13.951897251108717)),
    ((5, -5, -5), (-4.8623346886842835, 13.951897251108717)),
    ((5, -5, -5), (-4.8623346886842835, 13.951897251108717)),
    ((-5, 5, -5), (-4.8623346886842835, 13.951897251108717)),
    ((5, -5, 5), (-4.8623346886842835, 7.791492659222152)),
    ((-5, -5, 5), (-4.8623346886842835, 13.951897251108717)),
    ((-5, -5, 5), (-4.8623346886842835, 13.951897251108717)),
    ((5, -5, 5), (-4.8623346886842835, 7.791492659222152)),
    ((-5, 5, 5), (-4.8623346886842835, 7.791492659222152)),
    ((5, -5, -5), (-4.8623346886842835, 13.951897251108717)),
    ((5, 5, -5), (-4.8623346886842835, 7.791492659222151)),
    ((-5, -5, 5), (-4.8623346886842835, 13.951897251108717)),
    ((5, -5, 5), (-4.8623346886842835, 7.791492659222152)),
    ((5, -5, -5), (-4.8623346886842835, 13.951897251108717)),
    ((-5, 5, 5), (-4.8623346886842835, 7.791492659222152)),
    ((-5, 5, 5), (-4.8623346886842835, 7.791492659222152)),
    ((-5, 5, 5), (-4.8623346886842835, 7.791492659222152)),
    ((5, 5, -5), (-4.8623346886842835, 7.791492659222151)),
    ((-5, 5, -5), (-4.8623346886842835, 13.951897251108717)),
    ((-5, 5, 5), (-4.8623346886842835, 7.791492659222152)),
    ((-5, 5, 5), (-4.8623346886842835, 7.791492659222152)),
    ((-5, 5, 5), (-4.8623346886842835, 7.791492659222152)),
    ((5, -5, 5), (-4.8623346886842835, 7.791492659222152)),
    ((-5, 5, -5), (-4.8623346886842835, 13.951897251108717)),
    ((5, 5, -5), (-4.8623346886842835, 7.791492659222151)),
    ((5, 5, -5), (-4.8623346886842835, 7.791492659222151)),
    ((-5, -5, 5), (-4.8623346886842835, 13.951897251108717)),
    ((-5, 5, -5), (-4.8623346886842835, 13.951897251108717)),
    ((5, -5, -5), (-4.8623346886842835, 13.951897251108717)),
    ((-5, 5, 5), (-4.8623346886842835, 7.791492659222152)),
    ((-5, -5, 5), (-4.8623346886842835, 13.951897251108717)),
    ((5, 5, -5), (-4.8623346886842835, 7.791492659222151)),
    ((-5, 5, -5), (-4.8623346886842835, 13.951897251108717)),
    ((-5, 5, 5), (-4.8623346886842835, 7.791492659222152)),
    ((5, -5, -5), (-4.8623346886842835, 13.951897251108717)),
    ((5, -5, -5), (-4.8623346886842835, 13.951897251108717)),
    ((-5, -5, 5), (-4.8623346886842835, 13.951897251108717)),
    ((5, -5, -5), (-4.8623346886842835, 13.951897251108717)),
    ((-5, -5, 5), (-4.8623346886842835, 13.951897251108717)),
    ((5, -5, -5), (-4.8623346886842835, 13.951897251108717)),
    ((5, -5, -5), (-4.8623346886842835, 13.951897251108717)),
    ((5, -5, -5), (-4.8623346886842835, 13.951897251108717)),
    ((-5, 5, -5), (-4.8623346886842835, 13.951897251108717)),
    ((5, -5, 5), (-4.8623346886842835, 7.791492659222152)),
    ((-5, -5, 5), (-4.8623346886842835, 13.951897251108717)),
    ((-5, -5, 5), (-4.8623346886842835, 13.951897251108717)),
    ((-5, 5, 5), (-4.8623346886842835, 7.791492659222152)),
    ((5, -5, -5), (-4.8623346886842835, 13.951897251108717)),
    ((-5, -5, 5), (-4.8623346886842835, 13.951897251108717)),
    ((5, -5, 5), (-4.8623346886842835, 7.791492659222152)),
    ((5, -5, -5), (-4.8623346886842835, 13.951897251108717)),
    ((-5, 5, 5), (-4.8623346886842835, 7.791492659222152)),
    ((-5, 5, 5), (-4.8623346886842835, 7.791492659222152)),
    ((5, 5, -5), (-4.8623346886842835, 7.791492659222151)),
    ((-5, 5, 5), (-4.8623346886842835, 7.791492659222152)),
    ((-5, 5, 5), (-4.8623346886842835, 7.791492659222152)),
    ((-5, 5, 5), (-4.8623346886842835, 7.791492659222152)),
    ((5, -5, 5), (-4.8623346886842835, 7.791492659222152)),
    ((-5, 5, -5), (-4.8623346886842835, 13.951897251108717)),
    ((5, 5, -5), (-4.8623346886842835, 7.791492659222151)),
    ((5, 5, -5), (-4.8623346886842835, 7.791492659222151)),
    ((-5, -5, 5), (-4.8623346886842835, 13.951897251108717)),
    ((5, -5, -5), (-4.8623346886842835, 13.951897251108717)),
    ((-5, 5, 5), (-4.8623346886842835, 7.791492659222152)),
    ((5, 5, -5), (-4.8623346886842835, 7.791492659222151)),
    ((-5, 5, -5), (-4.8623346886842835, 13.951897251108717)),
    ((-5, 5, 5), (-4.8623346886842835, 7.791492659222152)),
    ((5, -5, -5), (-4.8623346886842835, 13.951897251108717)),
    ((-5, -5, 5), (-4.8623346886842835, 13.951897251108717)),
    ((5, -5, -5), (-4.8623346886842835, 13.951897251108717)),
    ((-5, -5, 5), (-4.8623346886842835, 13.951897251108717)),
    ((5, -5, -5), (-4.8623346886842835, 13.951897251108717)),
    ((5, -5, -5), (-4.8623346886842835, 13.951897251108717)),
    ((-5, 5, -5), (-4.8623346886842835, 13.951897251108717)),
    ((5, -5, 5), (-4.8623346886842835, 7.791492659222152)),
    ((-5, -5, 5), (-4.8623346886842835, 13.951897251108717)),
    ((-5, 5, 5), (-4.8623346886842835, 7.791492659222152)),
    ((5, -5, -5), (-4.8623346886842835, 13.951897251108717)),
    ((5, -5, -5), (-4.8623346886842835, 13.951897251108717)),
    ((-5, -5, 5), (-4.8623346886842835, 13.951897251108717)),
    ((5, -5, 5), (-4.8623346886842835, 7.791492659222152)),
    ((5, -5, -5), (-4.8623346886842835, 13.951897251108717)),
    ((-5, 5, 5), (-4.8623346886842835, 7.791492659222152)),
    ((-5, 5, 5), (-4.8623346886842835, 7.791492659222152)),
    ((5, 5, -5), (-4.8623346886842835, 7.791492659222151)),
    ((-5, 5, 5), (-4.8623346886842835, 7.791492659222152)),
    ((-5, 5, 5), (-4.8623346886842835, 7.791492659222152)),
    ((0.98553819391427178, 0.098989891977015354, -0.33664487990372693), (-17.525148389837057, 5.4663232362810747)),
    ((-5, 5, -5), (-4.8623346886842835, 13.951897251108717)),
    ((-0.75222949234912129, -0.035235340209302746, 0.74950050005830438), (-17.208338370382194, 1.6378398621172148)),
    ((5, 5, -5), (-4.8623346886842835, 7.791492659222151)),
    ((-5, -5, 5), (-4.8623346886842835, 13.951897251108717)),
    ((5, -5, -5), (-4.8623346886842835, 13.951897251108717)),
    ((-5, 5, 5), (-4.8623346886842835, 7.791492659222152)),
    ((5, 5, -5), (-4.8623346886842835, 7.791492659222151)),
    ((-5, 5, -5), (-4.8623346886842835, 13.951897251108717)),
    ((-5, 5, 5), (-4.8623346886842835, 7.791492659222152)),
    ((-5, -5, 5), (-4.8623346886842835, 13.951897251108717)),
    ((5, -5, -5), (-4.8623346886842835, 13.951897251108717)),
    ((-5, -5, 5), (-4.8623346886842835, 13.951897251108717)),
    ((5, -5, -5), (-4.8623346886842835, 13.951897251108717)),
    ((5, -5, -5), (-4.8623346886842835, 13.951897251108717)),
    ((-5, -5, 5), (-4.8623346886842835, 13.951897251108717)),
    ((-5, 5, 5), (-4.8623346886842835, 7.791492659222152)),
    ((5, -5, -5), (-4.8623346886842835, 13.951897251108717)),
    ((-5, -5, 5), (-4.8623346886842835, 13.951897251108717)),
    ((5, -5, 5), (-4.8623346886842835, 7.791492659222152)),
    ((5, -5, -5), (-4.8623346886842835, 13.951897251108717)),
    ((-5, 5, 5), (-4.8623346886842835, 7.791492659222152)),
    ((5, 5, -5), (-4.8623346886842835, 7.791492659222151)),
    ((-5, 5, 5), (-4.8623346886842835, 7.791492659222152)),
    ((5, -5, -5), (-4.8623346886842835, 13.951897251108717)),
    ((5, 5, -5), (-4.8623346886842835, 7.791492659222151)),
    ((-5, 5, 5), (-4.8623346886842835, 7.791492659222152)),
    ((5, -5, -5), (-4.8623346886842835, 13.951897251108717)),
    ((-5, 5, 5), (-4.8623346886842835, 7.791492659222152)),
    ((-5, 5, -5), (-4.8623346886842835, 13.951897251108717)),
    ((-5, -5, 5), (-4.8623346886842835, 13.951897251108717)),
    ((5, -5, -5), (-4.8623346886842835, 13.951897251108717)),
    ((0.44169883324398374, 0.52656740767025756, 0.41539285348375454), (-17.460399651744204, 3.1297778581682305)),
    ((-5, -5, 5), (-4.8623346886842835, 13.951897251108717)),
    ((5, -5, -5), (-4.8623346886842835, 13.951897251108717)),
    ((5, -5, 5), (-4.8623346886842835, 7.791492659222152)),
    ((-5, 5, -5), (-4.8623346886842835, 13.951897251108717)),
    ((-5, 5, 5), (-4.8623346886842835, 7.791492659222152)),
    ((0.092603826790161659, -0.91837986855894216, 0.14586605540952197), (-16.617222485812952, -2.180033800080492)),
    ((1.8247547277888221, -0.7697904640122597, -1.1509021400624686), (-14.310550579814207, -4.6778878633363643)),
    ((5, 5, -5), (-4.8623346886842835, 7.791492659222151)),
    ((-5, 5, 5), (-4.8623346886842835, 7.791492659222152)),
    ((-5, 5, -5), (-4.8623346886842835, 13.951897251108717)),
    ((-5, -5, 5), (-4.8623346886842835, 13.951897251108717)),
    ((5, -5, -5), (-4.8623346886842835, 13.951897251108717)),
    ((-5, -5, 5), (-4.8623346886842835, 13.951897251108717)),
    ((5, -5, -5), (-4.8623346886842835, 13.951897251108717)),
    ((-5, 5, 5), (-4.8623346886842835, 7.791492659222152)),
    ((-0.74073901954985066, 1.7489394241626988, 1.7329016947179627), (-12.951025809315624, -6.5007384400654722)),
    ((-4.6724721592190379, 1.609115108750381, -0.9769007909242835), (-10.5845475465975, -7.3894276212836072)),
),)
