fronts = ((
    ((0, 0, 0.4094349177610976, 0, 1, 0.01934820704586179, 0.18197276466009019, 0.16108067580845264, 0.3516792218612385, 0.14704225180565636, 0.39727350076329393, 0.5386632681959083, 0.35487841195665304, 0.35923131946793024, 0, 0.3759881464483212, 0.42277559016391475, 0.7918426046120418, 0.3451696236658249, 0.39413663597455434, 0.01740638059332976, 0, 0, 0.7534921961041527, 0.17502441545820766, 0.38816366948320125, 0, 0, 0.3344250868586244, 0.0657171064095846), (0, 3.478024619168326)),
    ((0, 0, 0.21480026308743336, 0.03347647613585281, 0.964184806380409, 0.05606578406987142, 0.17320676905010018, 0.20526667384282896, 0.40513391866321136, 0.04383634509416187, 0.09909768873490175, 0.551865450234907, 0.3832528894852545, 0.32949823216766744, 0.00953540116034296, 0.5115913770723841, 0.39650554501861907, 0.7070728602776071, 0.3618745769646107, 0.3924523647421687, 0.08412410198632808, 0.9987793157465085, 0.1526972348440616, 0.55199855879063, 0, 0.4616424938137067, 0.07808577588020728, 0.02856801791015992, 0.04090068847034525, 0.1299773464111345), (0, 3.596186848424784)),
    ((0, 0.09073894131572612, 0.11907402132366712, 0, 0.7935424597855076, 0, 0.1551625400621693, 0.18750422750252324, 0.31063241171845757, 0.04686335787700395, 0, 0.5307666450890105, 0.3638437420124752, 0.3766251728707322, 0, 0.4125320337178313, 0.3850715568853806, 0.5714996676924753, 0.4105366463046446, 0.39144505351565895, 0, 0.6224167502131255, 0, 0.550028578680989, 0.06908513009191555, 0.34580092363112713, 0.018539314395896997, 0, 0.14285059397251237, 0.0978942359806527), (0, 3.170071932474322)),
    ((0, 0.04445863925061691, 0.22734245239840595, 0.013301671123478161, 0.882628942069149, 0.08207312128866384, 0.19201683636110073, 0.2470319692087553, 0.29156365094476644, 0.003545550001285427, 0.11766780458662424, 0.5839529075949843, 0.3791746689185562, 0.40280030763420444, 0, 0.3924076067638502, 0.406695274106342, 0.6618844068998307, 0.4512689424194058, 0.550368992846599, 0, 0.6754969793237147, 0.04739106980435409, 0.6618653197763742, 0.0509877320662812, 0.3604606072856615, 0, 0.10039853008956884, 0, 0.04222196128958501), (0, 3.4421052929817044)),
    ((0, 0, 0.1073528626177918, 0.0338732417014022, 0.806291254085649, 0, 0.1786525515669437, 0.22231234710676015, 0.39285574460220823, 0.0018469246846288508, 0.17769056113631393, 0.5302529830584419, 0.3801460795465132, 0.45044202587510873, 0, 0.3885442910968818, 0.3896750706233056, 0.8821427595965654, 0.363486105803284, 0.3927531641221308, 0, 0.7226831083812557, 0, 0.5841618583279198, 0.08093701950706779, 0.3502407584529684, 0.010544199488608685, 0.022388516724460947, 0.17110584596461653, 0), (0, 3.3711521885047393)),
    ((0, 0, 0.06588874060729354, 0.10842974806139875, 0.9563298007828266, 0, 0.17639522630685506, 0.17374226784892494, 0.30406609681717184, 0.005697229338516647, 0.013984618802761695, 0.2783929422570466, 0.3845245094662888, 0.40765990883759845, 0.1423968814447411, 0.433015927438207, 0.4047043147406168, 0.7557710669900402, 0.3924612947574472, 0.3551576796002995, 0.07839758824267683, 0.8445964455040489, 0.18238895298112284, 0.6504169472775, 0, 0.38131725692290164, 0, 0.03491834809257808, 0.08228679357927003, 0), (0, 3.362636733802869)),
    ((0, 0.05563041109322128, 0.06298651818838959, 0, 1, 0.0931414485917631, 0.180940347195865, 0.17497658989732442, 0.3733698517480402, 0, 0.06799128860809388, 0.5497426984205822, 0.41189931980451155, 0.4228894992977602, 0, 0.46651644122533564, 0.3365489342926115, 0.7952834129453114, 0.36191593363055896, 0.42465391178187484, 0.022417578008940238, 0.8583075027579973, 0.18744129654249847, 0.5667328826005759, 0, 0, 0.023442385417073032, 0, 0.027881613277611413, 0), (0, 3.3166340961356364)),
    ((0, 0.02629967456319072, 0.10279425325620295, 0.04273041543147791, 0.8999604356032743, 0.01349342888734645, 0.15656739262351582, 0.2528610962470045, 0.3714099803392097, 0, 0.10019853216892032, 0.5463849260339918, 0.47310902239840524, 0.3963840631747942, 0, 0.3876650809157555, 0.41889769361350343, 0.712006354003334, 0.3808834224149667, 0.39751894807649374, 0.16196249622771305, 0.6056328368501039, 0, 0.5623902024194422, 0.11041806176276683, 0.3637085152347685, 0, 0, 0.0592644782186163, 0.14946125720838316), (0, 3.387173210657194)),
    ((0, 0.008330521074407212, 0.04066527412127793, 0, 1, 0.034226529151856394, 0.21269629350498967, 0.1983596950245498, 0.3518484054899081, 0.011820148894124298, 0.0450473578433615, 0.47468969242966974, 0.2747495121561202, 0.38386701455565453, 0.11893611091940881, 0.41921585422958774, 0.38568972637852, 0.8429854932222465, 0.47909822963396564, 0.4010252729347695, 0.03267072685567892, 0.585489173598929, 0, 0.4675528597081065, 0.02493551461344939, 0.1652733467853655, 0.027475281639464874, 0.0037089237526737873, 0.26582725066638363, 0), (0, 3.2519192373331114)),
    ((0, 0, 0.08895062351847616, 0.12236888712810044, 0.761370681943617, 0, 0.053833700736894086, 0.38562199818750426, 0.3608170919988835, 0.1684673451698517, 0.061692165190845555, 0.5589584061244067, 0.3801843625435991, 0.38037468431920296, 0, 0.33061529587650595, 0.37149676119339375, 0.6422561711095862, 0.4172378371248865, 0.36998509564404725, 0.025092729145078548, 0.5732884177532485, 0.005459230479553642, 0.5569863058934554, 0, 0.3766950160384864, 0.05461680853168932, 0, 0.3260082092055956, 0.03551369235822346), (0, 3.2990008156874544)),
    ((0.25932070740825, 0.006731534070436306, 0.12159676174430048, 0.008887266469502983, 0.44614900151201453, 0, 0.18426203059444216, 0.189202218849069, 0.3744957979839343, 0, 0.10734686323086672, 0.5279568137522317, 0, 0.4838124475693002, 0.13259320603805558, 0.33373896913291023, 0.34615157832042465, 0.6082687476472738, 0.3688498750652535, 0.3962109632063516, 0.035475598989044815, 0.6394477136959352, 0.06018888493452157, 0.5205824843630487, 0, 0.3497250748202853, 0.013180664599233536, 0, 0.3362577753495035, 0.0014908428603322837), (0.25932070740825, 2.1572251025151696)),
    ((0, 0, 0.06572234290002221, 0.006390047652433188, 0.9777270809168992, 0.05879054487675879, 0.211974920296211, 0.1823538327271137, 0.38230070597121585, 0.02703518266270616, 0.10703561141470001, 0.5295047231820806, 0.5272966522488635, 0.3858472698305499, 0.0043019037238929345, 0.37294738904624347, 0.3986948320899393, 0.6336670311714563, 0.4192499543973421, 0.4150215838065172, 0.03424932338820084, 0.6905734631780727, 0.06632188297344506, 0.564350982711071, 0.05163085078367561, 0.37528234454643783, 0.09382459216417559, 0.06736444015279953, 0.0666921489375678, 0), (0, 3.3946677496466733)),
    ((0, 0.018919927891756186, 0, 0, 1, 0.19918565678296965, 0.17306068408146702, 0.11885671531380027, 0.34513848775714123, 0.09462046987244278, 0.090202644933319, 0.5521080290950788, 0.35476302138721605, 0.3722497273985211, 0.043023530046330916, 0.3823279389721945, 0.4157088325796061, 0.6199114268562423, 0.35149666248071343, 0.38933530909035813, 0, 0.6469690981472928, 0.028383357115508857, 0.5960417187170992, 0, 0.3106104833679163, 0, 0, 0.0817885777863735, 0), (0, 3.2297351964503496)),
    ((0, 0.010316184681496122, 0.0832090741959153, 0, 0.8912228889612499, 0.13962865445787379, 0.18179710724657763, 0.2086414997054098, 0.30147614301089326, 0, 0.11744964625687301, 0.40468296916389573, 0.34646186534909096, 0.41282719377303195, 0.02772118956476953, 0.42042411319941175, 0.37857678783648824, 0.7479773970512311, 0.39404275101936803, 0.4953775490087429, 0.04908513713124418, 0.6459451958348499, 0.06203510074618553, 0.33743318590236815, 0, 0.408795829137285, 0.011731966248682928, 0.10871905161118929, 0.33773814133814345, 0.09954691729519563), (0, 3.365716270949902)),
    ((0, 0.003903414442688111, 0.13111482991848872, 0.03750476413256046, 0.9603512484863658, 0.021802443315405613, 0.1944532095201836, 0.21335163484462843, 0.36207882201251096, 0, 0.12111739948822597, 0.5535345323453313, 0.40334658781745536, 0.34926815998828614, 0.004378771133008308, 0.40838615114241067, 0.3615917771108191, 0.7510450924642985, 0.34995000083831845, 0.3385120992429027, 0, 0.6539211303470844, 0.20123894125680783, 0.4769725552288824, 0, 0.41341242581167237, 0.005889278919287576, 0, 0.0020708336519382198, 0.0064930807251065426), (0, 3.2734897468159314)),
    ((0, 0.06749649659417718, 0.13346003444401291, 0.000764628391861543, 0.8063387920533963, 0, 0.0695960627435864, 0.17074964422011357, 0.37092293324866743, 0.000623369902708882, 0.11104310093322337, 0.5611362164152026, 0.31986614341006336, 0.4970214142936503, 0.0239497155812071, 0.4010099767418975, 0.4026253633973833, 0.7347034501853223, 0.39621580499072595, 0.27677593139781476, 0.009658729341156233, 0.539503555774427, 0, 0.4105701635456553, 0, 0.10013594569869767, 0.01458590513192487, 0.02969386532700958, 0.3427954603858938, 0.03141533451269886), (0, 3.1173766326883556)),
    ((0, 0, 0.06565442573283489, 0, 1, 0.11209522460372985, 0.15956395056177133, 0.21283687667292925, 0.36372883499514475, 0.0544757620910355, 0.09579128278481787, 0.5264382679092335, 0.38024957472336524, 0.43841539759489306, 0.07169218697782558, 0.3035411003731472, 0.4278439698049644, 0.779638233661849, 0.42115817827731555, 0.3378309209621173, 0, 0.5881403634189082, 0.07959074276842885, 0.43306234281644496, 0.011846033993036617, 0.3023373520569564, 0.025986463221960437, 0, 0.08323744128583001, 0.06457746247766505), (0, 3.2778479830308913)),
    ((0, 0, 0.023181248738714334, 0.1338835051185441, 1, 0.007178517621045041, 0.15652192637414625, 0.18474075310817253, 0.4655616344249612, 0.0023502333677866438, 0.3243824683621501, 0.6409357867860642, 0.4481110259450793, 0.4913703665795129, 0, 0.4130529375006807, 0.3837246372711791, 0.4370894519450296, 0.4014914061950183, 0.38866615231544727, 0, 0.5054366757264265, 0.0743644557807032, 0.6811555280841879, 0.06589648455370004, 0.3803454461337613, 0.0819638500240401, 0.06520975605951167, 0.36838814997921404, 0), (0, 3.5215524683432995)),
    ((0.08525461463698379, 0.020896199823547425, 0.08849479462672652, 0.009929781444029052, 0.7827885391085535, 0.0358056935735127, 0.1975440929598888, 0.2217731058522685, 0.38581236636862837, 0.054687117818540236, 0, 0.48080459350961313, 0.17588160571420008, 0.41522507827907573, 0.07642998184928473, 0.3991919115278562, 0.3813966344094588, 0.6882897703870169, 0.35071210647426215, 0.3353303008108304, 0.030350387216824933, 0.6602639203772749, 0, 0, 0.07591598346375211, 0.5433355519365789, 0.03333248106863305, 0, 0.19242915898737434, 0.1407444689521344), (0.08525461463698379, 2.588954366842119)),
    ((0, 0.07165162612950292, 0.01987045693656833, 0.06490434335615544, 0.6585914619639, 0, 0.18607157442240416, 0.19900818337792203, 0.40156599062196935, 0.018686777548859723, 0.11210981260452252, 0.5286840411232681, 0.5941867017588834, 0.37361211568892055, 0, 0.3883792526525461, 0.3794618318609373, 0.699785241647102, 0.41768339891492745, 0.4873040797880465, 0, 0.614565700626492, 0, 0.6201086068468444, 0, 0.3366657734534803, 0.0913881504423773, 0.03071856991873402, 0.034989350121801766, 0), (0, 3.2748254267674306)),
    ((0, 0.09212514597344934, 0.39637014818071337, 0, 0.8689686201755832, 0.0112435469976371, 0.21588248692823883, 0.27551990862121856, 0.3609077384318942, 0.15856802260175, 0.09615092543549746, 0.5716240117185409, 0.42892691059849064, 0.3291432898253722, 0.08273057866972292, 0.35707818911456035, 0.37928790988008637, 0.662045710674321, 0.4181221888613402, 0.476370768963533, 0.20905365938980955, 0.6737633177456521, 0.38292965306768406, 0.5999076861197494, 0, 0.3478486845200635, 0, 0, 0.4625535122209855, 0.08906561783653334), (0, 3.7764032445852362)),
    ((0, 0.06386054541870612, 0.0650636193107216, 0.003062479850141851, 0.9748683065457007, 0.14372193205842154, 0.17441661809090614, 0.10713584102644264, 0.4201404651446308, 0.019798284134787247, 0.016030769103957176, 0.548906308155866, 0.33074534722366145, 0.289836365185961, 0.0196911550837813, 0.3382080790119886, 0.37133461068820184, 0.7204955008740614, 0.3331935591908521, 0.5165270995557324, 0.4330485357682376, 0.7224605323645666, 0.05297589194972649, 0.4152599899481617, 0, 0.3137558219362437, 0.013113771567416669, 0, 0.5250544336984113, 0.16296763033427986), (0, 3.512450394448072)),
    ((0, 0.00812745189616296, 0.1709312388044294, 0.13308586720581186, 0.9741284741862136, 0.2003085483154306, 0.13052897212879225, 0.21655423237065968, 0.3870759224055181, 0.03056962837690141, 0.02902542432068734, 0.522760546041227, 0.4387574740921631, 0.44092984821673964, 0.05580780465278484, 0.37174135626441734, 0.35541353330048764, 0.9860803500477108, 0.27219321588752754, 0.4153387901864248, 0.05700802226074703, 0.6543402512026631, 0.0008976092484711817, 0.7530477445006584, 0.15593043403164156, 0.36286062282701204, 0.06998343211155324, 0, 0.01587281841981414, 0.2672808970464339), (0, 3.630662917004889)),
    ((0, 0, 0.2418741965442559, 0.1191713205240197, 1, 0.3905813216091484, 0.19632724141057256, 0.2653251909806263, 0.5067011335237909, 0.007254595348868884, 0.10962684982070084, 0.5386549271433461, 0.32105580190290917, 0.3375803815372387, 0, 0.6287856474613023, 0.3089169998243813, 0.7478782168331419, 0.34221776174164004, 0.40124488523064966, 0.08270717333163322, 0.5537598625003546, 0.4580801723542104, 0.5568853094245916, 0, 0.40271567818992715, 0, 0.10989842109464809, 0.45204205558713423, 0.1996298237827041), (0, 3.8796632658384875)),
    ((0, 0, 0, 0.03838976981184995, 0.8553532948702942, 0, 0.19237098834918462, 0.2997269351399204, 0.47842359860246814, 0.005924614332818517, 0.09828233738016777, 0.5841402143773171, 0.35865019866914377, 0.3326933154878908, 0.04062764567710759, 0.2906693316902075, 0.43365860712288784, 0.7072813456489122, 0.38776617676535297, 0.3334602714266613, 0.05038980905222076, 0.7506584477079837, 0.20844136133540092, 0.7088070633038923, 0, 0.26197114724165727, 0.022818376424372858, 0.029579169688371938, 0.3570297308687175, 0), (0, 3.429104267543904)),
    ((0, 0.007543561414763736, 0.12172979471077292, 0, 0.9810535932662245, 0, 0.16156374110977256, 0.21879378150136866, 0.36299579762113876, 0.012111840348139249, 0.1393388512130972, 0.3228933949295576, 0.3500706481406338, 0.3373711690299303, 0.01924728149204073, 0.421273922448625, 0.39821411602082624, 0.7473221442174887, 0.399760196529482, 0.3939426096215936, 0, 0.8421940975062427, 0.06487277569779934, 0.5617521726665614, 0, 0.3328764941431958, 0.03550576743327436, 0, 0.27728382256761164, 0.3939915895970025), (0, 3.4528733954842865)),
    ((0, 0, 0.020746979942223503, 0.08530638316025843, 0.38660069808939523, 0.04801163907627366, 0.04817312199505716, 0.19021850652678204, 0.35414764825530237, 0.0002473030717945607, 0.10825534426367152, 0.5613717924576627, 0.13201805007357836, 0.4414693652318526, 0.24345345010877076, 0.3571566912202604, 0.31627407156987797, 0.6690482119271609, 0.37981070482111556, 0.39024838827208047, 0.04560299130037059, 0.7616385074129097, 0, 0.4987484146780128, 0.059594060290008084, 0.34583031007789666, 0, 0.08691148254240147, 0.38093590728067184, 0.04818097912944207), (0, 3.160000311205982)),
    ((0, 0, 0.05800476108508464, 0.11145338142021428, 0.9289062199438709, 0, 0.21236305093856922, 0.2398163597475742, 0.3723008414524605, 0, 0.1079714570163808, 0.5129111719499563, 0.38985476313986644, 0.5440693978885074, 0, 0.3912199960591097, 0.363915066698477, 0.679088131389994, 0.25211104398327533, 0.3568251900724992, 0.14846745177800008, 0.6359581747989181, 0, 0.4891427524499774, 0, 0.25094969897895203, 0, 0, 0.16265624956443656, 0), (0, 3.2369609118346596)),
    ((0, 0, 0.051314293352747384, 0, 0.971221127468277, 0.03297609378704709, 0.22712063935637283, 0.1905192029015558, 0.22290879103226444, 0, 0.10206638798551945, 0.5528051428418073, 0.45620050852137944, 0.49787051837867, 0, 0.40873681063589473, 0.23556354399135732, 0.7812801202444977, 0.40765680424119155, 0.43199714816444407, 0.15561508041559968, 0.7329188579802779, 0.07247182513869668, 0.47178181382718976, 0, 0.23324774793948722, 0, 0, 0.290749718098091, 0.08689650800166916), (0, 3.3629402813357356)),
    ((0, 0.05221702414514197, 0.052797028563487156, 0.009182327782520351, 0.7705574411750058, 0.007563907831266023, 0.17952102258678443, 0.1910985267876771, 0.35489018872913264, 0.015694243361677827, 0.2604583243691307, 0.5468260405119161, 0.48577616396939627, 0.37965090112195216, 0.12718362234662436, 0.2013768193395794, 0.38489204239577357, 1, 0.3705329451273005, 0.4820800579461001, 0.04609898061957046, 0.8791210671128575, 0.19371941628237052, 0.49823953396010784, 0, 0.3344625274014339, 0.12064250899777229, 0.12400924836691898, 0.2002805752142248, 0.06851161419303846), (0, 3.5874640311085804)),
    ((0, 0.012551869789031682, 0.03800212828793019, 0.0685202588235374, 1, 0.02673770165486096, 0.17463832404728424, 0.21875816223259176, 0.2758053054274906, 0, 0.11485156371962894, 0.6612564294179295, 0.2773558848386373, 0.20669884339969258, 0.02521103987334445, 0.39890058483208546, 0.3252740583608307, 0.2522952648837393, 0.3269137182205334, 0.31867929479390245, 0.11920653677812154, 0.6350808265873146, 0.058434288696127656, 0.5577564864470497, 0.20025035290784282, 0.2664482184959608, 0.06429908480500617, 0.0410664107326294, 0, 0), (0, 3.068445991119929)),
    ((0, 0, 0.3387579799003257, 0.11556560346602004, 0.41461427911295645, 0.002353314383774875, 0.1878918481730295, 0.19326550670421833, 0.3916807097934074, 0.012427403277172195, 0.039521399979063634, 0.37428550589426834, 0.37690714863521224, 0.43366780288150814, 0.014601409570481729, 0.3581354754616736, 0.39142449293302745, 0, 0.41101199626972307, 0.38074173613387685, 0, 0.780965919146146, 0.20663521760228198, 0.49196874619033965, 0.3742056457530598, 0.40120375192130214, 0.026053735149569594, 0.6210982717150888, 0, 0.1011996110442062), (0, 3.309022779304331)),
    ((0.07652938502660524, 0, 0.06768872340765025, 0.018836153885224357, 0.9126013198803519, 0, 0.18266692571361562, 0.058778141364558056, 0.37516796343087516, 0.011230123559209824, 0.09443594073361866, 0.5599512532061408, 0.1547526016297982, 0.21827515326964708, 0, 0.4151515813887583, 0.3941938373612514, 0.8583606642700831, 0.4053198897705368, 0.34261364058585797, 0, 0.8238159986587822, 0.08361063485003874, 0, 0.03714823731969866, 0.30934481367468303, 0, 0.09354869646884184, 0.13488598706476246, 0.24172502128327075), (0.07652938502660524, 2.6207723375097514)),
    ((0, 0.05656459284832913, 0.3742253269090908, 0.00999535235334869, 1, 0.018461148782160444, 0.18795652563415982, 0.17016090585865137, 0.4057073866491648, 0.10664800367402005, 0.08300275104928811, 0.532573077442001, 0.42324587273920333, 0.3438004913336271, 0.06239312349470755, 0.4752362361521839, 0.13801348994513696, 0.6738700386953502, 0.358931017740273, 0.25751568087425725, 0.09426208266612299, 0.9191869067068594, 0, 0.595139468985357, 0.0441578513984246, 0.40858567171015825, 0.006883033814257604, 0.09680929606239, 0.359158824462429, 0), (0, 3.5455985317871916)),
    ((0, 0.091635822250241, 0.053698164876276516, 0, 0.9382653181399245, 0.02481617659167656, 0.15766794831115105, 0, 0.450199132852173, 0.057554990528234595, 0.024446928764804268, 0.5268837993779615, 0.4309428431724144, 0.43663154201557874, 0, 0.42762729716034587, 0.4154422201286612, 0.9178515003424285, 0.44524972181935124, 0.40366204625528457, 0.08750881230009311, 0.7136136541120235, 0.06846671410838769, 1, 0, 0.3775147985018207, 0.06421983851286313, 0.08981765861019247, 0, 0.02613945428830532), (0, 3.554093360247646)),
    ((0, 0.1427953477014057, 0.17274350257716095, 0.0009772683596014076, 0.6557099914515094, 0.1602521122725769, 0.12409188453421202, 0.20544624947282247, 0.41803350112584325, 0.009471400732496454, 0.09476757045485401, 0.5866282917590333, 0.14042929792053982, 0.41872312687884083, 0.14866258184341719, 0.0900513716280249, 0.39283714632482025, 0.8121286142402133, 0.33330342495720544, 0.5356168143138049, 0, 0.5051493080534817, 0.09190663112888496, 0.8602063379279804, 0.13894257957927533, 0.09489904492407342, 0.04584293580263982, 0, 0, 0), (0, 3.2281567939200846)),
    ((0.11362262504258475, 0, 0.11409866609832078, 0.02095843977601183, 0.847471609683161, 0.0376939166124233, 0.12189372423408537, 0.17357567312921293, 0.3720458846809535, 0.026316746262429552, 0.03868442897968635, 0.4682788043750217, 0.24997483516877633, 0.2397040520398709, 0, 0.356157156158929, 0.3718796709179407, 0.6601940104886125, 0.37508035189798994, 0.20050216958692163, 0.055713102624897794, 1, 0.2074847792818813, 0.3464611330477428, 0.005671875379357982, 0.19313083060110015, 0.05653091480862778, 0.04519866255934424, 0.2555886410495516, 0), (0.11362262504258475, 2.5271756975829773)),
    ((0, 0.04576846362080539, 0.22112305317502845, 0, 0.9198634516996813, 0.16380395821062815, 0.18508656545200264, 0.19842208547845547, 0.4037565873978939, 0.05771887110793872, 0.07825125329802896, 0.5758341498966005, 0.5152076966884276, 0.44793336351212915, 0, 0.34878258262605616, 0.38976582508451707, 0.6749898088159337, 0.3381729636211632, 0.5286116123552251, 0.18680766646626012, 0.822113664831115, 0.02534255677555576, 0.8913318041813525, 0.1302059139388578, 0.3438069718110298, 0.04188951161390916, 0.06647962833787156, 0.4299589587926128, 0), (0, 3.8027331282448866)),
    ((0, 0.021679888205831433, 0.11206657319944593, 0.04845029539880011, 0.923387634687301, 0.01776096689148168, 0.1793888671924432, 0.20246778072924132, 0.3693827900461257, 0, 0.069082870524228, 0.631471780959981, 0.42980049209190774, 0.3870284933479282, 0.042993725919661156, 0.29107586729385404, 0.3802224001250014, 0.6886287482652218, 0.2917021621890291, 0.4887794356135199, 0.0448198465390732, 0.7739655812170299, 0, 0.3336746975177926, 0.015286063338581346, 0.29243841434051515, 0.17202950306310477, 0.06876426849178525, 0.12631339429900268, 0.16003292611633868), (0, 3.347043420980622)),
    ((0, 0.4080298271521323, 0.01874781802170982, 0, 0.9459957040428243, 0, 0.1820639237601587, 0.22885519773731597, 0.36744988505976084, 0.011138062372327241, 0.03072879136000517, 0.623580660581538, 0.3261858700364405, 0.3843601146297117, 0.09408926558955265, 0.36576900464376183, 0.5048142239292194, 0.8825869878021889, 0.33171771762813657, 0.38721669949812404, 0.0026550728906561925, 0.7288856664934449, 0.01775913067030105, 0.700622797483661, 0.0011115499724987377, 0.32548741601579, 0.1319136002647025, 0, 0.17237478700156927, 0.09407447192420386), (0, 3.5659975247950215)),
    ((0, 0.02304799449656854, 0.08807019455464109, 0.053300098300055304, 0.3774661478335369, 0.04073745542337592, 0.03952003548568177, 0.14484270409553995, 0.34862830011336776, 0, 0.0943259394908208, 0.6092072408309592, 0.39693843592621536, 0.4145347703885185, 0.045533257887558784, 0.31988684284577346, 0.41650517145913607, 0.8402768880079676, 0.34694453664333685, 0.4004630115121397, 0.0691753718853761, 0.6075126819409321, 0.17133299381254508, 0.3401143157356757, 0.0569257250206463, 0.355451943338771, 0.01217579585083478, 0.0886955125494704, 0, 0.18132559812058635), (0, 3.13608450592932)),
    ((0, 0.03323108059220847, 0.05859645839722144, 0.039293442639828, 0.9344712719323212, 0.009644625296550158, 0.19240304828013208, 0.2548567206579348, 0.3478148523418316, 0.03612948802602733, 0.06807704797784649, 0.5872232902119764, 0.4647069516851802, 0.4677201894478249, 0.006015073381782145, 0.23703138232179355, 0.5163978987772423, 0.7903093937448824, 0.29874612534718115, 0.4201644912734228, 0, 0.6396390351252281, 0.11177659938486609, 0.5857897384386843, 0.3710760666249069, 0.36864579175237233, 0, 0.2260807716956424, 0.36515296036128914, 0), (0, 3.616515315911917)),
    ((0, 0, 0.10247940994904695, 0, 1, 0.4471853799042549, 0.18812375282417157, 0.20087172054947205, 0.32513603159017723, 0, 0, 0.5675114042392667, 0.3885691107898817, 0.34673438216267993, 0.046529255988734225, 0.279244732671165, 0.31948542982388417, 0.6864397171550012, 0.3484179629668421, 0.5037580386058037, 0, 0.5533119296272798, 0.20212080025381712, 0.5950096019356534, 0, 0.36183668121043366, 0.058411771482526256, 0.02615115081489775, 0.17705620961971621, 0.11553187493818995), (0, 3.433077487652623)),
    ((0, 0.04146464499521446, 0.04938684309118799, 0, 0.8316849599033437, 0, 0.20885798100084998, 0.24035305085442007, 0.389969352531263, 0, 0.03775493625507437, 0.5798457938450341, 0.6053462729549057, 0.2878788347033442, 0.2800678047045246, 0.4720311469692463, 0.3222989845218045, 0.6887463358257979, 0.26883785611940864, 0.44033488695764533, 0.023654508708054148, 0.6176335004538664, 0.2828276915351066, 1, 0, 0.46343887515672233, 0, 0.09128179966048793, 0.2693222102373784, 0), (0, 3.6357642909952457)),
    ((0, 0.03336705628764076, 0.1111762624028068, 0.00816251580089724, 0.6889626801339575, 0, 0.17788372715727907, 0.1271991947228208, 0.3244667952668068, 0, 0.08477247351791985, 0.452525599895387, 0.6819945533698744, 0.47084631049545905, 0.07434644419820471, 0.8607615340098711, 0.21681087417374692, 0.8241073214159776, 0.3582958408661976, 1, 0.2619089256766389, 0.585639038606026, 0.14687783310312053, 0.8005825092457911, 0.06433955789850071, 0.9185552296854589, 0.434822384100814, 0.014863776679490348, 0.014289364951844158, 0.13893827137647194), (0, 4.065119471563829)),
    ((0, 0.011670249738939042, 0.2765322766525112, 0.13681254881349397, 0.8715922985607937, 0.012645046158433513, 0.17401247329946262, 0.19838130516952368, 0.37992013875052333, 0.028159639693146003, 0.3693260990915517, 0.5269143016010033, 0.36612407001310165, 0.2954578705635918, 0, 0.4702668609216568, 0.518220525202578, 0.9440833552148471, 0.32362886156508397, 0.3542018627432483, 0, 0.7368719016874877, 0, 0.8456838870671589, 0, 0.29717844994947984, 0.008996975274729514, 0.033756216485911684, 0.09741581938950089, 0), (0, 3.5689888724989594)),
    ((0, 0, 0.06363785627890856, 0.010806239595980247, 0.9430199342634629, 0.05593446041763324, 0.19798881316309236, 0.22167074901355266, 0.36097832490284537, 0, 0.10327667022644577, 0.5415867578040096, 0.4498111137361082, 0.2295550536375901, 0.10840149539497379, 0.37261651432751824, 0.39690083772605, 0.8496161091210632, 0.36909849188063537, 0.39751445994797724, 0.17794885910658476, 0.6408024671674128, 0, 0.6174025892341053, 0, 0.38615125364812464, 0.10861650928924325, 0.09577714014206706, 0.3882743109487346, 0.20382234206426195), (0, 3.5731339371498425)),
    ((0, 0.23344477114515516, 0.4758128768551465, 0.44601764738749905, 1, 0.03190030436873436, 0.15401162693960588, 0.257022666674942, 0.43251455285480733, 0, 0, 0.461506501120163, 0.4335925175124813, 0.3388373373717395, 0, 0.43631044743260544, 0.21806254444046005, 0.6189178897042198, 0.32161449389387914, 0.40879502851694843, 0.006191122261146015, 0, 0.3123236892872301, 0.4969518098016621, 0.2436524034355857, 0.2753601146201354, 0.3322422404137728, 0.29285972270225574, 0.5661704445083968, 0.16333914294628277), (0, 3.7798988643363343)),
    ((0, 0.0639378762459916, 0.12978370731230318, 0, 0.5129724342860053, 0, 0.17365043236315703, 0.1711292793240673, 0.4669963590159292, 0, 0.45359128006891114, 0.5106111120994204, 0.3836042551746745, 0.3792393769525234, 0, 0.43780193588166083, 0.3061724800309684, 0.9357722069594777, 0.4482588522324982, 0.4050257626599033, 0, 0.5768644139419512, 0, 0.6132631539086377, 0.10247275716730592, 0.3622728953379374, 0.00911295625515366, 0.0055227333358045805, 0.4492914422503406, 0.11216747033636583), (0, 3.4857116054575483)),
    ((0, 0.21680903063152585, 0.35569827137556387, 0, 0.9816563850708513, 0, 0.18478263335355286, 0.21439353598195496, 0.37768453187747575, 0.03500919411755058, 0.20011820026767632, 0.4724165951040252, 0.13006646226613292, 0.18127622269968957, 0.07608773043788018, 0.42632510108919175, 0.3568622850930898, 0.6389984899660879, 0.2475555152043248, 0.25106148788143556, 0.016390421818561096, 0.7823812473674256, 0, 0.7807234567843995, 0, 0.2927264008804825, 0, 0, 0.23852411926296846, 0.03189024962283575), (0, 3.3243082108066258)),
    ((0, 0, 0.09466617051225133, 0.15615826560759935, 0.7521799486425432, 0.07775801754445434, 0.18639183345298174, 0.32382316574180947, 0.3963463506582203, 0, 0.06326251015304962, 0.5230526943656593, 0.47551217473365814, 0.4367704360504, 0.024567375393913904, 0.33441546536164113, 0.39369656371977924, 0.7997604160181261, 0.4005238355565017, 0.42026843374231954, 0.05754249070273207, 0.8236457355543388, 0.25078541152437667, 0.6521144064887443, 0.4046368517001929, 0.009892748998488049, 9.034872321961665e-05, 0.04977134973729605, 0.05159653879439585, 0.5259573429847937), (0, 3.695402825592116)),
    ((0, 0.06572353826440566, 0.2590409120645312, 0.02073434929312903, 0.3599737011630879, 0, 0.19093103574112844, 0.07084717086351094, 0.29877875436655793, 0, 0.11089531553450091, 0.6280962930865251, 0.38624916149684024, 0.4322155859175062, 0, 0.39160279085870964, 0.4152938748990892, 0.6088128336292766, 0.46376399573672283, 0.35371993201606217, 0, 0.8499362951541892, 0, 0, 0.009848917274199842, 0.2932182306524179, 0, 0.055391850893120154, 0, 0.015485471203646711), (0, 2.949139313482152)),
    ((0, 0.4411547232727106, 0.2870889592753658, 0.08602831736284587, 0.9319943534427287, 0, 0.3045644232316601, 0.22925092582993473, 0.5422837878858163, 0, 0.1475885304634065, 1, 0.3497642669541678, 0.3495971920886114, 0.22799915994260306, 0.5027223840039861, 0.35750514160444186, 0.7779233199834099, 0.3069207237365099, 0.44129810791109025, 0.11023582957787359, 0.48328139471632453, 0.43797083145543253, 0.521789487944116, 0, 0.28070846228798907, 0.037297893616457405, 0, 0.07268090182107312, 0.188165459068441), (0, 3.922149351630792)),
    ((0.20809351989327315, 0.023631603518640455, 0.054870086002507534, 0, 0.5844077098885936, 0.0437066733920171, 0.2465584842045369, 0.06400668833946041, 0.42339165718020805, 0, 0.1085700314540631, 0.5487241722367893, 0.3989097526299049, 0.3605875778333918, 0, 0.36857772985937853, 0.3637414285505532, 0.989816358657673, 0.3716918584428688, 0.44813520102059945, 0.149098389126626, 0.6904659486140688, 0.12644493038480287, 0.43058028305748686, 0, 0.02550443360342866, 0.061850240483385555, 0, 2.6845355212148925e-05, 0), (0.20809351989327315, 2.3283456888852188)),
    ((0, 0.1485474885214902, 0.11089897544511557, 0, 1, 0.07397460392069759, 0.5842098146945531, 0.09979405330224009, 0.39357708673335606, 0, 0.18260879824417184, 0.5329454941369889, 0.35316755461601806, 0.47065288513863623, 0.5386394794541516, 0.5791638912292894, 0.420642456990902, 0.9764878324055424, 0.30450935515813504, 0.4468392106512259, 0.04335410274060644, 1, 0, 0.7536086938357038, 0.313765178397556, 0.3001928319885082, 0.0933876289385952, 0.04197745117879912, 0.27319407493478154, 0.037653320468644974), (0, 4.126349323039013)),
    ((0, 0.00898197819902119, 0, 0.06305185976351502, 1, 0, 0.177260363225139, 0.21199657914465042, 0.3615741479745076, 0, 0.07305117352422456, 0.5670401083372801, 0.6322930705256893, 0.22360827095170677, 0.03424819473924311, 0.38850554114650787, 0.45487847487074484, 0.6150628449208093, 0.16606321230190357, 0.5056880665298243, 0.0017712474119318117, 0.6048933643576244, 0.0005945072088690551, 0.5891591232778322, 0.07340169074809297, 0.35822274417448763, 0.24363776333128545, 0, 0, 0.06414050248284708), (0, 3.3024870159424005)),
    ((0, 0.029912921844524192, 0.11998825204829036, 0, 1, 0, 0.23761901395734356, 0.243107751379111, 0.3377690377754688, 0.03652119806629101, 0.10837416717862199, 0.5586588333531153, 0.21924467348848153, 0.22286496049352875, 0, 0.3786538127708036, 0.4069045278270809, 0.9113914223051043, 0.19980893494637836, 0.32744573264580995, 0.032410106344938405, 0.5679609073113323, 0.025395272658553736, 0.5619464255404946, 0.08777608006246779, 0.3070536148580296, 0.1231278215673368, 0, 0.0743220825785823, 0.23304241093169642), (0, 3.281437919220706)),
    ((0.4471084621144204, 0.03259628750531921, 0.06121465573766897, 0.04518802229637739, 0.9842727626338262, 0.13050389616866903, 0.12292135618854044, 0.12929592098593526, 0.011913824854674238, 0.051462307193029036, 0.08984294222375347, 0.5746996476093987, 0.4731714794710226, 0.4479697630547429, 0.013356838692074206, 0.35664328651001376, 0.2985559865370921, 0.20622690740955707, 0.3327237050310497, 0.4173602866080307, 0, 0.7249935771141496, 0, 0.44714190234435025, 0.05243542145771571, 0.2846169374938003, 0.025731086303689477, 0.031016281824332966, 0.22692789928582738, 0), (0.4471084621144204, 1.874010450828226)),
    ((0, 0.031390600348121564, 0.31645997811182613, 0.018174224305782246, 0.618534800026946, 0.2926549587702739, 0.26613248252234456, 0.37641962235164955, 0.42516310676734725, 0.21611294112099327, 0.10085669740753142, 0.5391158261336333, 0.43187832995676423, 0.4294345900679532, 0.1988192094312884, 0.4469871588113535, 0.36300644603502097, 1, 0.3448627785898548, 0.3863639127706287, 0.06402427495536947, 0.5724558123121135, 0.13569283399631923, 0.5153897175160093, 0.13756083857082746, 0.39737852878468116, 0, 0.19757164679760889, 0.04162711409794646, 0), (0, 3.750917788794541)),
    ((0, 0.0519847225777009, 0.09289160949230603, 0, 0.9314469405956145, 0.06393801852363054, 0.2020044331681146, 0.03583801066415224, 0.3626059044079849, 0, 0.07738730223057007, 0.5639091123488885, 0.1399356620444835, 0.18940469684572042, 0.060222098933900965, 0.37202920616775054, 0.39869194813443576, 0.9011525281540518, 0.577854005865999, 0.3169045854511212, 0.01294748589083694, 0.7849326417436173, 0.06986051067447496, 1, 0.12735160519859312, 0.35560145194984444, 0.009330703794090766, 0.12704013690940322, 0, 0.3594124831929974), (0, 3.5400724222290543)),
    ((0, 0.004067876096373664, 0.04545092682527979, 0, 0.9097672404895771, 0.04311751916678899, 0.18845650212443227, 0.2500767257883234, 0.4095271956630369, 0.02151635277385949, 0.059361453819972966, 0.3982367076885671, 0.22952432173319337, 0.4203712642247305, 0.01136127620012779, 0.3969393721620289, 0.4237917918992911, 0.7722404688817752, 0.446092156247459, 0.42609761437568766, 0, 0.6462201348500383, 0.18960498548143856, 0.921200394499347, 0.07282050477503282, 0.24702653765751048, 0, 0.05715555887680952, 0.43819720688383895, 0.005006921178548521), (0, 3.4930710721816425)),
    ((0, 0, 0.05754756400051855, 0.018721804375376076, 1, 0, 0.12221332955716227, 0.30027074712745394, 0.44658086460288526, 0.040698008602820024, 0.08359565794053464, 0.5766869258780923, 0.39788492188476515, 0.30005148100222956, 0.02356561174170564, 0.22760387903368978, 0.48632006314257514, 0.45047759598851705, 0.36875618830749296, 0.379507186675693, 0, 0.5498542379149428, 0.3605777736173494, 0.3592262611829722, 0.29567201569713475, 0.24787609060503113, 0, 0, 0.24998995611660554, 0.0616343399590834), (0, 3.298200432572127)),
    ((0, 0, 0.3702700324081253, 0.027330638398337742, 1, 0.15330395466275273, 0.16583293654855913, 0.12737799754419987, 0.3719505341492881, 0, 0.03431608431171818, 0.5424743820806484, 0.669122233324488, 0.06481290101399906, 0.127555678159283, 0.7449452557314963, 0.4000113349527184, 0.7388016776635575, 0.6680818949653164, 0.4503027475204478, 0.2658493182578011, 0.9180927970620473, 0.22470261763611346, 0.6631118518799637, 0.44144115832462116, 0.3512093911963315, 0.04907014960208697, 0.03246341523741371, 0, 0), (0, 3.980064787713167)),
    ((0, 0, 0.5055539703956076, 0.015928210865701842, 0.5730718933028276, 0, 0.14645470408355565, 0.24802348165465107, 0.44077999203985396, 0, 0.07984944886273197, 0.46932774470752636, 0.4119948314260462, 0.44730542495897285, 0.013402607330072841, 0.3420043667977688, 0.4181488974738726, 0.5160747230627558, 0.15942717999074763, 0, 0.2740790749819566, 0.6340738431212036, 0.3287721539972749, 0.5746833449156056, 0, 0.1988732955523751, 0, 0, 0.3421605763309531, 0), (0, 3.21585889285064)),
    ((0, 0.039464508736514636, 0.14479673084969621, 0.07178131100982672, 0.8842346168655187, 0.18477502627035575, 0.2743397564024894, 0.14061961242199625, 0.4118892042590476, 0, 0.0908970928666351, 0.5068401273680327, 0.3657665657990514, 0.2953318841760537, 0.09202569114034184, 0.6730726740741487, 0.31065503401432626, 0.844183229391859, 0.2788695572543668, 0.4628015002205088, 0.017844216629473116, 0.8126261726381009, 0.10907361026803665, 0.6873669011864898, 0.11338692968081182, 0.4077367592155935, 0.008074487066497521, 0, 0.06355102600009564, 0), (0, 3.573380621801821)),
    ((0.12044557480297109, 0, 0.09248607523034125, 0.0606993254521004, 0.38078915146694636, 0, 0.10988808406534778, 0.09181680540357542, 0.13847933959199726, 0.0065149545617249754, 0.09963526404767215, 0.6350083615080987, 0.4050852993485381, 0.23599595229846654, 0.04994556678480325, 0.48805270033325154, 0.30802091416683397, 0.6763353592463405, 0.4070844365967511, 0.3402989941443324, 0.06485178971528248, 0.5855169355127123, 0, 0.44428098016497164, 0, 0.2957091698699613, 0.09409417092439237, 0, 0.3422907030622222, 0), (0.12044557480297109, 2.373324336243153)),
    ((0, 0.0368315682946733, 0.11779610623531168, 0.20257146272706783, 0.5966114206443832, 0, 0.27046390649070196, 0.18835030568461117, 0.4391261600527393, 0.0025067832896121097, 0, 0.4037765288757758, 0.38375286603570113, 0.39969201465542037, 0, 0.3808797110899259, 0.27985022840609375, 1, 0.32191180682016274, 0.3985472796812026, 0, 0.9302989301044907, 0.13175982137850256, 0.31265110145075137, 0.16113305359063057, 0.3456460073392949, 0.10009210564897586, 0.0951483839768222, 0, 0.0934615949458018), (0, 3.3564045629919965)),
    ((0.23221285615959203, 0, 0, 0.013547757765362321, 0.7378208981977761, 0.03295263702681502, 0.23921211996956354, 0.1421429362686929, 0.3827916253075826, 0.08142927464003154, 0, 0.6405424151157171, 0.15485535406180756, 0.29733931549057163, 0, 0.392077742534673, 0.4296353365379519, 0.6010476472926857, 0.3214437137858434, 0.288168526380927, 0.08161108190065364, 0.5070468672124057, 0.22880943522412195, 0.8452851527433195, 0.13698712071057395, 0.3367020821610811, 0.07956195282120367, 0.07454244671086405, 0, 0), (0.23221285615959203, 2.326342880710991)),
    ((0, 0, 0.2427099710400375, 0, 0.5486168802333856, 0.05028399505083944, 0.22208316523964422, 0.20033659670555848, 0.4092473054191022, 0.06237335426812879, 0.185274657206128, 0.5727937216209327, 0.07125981374813876, 0.4042062968356829, 0.0163325618391448, 0.46487963634526686, 0.40930144053569334, 0.8380838492631564, 0.48535487444766334, 0.27680021785162223, 0.1890063479339139, 0.7140891189284898, 0.1274243889540183, 0.532420071090706, 0.39204898987599335, 0.34262843186031, 0.15108320106791345, 0.00951981601950494, 0.22972514783330733, 0.059394299916178), (0, 3.5470863227646263)),
    ((0, 0, 0.17785150412635492, 0.05880811700596918, 0.9345326912172207, 0.135760566883126, 0.27139992512023603, 0.03660229308479135, 0.38514858900529914, 0.01041127070632955, 0.12654118274668608, 0.5328163832824716, 0.4456365211989007, 0.3283747408072276, 0, 0.4285882516880627, 0.3657299443842175, 0.5987169954660689, 0.4099630330469835, 0.39735907265657766, 0.060522767828178295, 0.9290876743315719, 0.4108306001107998, 0.44894185503310596, 0.11170908167314572, 0.2824894722747346, 0.03390614420178686, 0.05832932094647471, 0.2670072894214078, 0), (0, 3.5594340549734333)),
    ((0, 0.022512948327602023, 0.1550118389133021, 0.0825424340988993, 1, 0, 0.2888094242456754, 0.0945806433949169, 0.3254682553574507, 0.04092544464069808, 0.016222529876979863, 0.4291986269424122, 0.2992792380336518, 0.47913079973624084, 0.022330987459437998, 0.5375609135794169, 0.3702750001731435, 0.8981477571408083, 0.4536303168965135, 0.5182779239175123, 0, 0.17565693053749254, 0.10002526139867754, 0.3440984966285898, 0.18701251559441442, 0.14158631640668384, 0, 0.004093497885078734, 0.0018153657533737655, 0.23713021136814502), (0, 3.242341831198761)),
    ((0, 0, 0.04282970264709823, 0.007266560956429252, 0.8452323068707885, 0, 0.23263317811883422, 0.10355732160550868, 0.3612061122583209, 0, 0.2987612704738971, 0.51607193052301, 0.4293241954950422, 0.57713278945058, 0.018598917478508364, 0.48165299017381613, 0.45553056439013423, 0.8336241413412582, 0.4768265979137186, 0, 0.7160606603484723, 0.5436870063249748, 0.10937111656259269, 0.8679344181785182, 0.16663170576327047, 0.2532003283995434, 0, 0, 0.8139218853250021, 0.3220522754081313), (0, 3.9399300615195534)),
    ((0, 0.010121736889109889, 0, 0, 0.7475764937525202, 0, 0.37003945965681645, 0.18716719441659846, 0.3239541001176036, 0.02269082609595105, 0.07822271154197316, 0.5778750013425991, 0.38911531347734585, 0.3475243441020997, 0, 0.3368742459967997, 0.4868256744841136, 0.11297098553287577, 0.5513466183136242, 0.38212166025570266, 0.12214465623187439, 0.6564800456143782, 0.12657919102956697, 0.5313083920305092, 0.16844895326242, 0.4227704097045528, 0.10915057987907692, 0.281451750801081, 0.23985170050182486, 0), (0, 3.3532244277682466)),
    ((0, 0.10868589308014649, 0.15076206268268116, 0.256475326305198, 0.21559786059109573, 0.006025896781350154, 0.24661310257712954, 0.105725777891583, 0.47985238315078427, 0, 0.07549766623094314, 0.5223908584507798, 0.3148056354529509, 0.4049146302128217, 0, 0.5367927107593098, 0.5031737068855142, 0.707776118634432, 0.3031834323354175, 0.3830670423526867, 0.37619726469636944, 0.747930707667882, 0, 0.686880641178391, 0.556015175373359, 0.3602593874546977, 0, 0, 0, 0.20883102983866425), (0, 3.562658234319231)),
    ((0, 0.016337613429199288, 0, 0.25681664502196727, 0.8618044879545637, 0.25452930960183323, 0.22470840432841904, 0.08804994992475929, 0.3846245725567433, 0, 0, 0.7569484515133964, 0.45758553532076046, 0.5783648680680191, 0.037874995623015634, 0.34705776362985263, 0.37587627592577144, 0.6526474315079696, 0.3096124784349193, 0.4536179854312994, 0, 0.22978004589329284, 0, 0.8330509691483071, 0, 0.3807570697767538, 0.04206183111456761, 0.039773745504867355, 0.010159066142054085, 0.5028259549580867), (0, 3.5121996226653023)),
    ((0.3936743686390504, 0.11180600026045895, 0.026739271247188917, 0.1513118991957309, 0.7395572084352497, 0, 0, 0.07478026712908838, 0.324292115277264, 0.289446909712282, 0, 0.49502236728474824, 0.39577445159142227, 0.4969247049268304, 0, 0.5605888174779117, 0.41519588871285196, 0.6398974442528962, 0.31166190847943886, 0.5273402241530601, 0, 0, 0.13460919797550377, 0.6642914938731809, 0.3449256952763262, 0.2529777912771666, 0.07080001621705155, 0, 0, 0.20191603659063287), (0.3936743686390504, 2.113713697391619)),
    ((0, 0, 0.018158767631440066, 0.2516314392649504, 0.9538857189707454, 0, 0.17613957080030818, 0.09044441752178564, 0.3234640962698825, 0.14826562629656595, 0.04536813627149701, 0.5117715214081587, 0.38607626729936495, 0.08753850093608995, 0.18883373464398287, 0.42581136182682955, 0.44036346477068383, 0.9755616169080636, 0.3036446022469549, 0.4753158480185149, 0.16919432407289178, 0.7881508306160417, 0.4150770358442455, 0.680600139657439, 0, 0.5786501779076013, 0.664346987412346, 0, 0.2504363644028339, 0.08282668807011608), (0, 3.9270350052284138)),
    ((0, 0, 0.07791354618026401, 0.010984842091546536, 1, 0.001107040305818166, 0.20659608284519174, 0.07361301631843231, 0.3232146378159694, 0.03155280102388427, 0, 0.5990334859507159, 0.997325871695663, 0.43055385355079445, 0.19802090854408255, 0.7493133303505578, 0.3722396714277711, 0.49925820850704283, 0.3755047280892721, 0.23750940017606775, 0, 0.09202650029418241, 0, 0.4941114466270774, 0.07185374367694872, 0.4763283269631514, 0.17798698760335996, 0.22030557621507657, 0.2607609678301831, 0.06920431147492545), (0, 3.497133571380062)),
    ((0, 0.060325036890127665, 0.10732741682131654, 0.10168176864340349, 0.416621089761525, 0, 0.19742710382647521, 0.2071506689365753, 0.44583643224431413, 0, 0.18432030093907006, 0.31420376025782587, 0.7710383347911153, 0.395784416742186, 0.024182514078636377, 0.507749244529936, 0.37031797805822925, 0.8529785397927278, 0.33535037932598577, 0.2806684309266987, 0.24079255198193283, 0.6556908111196422, 0.1275344646744067, 0.9821534972609419, 0, 0.4196995620594672, 0, 0.2913518842106741, 0.4932356703590065, 0.38762123656145353), (0, 3.846185788039416)),
    ((0, 0.109054883493548, 0.06844865046728779, 0, 0.775277311443417, 0.05325037054132803, 0.3000305819285538, 0.43489062494263697, 0, 0.10907695198868897, 0.27188618727423786, 0.5596881029654818, 0.3544326263087852, 0.3247716904008838, 0.1300706682593007, 0.3649544823631204, 0.43738213520164, 0.808019871501876, 0.3376800465853954, 0.3624269075502788, 0.13968404485671476, 0.7621189839772256, 0.10937218639911317, 0.28600231860401326, 0, 0.3809859933748493, 0, 0.19516832428083147, 0.24677217905023197, 0.05200221504484838), (0, 3.4745184499737447)),
    ((0, 0.11538476913743477, 0, 0.03173145370919553, 0.8200344240065252, 0.0928112033213518, 0.3381747135873099, 0.26468126492563326, 0.3730348517679814, 0, 0.20910305621068684, 0.5495385394940763, 0.5365506432346085, 0.6508897899646279, 0, 0.5179036970155267, 0.3843843809436205, 0.7465327507817674, 0.36693226946332896, 0.7045173378511297, 0, 1, 0, 0.8535454080253702, 0.2526260493659653, 0.5931321689216142, 0.09375577494090084, 0.042157482333764346, 0.35798222227651366, 0.12995886015957137), (0, 4.111319586308502)),
    ((0, 0.046382268327409173, 0, 0.09667103941245199, 0.967396527264245, 0.020062893665436846, 0.20583134006571382, 0.15570403106346353, 0.42263431654917416, 0, 0.1421254953706233, 0.6489894515747573, 0.2288728943113637, 0.21439630651817976, 0.002446684756469676, 0, 0.06739827651263125, 0.35715122553663137, 0.1468236559582462, 0.365831763759673, 0.04351266436500667, 0.187401287084084, 0.06581381924291707, 0.5168226402420681, 0.6108490280852039, 0.1768041162767637, 0, 0, 0, 0), (0, 2.765837777016642)),
    ((0, 0, 0.028109411971392065, 0, 1, 0.4089338858980698, 0.2104439751468816, 0.2569420640856761, 0.44220349066705983, 0.016669813411094626, 0.177329240875472, 0.4938643528839223, 0.3458040772967806, 0.42154946588216263, 0.03927110206835911, 0.5789344293834405, 0.2882469676033006, 0.8194565836093739, 0.43792091797441746, 0.1870810392918073, 0.06883277688212608, 0.5995763133927152, 0.4668452821566777, 0.6431070582817365, 0.04533576471440824, 0.3207271488990555, 0.03331371001728903, 0.0416183161079797, 0.16165411255422163, 0.15374761093511702), (0, 3.6961265588936154)),
    ((0, 0, 0.10996913945167025, 0, 0.8365464380342654, 0.049881616278644896, 0.2274821691216283, 0.0882500338058067, 0.40993611514353895, 0.20711491596659698, 0.08540041717691388, 0.3063353995885668, 0.2857957355609148, 0.48840779607485496, 0, 0.48682231829882505, 0.3627883809413153, 0.42210663901285317, 0.27396760004024084, 0.370023812155787, 0.30470177586471664, 0.7048342894436654, 0.17848175889374443, 0.5653026204887532, 0, 0.5152040177900464, 0.15650143052658125, 0, 0, 0.2145948960943745), (0, 3.374277373854784)),
    ((0, 0.12445098485396132, 0, 0.12453625787150793, 0.5459524349946949, 0.1765878987316714, 0.2681172609643875, 0.29791905148668935, 0.36942886006930103, 0, 0.07904727799231162, 0.5716372016575018, 0.29233001293573835, 0.14433106841158116, 0, 0.5858696592380503, 0.4239430764863325, 0.9434032154876314, 0.4018985703092197, 0.4387739340801235, 0, 0.1470031120345523, 0.6635197639379153, 0.9508825072243007, 0.3002815933975049, 0.5007413250041598, 0.15202096624650607, 0.24884280430088046, 0.5459058300447351, 0), (0, 3.885407655512115)),
    ((0, 0, 0.15479359885623897, 0, 1, 0.022511451303088903, 0.22118859304444774, 0.47790801299522656, 0.5848301642084189, 0.2665354948003708, 0, 0.5560548467913672, 0.11398177700435641, 0.33850032377866623, 0.2667158328247673, 0.4874523475639873, 0.3845635966498665, 0.932398019182699, 0.44898185098814114, 0.43413965215897476, 0, 0, 0.497166037249516, 0.7861424193970136, 0.3900537275360056, 0.5700725639601196, 0, 0.05532301428970718, 0.5640585534893059, 0.5650542722065867), (0, 4.140201219052064)),
    ((0, 0.719403959577823, 0.47233912395712074, 0.21503671854585138, 1, 0, 0.007307175747934214, 0.11712069536075126, 0.1817954763524121, 0.030208115447715917, 0.05195399686102664, 0.00552438300205732, 0.40643182257618987, 0.34444545207129007, 0, 0.30526029027238133, 0.4564357933963847, 0.4253584824247698, 0.4122405527549652, 0.2718036394669954, 0, 0.9760705364401703, 0, 0.7632235167214327, 0, 0.5468697830616046, 0.051257771101171426, 0, 0.09829076122516436, 0.2358987169168272), (0, 3.5120169265358046)),
    ((0, 0.032993349878968174, 0.3174872815658608, 0.015368704524673194, 1, 0.17617591203360977, 0.2695034418169232, 0.18155607653337152, 0.33701019194962695, 0, 0.11430880783093483, 0.6201515477036971, 0.08880575430600235, 0.5861000561852951, 0.19815348240283495, 0.5595543585167944, 0.47121054229507126, 0.9205735801008655, 0.6597377392736401, 0.5685198036210667, 0.1741614504760186, 0.5267439141813272, 0.985235149713872, 0.8839326089133779, 0, 0.6830325052216041, 0.05467407732907548, 0.09056984646940291, 0.8204374819242418, 0), (0, 4.518068240790116)),
    ((0, 0.07339950424412539, 0.311950244120607, 0.19054341715676507, 0.4049293950311753, 0.6184661390514512, 0.32117254563302755, 0.08536120840330914, 0.20798857071240637, 0.05988463418947089, 0.16017777662942753, 0.5299101728462904, 0.16916626326228187, 0.46870506051838035, 0.22034651242929032, 0.2479397192253844, 0.5814299695408041, 0.8031703080355974, 0.3814328794898061, 0.39894327776281746, 0.1532800140632535, 0, 0.5531644511656822, 0.8698968420188009, 0, 0.49704464356783207, 0, 0.15959961948735774, 1, 0.2349515865604287), (0, 4.011230786079723)),
    ((0, 0.020215397755390413, 0.2796966185906842, 0.057912185563822285, 1, 0, 0.11097464713034742, 0.02798565406110326, 0.5946554057858835, 0, 0.06453178967847456, 0.2955250422437843, 0.4174404113325534, 1, 0.1611693969024945, 0.36749493332591726, 0.24762864263404682, 0, 0.44392494962754686, 0.5562318904797976, 0.17961096758912787, 0.8817171759414251, 0.4144510116459046, 0.6203025430752727, 0.40812796968073944, 0.5846676593521547, 0.07682208856452932, 0.1375392678932023, 0, 0.5019655856963202), (0, 3.9329421072743)),
    ((0, 0.00190068954371303, 0.31358180300349503, 0, 0.6261740044322954, 0.12762182398802588, 0.20048641672884945, 0.36913686407819507, 0.3915828655271423, 0.05687573925385854, 0, 0.2765414256609273, 0.37788188566092795, 0.5962562232182582, 0, 0.22703499093585763, 0.3389730894311422, 1, 0.5487766988510768, 0.5054066600319698, 0.1371458888804796, 0.8475529940476589, 0.6185911513572795, 0.39559358699562097, 0, 0.44639446454629195, 0.07760384277638466, 0.5087858199169132, 0, 0.3743433397325913), (0, 3.9061441523238143)),
    ((0, 0.0737160139657668, 0.09721132436179712, 0.10999931322049708, 0.9806858007181523, 0.11762578575674093, 0.18357360568152012, 0.6034242171656494, 0.4020605094919376, 0.08263103777956135, 0.13954842903171416, 0.5785489136102114, 0.3172535998590663, 0.8672982221520542, 0.06511575714104115, 0.27478640084937694, 0.42880784755714196, 1, 0.48105813788802154, 0.537188105921014, 0.393268917487411, 0.253969577499644, 0.1060444297743861, 0.01729180257020202, 0.08417433188593149, 0.4844068374764198, 0.019376383084870157, 0.22607175506063992, 0.5463444938438639, 0.7923129350015822), (0, 4.185315530087101)),
    ((0, 0.018016655586374577, 0.41115451546771997, 0, 1, 0.18824855007817998, 0.2165830388967504, 0.10401931998294614, 0.3684046047733234, 0.0423562482940779, 0.19430915291978215, 0.7633433068159499, 0.2943999265065727, 0.5182800297405308, 0.009764047800358042, 0.4477458798961484, 0.4526355239528202, 0.9810634916091432, 0.4740626371095541, 0.4111029055275136, 0.24901842303444388, 0.5970504744370404, 0, 0, 0, 0.4293661154363296, 0, 0.124759724690997, 0.7104459009556974, 0), (0, 3.7950060090210442)),
    ((0, 0.34645328493837935, 0.30216978118410315, 0.07275440333768751, 1, 0.04825065511963222, 0.19430803697984722, 0.05903818806381478, 0.42374650426367083, 0.1703002775112621, 0.14659985910788909, 0.5843722577562216, 0.2024948762676338, 0.7570344229632137, 0.003311402129712593, 0.538228754233941, 0.7216233860843898, 0.5735592811792549, 0.4656704879682641, 0.63012117118329, 0.19625300825927017, 0.15241886710084518, 0, 0.8397254709172592, 0.24499555490665514, 0.4365585707303267, 0.05053699708141626, 0.3885761048384866, 0.5501669330098764, 0.3447829778433744), (0, 4.241257366711636)),
    ((0, 0.06458733780958685, 0.38465773834641936, 0.23170206668293694, 0.2566749611411523, 0, 0.25844432962795355, 0, 0.3649200205538898, 0.03442979605880864, 6.084827689892269e-05, 0.49969214717580246, 1, 0, 0.24548740485166554, 0.7582428129681658, 0.5450293780153439, 1, 0, 0.22077543886586853, 0.47255880825374874, 0, 0.444195973365059, 0.5347504507050519, 0.7874574141473802, 0, 0.1173132658275593, 0.011824514190729274, 1, 0.14171197685786888), (0, 3.9093327639136897)),
    ((0, 0.2945222468186359, 0.5601049769315583, 0.47069485156743157, 1, 0.5824184774824404, 0.13040171455099936, 0.1760871733090787, 0.28160759407874186, 0.06607330427861154, 0.10916612523098794, 0.4756022865366007, 0.11151255057849035, 0.47378331123241546, 0.04101232397784103, 0.16611133939799427, 0.33714884641702925, 0.48714261287710786, 0.6236899089573423, 0.3068252410193801, 0.2078296702565345, 0.8360523588596059, 0.1446519114747981, 1, 0, 0.49657029938434893, 0.27148319248013436, 0.2824319399204408, 0.7203312054364441, 0.19633370375283055), (0, 4.367113879354154)),
    ((0, 1, 0.18626957711629408, 0.313828030261886, 1, 0, 0.2709094681662457, 0, 0.40656355309112924, 0.055669256275845125, 0.21347303133669768, 0.48154606575203096, 0.030538353550629782, 0.46523352933891327, 0.1568380544442569, 0.5389633946405046, 0.24686926788654956, 0.2926500214184371, 0.4880857540694161, 0.42973192795775983, 0.005764327495133836, 0.33885777460626065, 0.4141237951816523, 0.38304039580881744, 0.08988332733157167, 0.4458775976239406, 0, 0, 0.6980808513573822, 0), (0, 3.7784543514621456)),
    ((0, 0.08572875923381204, 0.08078465241687657, 0.09570479057013126, 1, 0.13658227968210457, 0.30659906605106746, 0.06706707622364208, 0.3235493767278734, 0.003916079754861898, 0.09703753212743979, 0.4481584159171508, 0.2608826632563004, 0.6824100475401307, 0.08975858668818698, 0.4118451387033983, 0.24418471543553344, 0.5180792464518884, 0.4190347165599736, 0.4902055207511796, 0.11022101941863638, 0.46416514918226376, 0.3883994433005702, 0.8341059710505314, 0.20664133601822857, 0.5121392635602302, 0.21409699678265637, 0, 0, 0.5387897344691036), (0, 3.802440972443584)),
    ((0, 0.18036562617670981, 0.3527046370508738, 0.21265330864146909, 0.5413498117131423, 0, 0.32895912817200246, 0.10755062109682817, 0.3356552496748098, 0, 0.7309602334540167, 0.5483824155198833, 0, 0.7237229319022151, 0, 0.6763141403718493, 0.4999723987654976, 0.18153669181832788, 0.3305202085872582, 0.4509654265383666, 0, 0.22665367332779307, 0.012910627804552433, 0.6706765883075635, 0, 0.5065392965018047, 0.03218861571033263, 0.20009804135965964, 0.154849806826863, 0), (0, 3.4844746659964265)),
    ((0, 0, 0.45380659584253835, 0.729062451001457, 0.20670875304919498, 0.0043108328215474, 0.2549336891142822, 0.10883891744191365, 0.1254770492658605, 0, 0, 0.6701029017795075, 0.5413950215479963, 0.4896962264450839, 0.31094526727057337, 0.4185306123418493, 0.5642405980508411, 1, 0.6528442574066989, 0.3880905526366906, 0.029904823831085947, 1, 0, 1, 0.06765484238091324, 0.5614679516656713, 0, 0.3968850392922568, 0, 0.22752045171379903), (0, 4.166267293589581)),
    ((0, 0, 0.7100459868379088, 0.025325306119695752, 0.6004339245417576, 0.05410237288431583, 0.1633536379606142, 0.2613159257034, 0.34571344814893284, 0.1505599832121095, 0.18530996054310145, 0.3833066785606881, 0.7399222946283374, 0.5712265801295842, 0, 0.1363874345860292, 0.46928099830644737, 0.4935208134961601, 0.3697800201929362, 0.6401238717931563, 0.06616085345715861, 1, 0, 0.7901425359194715, 0.1381451052974541, 0.6706043549536003, 0.19018997132069126, 0, 0.5909379753176056, 0.1985352664883519), (0, 4.086200955296398)),
    ((0, 0.09561770074250187, 0.45548173621340227, 0, 0, 0, 0.19397038757933183, 0.19823744345492417, 0.43120324520712144, 0, 0.09525523534820851, 0.4214634242238807, 0.3873297026848843, 0.1691050583999511, 0.16457880877191794, 0.4316923615685926, 0.37725527874308495, 0.49676716554397865, 0.36925999224845524, 0.47643181470292806, 0, 0.7679565208883457, 0.6847633527926482, 1, 0.43998235036777544, 0.400668928033249, 0, 0.08796043803603575, 0.3330371064017625, 0.16570998392799996), (0, 3.6825362869975455)),
    ((0, 0.22708462666142548, 0.22009005050879996, 0.14199677284112172, 1, 0, 0.13382409784271657, 0.5552175524683505, 0.6764587266655675, 0.007252642361536131, 0.27933528111424866, 0.5617069927377463, 0.07143303608206186, 0.19879517206194885, 0.07883543909557546, 0.1955441295306457, 0.46229295957768324, 0.8614837862821667, 0.43478432073483, 0.38684133875432664, 0.07750502297416062, 0.8347938260797874, 0, 1, 0, 0.6210592119655627, 0.07294659327675311, 0, 0.23137722313270892, 0.3547182016216244), (0, 4.005806656529039)),
    ((0, 0.02997829991836111, 0, 0.05645307211745826, 1, 0.10979403418541905, 0.030997106867465374, 0.38956846079344987, 0.1819694069223743, 0.0509193486170678, 0.2550983442451964, 0.6740823221629376, 0.31065772356396676, 0.3247748166422114, 0, 0, 0.38806630804633513, 1, 0.4792626956727962, 0.08862182825401292, 0, 1, 0.11722841936432074, 0.7861020016779643, 0, 0.7654102918817536, 0.1927740978694708, 0.49425994102066434, 0.36061529046382373, 0), (0, 3.8199898031925326)),
    ((0, 0.14382316021812247, 0.7582824705503785, 0, 1, 0.07009941192607788, 0.1426544787104259, 0.6538926494999463, 0.3601362295137255, 0, 0.014896788677004363, 0.8030300072658227, 0.2661259790079872, 0.6801296296751017, 0.15869919440471578, 0.1748895864367048, 0.30023229878287944, 1, 0.695581126038019, 0.22567894911780167, 0, 1, 0.977078113363442, 0.5487962090400998, 0, 0.31542234736971553, 0, 0.5248779629437389, 0, 0.5722023245759491), (0, 4.533750353588239)),
    ((0, 0, 0.3067426786479221, 0.01240039674548824, 0.7637685806207524, 0.6618007411191797, 0.22929859391823687, 0.9229168125814706, 0.26611799518769536, 0.05409024552785688, 0.46933860534824434, 0.5941877954199162, 0.1654694344204286, 0.412493851549223, 0.1628450403599369, 0.13078231636290638, 0.19234084169782567, 0.6548797690056363, 0.25314973777957805, 0.9747652818758814, 0, 0.7653835010940768, 0.22221926572964046, 0.8146705424665488, 0.27059535513401245, 0.6979677353135045, 0.13686587683117982, 0.1859013599608902, 0, 0.3411705048951188), (0, 4.308947094356496)),
    ((0, 0.02477668100151871, 0.4417485553156659, 0.4268192128643311, 0.7023992469794095, 0, 0.0548663432494689, 0.24783721815074788, 0.4818164376809414, 0, 0.21650552091118813, 0.4879706784325214, 0.38149942696429223, 0.45750387789879693, 0.17725327279630182, 0.34990975414277087, 0.47531932347568917, 1, 0.3140286600855124, 0.2708731337910467, 0.19622163223103992, 0.650741658541997, 0.2153333974314876, 1, 0, 0.33748287526148146, 0, 0, 0.5027183638028115, 0), (0, 3.921469911692455)),
    ((0, 0, 0, 0.0785120072057312, 1, 0.2515489595129638, 0.13043483548196577, 0.34523823089634176, 0.271729492792369, 0.06553901249111271, 0.11486504800673686, 0.4908061513864614, 0.3426143568632434, 0.47516772900195564, 0.17789467148210153, 0.5021645485227697, 0.22739633933639472, 0.5989932397468942, 0.4540452604921968, 0.5258947672667174, 0, 1, 0.9624510377321492, 1, 0, 0.32748513487952846, 0.12090914244886562, 0.19692316216101055, 0, 0.25675427088584263), (0, 4.077803675425523)),
    ((0, 0.10162532354376211, 0.26187568025915037, 0.31855091220149007, 1, 0.4228895711558145, 0.2536589961806705, 0.37971765322847184, 0.34049201801070705, 0.023043567744729807, 0.7961239089720074, 0.23051359738139554, 0.5131178754339456, 0.48484007423846115, 0, 0.5492845889594792, 0.4435775390738431, 0.5900896965308439, 0.5344277041791827, 0.23051538930840812, 0, 1, 0, 0.7504444950669864, 0.47939061732595745, 0.44643473348103413, 0, 0.08110945662893926, 0, 0.8016033977282372), (0, 4.4241359024035045)),
    ((0, 0.2374020906080772, 0.25750810431289467, 0.3768347566118971, 1, 0.31503460434123676, 0.6306024862536882, 0.3448137325458217, 0.42020123081445876, 0.36915769083548455, 0.8117346085951086, 0.6186949074530483, 0.4602812966878953, 0.5079811453728716, 0.7911864230514015, 0, 0.3099518824385829, 1, 0.4975771477018224, 0.4494764015535421, 0.2717407291765108, 1, 0, 0.26778789945126497, 0.4038119218240833, 0.580286714166375, 0.04430424579002901, 0.17978902788031945, 0, 0.25323649592884195), (0, 4.848088272088184)),
    ((0, 0.3307404491070603, 0.5050504859535919, 0.0012583859559248678, 1, 0, 0.20103580988702968, 0.36131423472235213, 0.37319053973853217, 0, 0.11512669587633091, 0.6672632737460479, 1, 0.5948089984751477, 0.20822692136980267, 0.23515203449799527, 0.4296627739491248, 0.8989544042029852, 0.5318682075795488, 0.1882464089216292, 0.1264135217766323, 0.750211246330331, 0.14242003083215993, 1, 0, 0.14494694846335587, 0, 0, 0, 0), (0, 4.043207666981733)),
    ((0, 0.07840420456154032, 0.31838439551959974, 0, 0.16092175945186038, 0.4550265252359295, 0.4324048658574264, 0.2366750805170776, 0.27924112089669473, 0.12073870587493502, 0.12998501503511015, 0.5736687460968216, 0.06556636616626565, 0.911617861462382, 0, 0.22098093281895492, 0.19017965843944662, 1, 0.44442529316511936, 0.41341672789734923, 0, 1, 0, 1, 0, 0.2604784387076144, 0.022634261761246444, 0.45396311700167336, 0, 0), (0, 3.721324747869084)),
    ((0, 0.03546628903303105, 0.05256583662217962, 0, 1, 0, 0.278894866987876, 0.2916036000999084, 0.2780268430919357, 0.02538541715095982, 0.09835577974291922, 0.49882706728769344, 0, 0.8921941399902849, 0.0495865792591619, 0.2413079267393784, 0.3547791965985158, 0.45204736535969275, 0.19747025233963736, 0.19383972263372307, 0.24908619379837874, 0.6291909562315865, 0.35147018219699366, 0.5264512605309726, 0.14545688735949955, 0.5908047988811912, 0, 0, 0, 0.4304897320219716), (0, 3.4403347601937035)),
    ((0, 0, 0.23624018715896147, 0, 0.8950114124238511, 0.7532291004896909, 0.20898832915131643, 0.16502981124561905, 0.428210730918132, 0.26663414862012974, 0.1879725684918829, 0.63464443092653, 0.2898258761020166, 1, 0.3057285402054254, 0.38511627939482324, 0.38496161055851685, 0.5946084401358476, 0.4897894816102368, 0.4229713710685591, 0.174774213582654, 0.7654139914037774, 0.5304491429375713, 0.7278188390507516, 0, 0.4642256099963357, 0, 0, 0, 0.11006916915783338), (0, 4.234324812471522)),
    ((0, 0.036343410276658994, 0, 0, 0.7881385821629164, 0.21151213690283313, 0.5078427370442947, 0.34254340686468837, 1, 0, 0.1683519552763017, 0.48833358850826186, 0.24603185966642738, 0.8988536245531927, 0.07038554149528953, 0.44346530413976165, 0.3107853572154113, 1, 0.37159641214515476, 0.44067453352398106, 0, 0.37430310928575194, 0.13741872648614067, 0.23156692699202877, 0, 0.3560182576205733, 0, 0.19251833087662606, 0.7885533587911935, 0.0843570810535843), (0, 3.945046488549299)),
    ((0, 0.2187871869797977, 0.16628910937084254, 0.15644247764159178, 0.7928631912467119, 0.03493772462027572, 0.026689880211995087, 0, 0, 0.06707090648995973, 0.08982105474559932, 0.5239744020198196, 0.1725138844671561, 0.5252561601412501, 0, 0.4026036408930326, 0.24292624613470581, 1, 0.15980337146845433, 0.4302520997359248, 0.13432737053294236, 0.21818959534212, 0, 1, 0.2671779377156095, 0.2147818389415765, 0, 0.27089278552350254, 0.2757161034142319, 0.01398625440343304), (0, 3.298197551667752)),
    ((0, 0.1196676069170619, 0, 0, 0.30815786044346816, 0, 0.27646619564671865, 0.056856671666058456, 0.20188396320428775, 0, 0.14537510484130284, 0.4780162885274671, 0.600584815913412, 0.5615061517733158, 0.13876177641188633, 0.5575322085249632, 0.9047016742639137, 0.8886169707975797, 0.3568736039900438, 0.36852897418891045, 0.09285277953511104, 0.6519771378207899, 0, 0.9674147272367305, 0, 0.719544311545681, 0.029052997524870547, 0, 0.4030673710752627, 0.2358795080826146), (0, 3.812754079289071)),
    ((0, 0.10170064286027253, 0.4174109467751845, 0.013860450873930258, 1, 0, 0.3627888978453535, 0.17308387377438872, 0.36686006262495285, 0, 0.2377208937712659, 0.7156048034208548, 0.31186392135040963, 0.24888206597495016, 0.060463909922655684, 0.2616347146937905, 0.3390486489645611, 0.7157125994278986, 0.43241074914626915, 0.5390395669820289, 0, 1, 0, 0.6992499499987133, 0.3336953598586075, 0.5030202335689848, 0.2038053139676277, 0, 0, 0.14157249449480325), (0, 3.8487886518164656)),
    ((0, 0, 0.6595083590169334, 0.004185741427581463, 0.3379650405377309, 0, 0.18420086797937102, 0.11390214889717326, 0.2332923084844916, 0, 0.14443349534184746, 0.6374222571581071, 0.31615235203130676, 0.28316999830061207, 0.01816465317038818, 0.4246886893068988, 0.25164739134124414, 1, 0.26354588355161496, 0, 0, 0.3897098901864977, 0.35902422583462346, 1, 0.49947996026680147, 0.10850909705824525, 0.1728063512640131, 0, 0.20097714423434088, 0.046193638696454375), (0, 3.3738212223026376)),
    ((0, 0.07014750203962959, 0.3607871467435001, 0.25271356606705075, 0.9866856238414686, 0, 0.045797944324559636, 0.35892718141823954, 0.23886809692938002, 0, 0.08663211215892178, 0.5951088214606651, 0.3728449647589814, 0.967006467514404, 0.3835932087373577, 0.02412631020131708, 0.4788320644297228, 1, 0.7401643715772825, 0.17026471848796343, 0, 1, 0.12405671446281685, 0.6332627649454979, 0, 0.7448820891782553, 0, 0.08517445383020034, 0.09014432176922742, 0), (0, 4.044489103582344)),
    ((0, 0, 0.26646764408944557, 0.12724086594080442, 0.8875916645514725, 0, 0.19990804861089967, 0.08022382163794162, 0.3634850171473307, 0.052270348726471016, 0.17589687364784945, 0.7663010967232973, 0.3038729174707947, 0.3521602565756664, 0.14924919172875292, 1, 0.36371170416755455, 0.2994134032859743, 0.24227065557085992, 0.525497897063762, 0, 1, 0, 1, 0, 0.18096379255414047, 0, 0.1819117609555026, 0.14112877893183162, 0.2787952034262138), (0, 3.77397408569859)),
    ((0, 0.08841584321543004, 0.17620557341648596, 0, 0, 0, 0.26680094044683367, 0, 0.09768517021858414, 0, 0, 0.7127893397647185, 0.7046958873151679, 1, 0.16711387888543938, 0.556625387795322, 0.4817281366274536, 0.2172544610216398, 0.560349723669548, 0.3540544158176391, 0.25928967433725103, 1, 0.23368292027964277, 1, 0, 0.38812401118425394, 0.4410744332880951, 0.09899791751901654, 0, 0.5964013693592518), (0, 3.9176414399122748)),
    ((0, 0.10120978908975428, 0, 0.12112769445635763, 0.990865598668194, 0, 0.2054632545183631, 0.0676430534922966, 0.12102612853165058, 0.07734483357571087, 0.22115751380666954, 0.46852533052488254, 0.14298909720351938, 0.4977534090692445, 0, 0, 0.10615343532411836, 0, 0.27759307288958357, 0.3889047317183391, 0.02701021366977524, 0.4788617008821099, 0, 0.4617384953367688, 0.237100879635306, 0.23972647501728098, 0, 0, 0, 0), (0, 2.6237845643685973)),
    ((0, 0, 0.24231580120697385, 0, 1, 0, 0.3021480044108655, 0.08792611776277814, 0.4138204775499623, 0, 0.47689549313586577, 0.05836226066999031, 0, 0.8560471130421727, 0.8894231548011318, 0.5314700980746722, 0.049918382976782305, 0.6553615020731101, 0.6092405378391714, 0.8292589777042985, 0.07687234322571945, 0.9942701252793942, 0.7237922722635743, 1, 0.35376993494354564, 0.5541538318464484, 0.17848827822254867, 0, 0, 0.6965908672407279), (0, 4.593832074773365)),
    ((0, 0.09623849785834428, 0, 0.10416858419558461, 1, 0, 0.3080057754183106, 0.15721205296379911, 0.32258400928937514, 0.15838662355019997, 0.1708202586258055, 0.47338407552374284, 0.15844351624027508, 0.6082796620388855, 0, 0.5325891875168102, 0.12335323560996284, 1, 0.5559172610205383, 1, 0.37928126563266445, 0.6484723284895955, 0.15884453737398663, 0.6479064383728943, 0.510820506267072, 0.47499553416151796, 0.29570477607611945, 0.41231361195613014, 0.3686998919458837, 0.15115295926583316), (0, 4.357178320846206)),
    ((0, 0.06333445122771753, 0.3679507584744455, 0.07031743043537594, 0.7942817804547446, 0.00935956057196341, 0.25016072007881063, 0.18435910222818042, 0.2732037722884842, 0, 0.17540328809256678, 0.8016328941581681, 0.5620784269496356, 0.6369371030705876, 0.20143909057412032, 0.050462691022820486, 0.41941797524791946, 0.8951438481188989, 0.7705229065221888, 0.3516452248910904, 0.36055864035056984, 0.5930226054739332, 0.1707968673244709, 0.6782619568435766, 0, 0.6339621094973343, 0, 0, 0, 0), (0, 3.8906303046578765)),
    ((0, 0.030699986835939976, 0, 0.5028054902224132, 0.4107966519245284, 0.170268616603785, 0.30197619210877447, 0.46827152153728696, 0.37269942189395927, 0.06853957306396341, 0, 1, 0.8004594519642496, 0.01426385138069508, 0.12881336627328166, 0.3173684133498063, 0.1324706740521442, 0.05482031734588727, 0.028036527057347632, 0.18080943377393366, 0.35086114607734087, 0.5679148039378913, 0.9775355146974327, 0, 0.40195295098654404, 0, 0.10354316923943403, 0, 1, 0.08950019131678644), (0, 3.629988461751408)),
    ((0.49871100231286747, 0, 0, 0.25711338350695984, 0.19871340198159626, 0.1323157503084359, 0.5460922584874708, 0.3654195643152235, 0.19606764526722775, 0.3754954181537654, 0, 0.4356879126225083, 0.3289220382886212, 0, 0, 0.04934596457694204, 0.03333153948126466, 0, 0, 0.031633347874035406, 0.045451103698244816, 0, 0.4010698134811883, 0, 0.6289332062321615, 0, 0.07104528189038439, 0.444224424857437, 0.04015942238975269, 0.44057064400343693), (0.49871100231286747, 1.4288611692910425)),
    ((0, 0, 0, 0, 0.03232374440308605, 0.2052244716293804, 0.3690116722320831, 0, 0, 0, 0.3931818491107182, 0.62076833901157, 0.630094052864278, 0.25081567459704834, 0.24345475381773035, 0.9281554755607395, 0.3103499003627035, 0.36404279081993557, 0, 0.0298655886200431, 0.8787040770317752, 0.6962177419214068, 1, 0.672736628120189, 0, 0.38382766363748677, 0.16980069059618863, 0, 0.26910836873998106, 0.12474687617861269), (0, 3.6604094218377448)),
    ((0, 0, 0.08202268227317133, 0, 0.9405692237985405, 0, 0.19279612205617233, 0.1972585888361798, 0.37165067395053, 0, 0.09545682986470189, 0.5382340257496774, 0.37649723471265384, 0.39532796873062653, 0, 0.3991266245522299, 0.38788798168167515, 0.7379120988852088, 0.37490700094327234, 0.3891736884075789, 0, 0.6553464747653954, 0, 0.6050864080527579, 0, 0.35470761037517295, 0, 0, 0.07845940953593225, 0), (0, 3.2259236491221825)),
),)
