fronts = ((
    ((-4, 4, 4), (-6.451814594072729, 13.694429590046344)),
    ((-4, -4, 4), (-6.451814594072729, 4.494169208078436)),
    ((4, -4, 4), (-6.451814594072729, 13.694429590046344)),
    ((4, -4, -4), (-6.451814594072729, 4.494169208078437)),
    ((-4, -4, 4), (-6.451814594072729, 4.494169208078436)),
    ((-4, -4, -4), (-6.451814594072729, -4.706091173889471)),
    ((-4, 4, 4), (-6.451814594072729, 13.694429590046344)),
    ((-4, -4, 4), (-6.451814594072729, 4.494169208078436)),
    ((-4, -4, 4), (-6.451814594072729, 4.494169208078436)),
    ((-4, -4, 4), (-6.451814594072729, 4.494169208078436)),
    ((4, -4, 4), (-6.451814594072729, 13.694429590046344)),
    ((-4, 4, 4), (-6.451814594072729, 13.694429590046344)),
    ((-4, 4, -4), (-6.451814594072729, 4.494169208078437)),
    ((-4, 4, -4), (-6.451814594072729, 4.494169208078437)),
    ((-4, 4, 4), (-6.451814594072729, 13.694429590046344)),
    ((-4, -4, 4), (-6.451814594072729, 4.494169208078436)),
    ((-4, -4, 4), (-6.451814594072729, 4.494169208078436)),
    ((4, -4, 4), (-6.451814594072729, 13.694429590046344)),
    ((-4, -4, 4), (-6.451814594072729, 4.494169208078436)),
    ((4, 4, -4), (-6.451814594072729, 13.694429590046344)),
    ((4, 4, -4), (-6.451814594072729, 13.694429590046344)),
    ((-4, -4, 4), (-6.451814594072729, 4.494169208078436)),
    ((4, -4, 4), (-6.451814594072729, 13.694429590046344)),
    ((-4, -4, -4), (-6.451814594072729, -4.706091173889471)),
    ((4, -4, 4), (-6.451814594072729, 13.694429590046344)),
    ((4, 4, -4), (-6.451814594072729, 13.694429590046344)),
    ((-4, 4, 4), (-6.451814594072729, 13.694429590046344)),
    ((4, -4, 4), (-6.451814594072729, 13.694429590046344)),
    ((4, 4, 4), (-6.451814594072729, 22.894689972014252)),
    ((-4, 4, -4), (-6.451814594072729, 4.494169208078437)),
    ((2.1930171870583419, -0.81811151266709436, -1.0357973277667556), (-13.941586173940756, -7.8351400146115306)),
    ((-4, 4, 4), (-6.451814594072729, 13.694429590046344)),
    ((4, -4, -4), (-6.451814594072729, 4.494169208078437)),
    ((-4, 4, 4), (-6.451814594072729, 13.694429590046344)),
    ((4, 4, -4), (-6.451814594072729, 13.694429590046344)),
    ((-4, 4, -4), (-6.451814594072729, 4.494169208078437)),
    ((-4, 4, 4), (-6.451814594072729, 13.694429590046344)),
    ((4, 4, -4), (-6.451814594072729, 13.694429590046344)),
    ((4, 4, 4), (-6.451814594072729, 22.894689972014252)),
    ((4, -4, -4), (-6.451814594072729, 4.494169208078437)),
    ((4, 4, -4), (-6.451814594072729, 13.694429590046344)),
    ((4, 4, -4), (-6.451814594072729, 13.694429590046344)),
    ((4, 4, -4), (-6.451814594072729, 13.694429590046344)),
    ((-4, 4, -4), (-6.451814594072729, 4.494169208078437)),
    ((4, -4, -4), (-6.451814594072729, 4.494169208078437)),
    ((4, -4, 4), (-6.451814594072729, 13.694429590046344)),
    ((4, -4, 4), (-6.451814594072729, 13.694429590046344)),
    ((4, -4, -4), (-6.451814594072729, 4.494169208078437)),
    ((4, 4, -4), (-6.451814594072729, 13.694429590046344)),
    ((4, 4, -4), (-6.451814594072729, 13.694429590046344)),
    ((-4, 4, -4), (-6.451814594072729, 4.494169208078437)),
    ((4, 4, -4), (-6.451814594072729, 13.694429590046344)),
    ((-4, -4, 4), (-6.451814594072729, 4.494169208078436)),
    ((4, 4, -4), (-6.451814594072729, 13.694429590046344)),
    ((-4, 4, -4), (-6.451814594072729, 4.494169208078437)),
    ((4, 4, 4), (-6.451814594072729, 22.894689972014252)),
    ((-4, -4, 4), (-6.451814594072729, 4.494169208078436)),
    ((4, -4, -4), (-6.451814594072729, 4.494169208078437)),
    ((-4, 4, -4), (-6.451814594072729, 4.494169208078437)),
    ((-4, -4, -4), (-6.451814594072729, -4.706091173889471)),
    ((4, -4, 4), (-6.451814594072729, 13.694429590046344)),
    ((4, -4, -4), (-6.451814594072729, 4.494169208078437)),
    ((-4, 4, 4), (-6.451814594072729, 13.694429590046344)),
    ((-4, -4, 4), (-6.451814594072729, 4.494169208078436)),
    ((4, -4, 4), (-6.451814594072729, 13.694429590046344)),
    ((4, -4, -4), (-6.451814594072729, 4.494169208078437)),
    ((-4, -4, 4), (-6.451814594072729, 4.494169208078436)),
    ((-4, -4, -4), (-6.451814594072729, -4.706091173889471)),
    ((-4, 4, 4), (-6.451814594072729, 13.694429590046344)),
    ((-4, -4, 4), (-6.451814594072729, 4.494169208078436)),
    ((-4, -4, 4), (-6.451814594072729, 4.494169208078436)),
    ((-4, -4, 4), (-6.451814594072729, 4.494169208078436)),
    ((4, -4, 4), (-6.451814594072729, 13.694429590046344)),
    ((-4, 4, 4), (-6.451814594072729, 13.694429590046344)),
    ((-4, 4, -4), (-6.451814594072729, 4.494169208078437)),
    ((-4, 4, -4), (-6.451814594072729, 4.494169208078437)),
    ((-4, 4, 4), (-6.451814594072729, 13.694429590046344)),
    ((-4, -4, 4), (-6.451814594072729, 4.494169208078436)),
    ((-4, -4, 4), (-6.451814594072729, 4.494169208078436)),
    ((4, -4, 4), (-6.451814594072729, 13.694429590046344)),
    ((-4, -4, 4), (-6.451814594072729, 4.494169208078436)),
    ((4, 4, -4), (-6.451814594072729, 13.694429590046344)),
    ((4, 4, -4), (-6.451814594072729, 13.694429590046344)),
    ((4, -4, 4), (-6.451814594072729, 13.694429590046344)),
    ((4, -4, 4), (-6.451814594072729, 13.694429590046344)),
    ((-4, -4, -4), (-6.451814594072729, -4.706091173889471)),
    ((-4, -4, 4), (-6.451814594072729, 4.494169208078436)),
    ((4, 4, -4), (-6.451814594072729, 13.694429590046344)),
    ((-4, 4, 4), (-6.451814594072729, 13.694429590046344)),
    ((4, -4, 4), (-6.451814594072729, 13.694429590046344)),
    ((4, 4, 4), (-6.451814594072729, 22.894689972014252)),
    ((-4, 4, -4), (-6.451814594072729, 4.494169208078437)),
    ((2.193094215772784, -0.83768959633837237, -1.0501092659773095), (-13.897012679493358, -8.0782317109958903)),
    ((-4, 4, 4), (-6.451814594072729, 13.694429590046344)),
    ((4, -4, -4), (-6.451814594072729, 4.494169208078437)),
    ((-4, 4, 4), (-6.451814594072729, 13.694429590046344)),
    ((4, 4, -4), (-6.451814594072729, 13.694429590046344)),
    ((-4, 4, -4), (-6.451814594072729, 4.494169208078437)),
    ((4, 4, -4), (-6.451814594072729, 13.694429590046344)),
    ((4, 4, 4), (-6.451814594072729, 22.894689972014252)),
    ((4, -4, -4), (-6.451814594072729, 4.494169208078437)),
    ((4, 4, -4), (-6.451814594072729, 13.694429590046344)),
    ((4, 4, -4), (-6.451814594072729, 13.694429590046344)),
    ((4, 4, -4), (-6.451814594072729, 13.694429590046344)),
    ((-4, 4, -4), (-6.451814594072729, 4.494169208078437)),
    ((4, -4, -4), (-6.451814594072729, 4.494169208078437)),
    ((4, -4, 4), (-6.451814594072729, 13.694429590046344)),
    ((4, -4, -4), (-6.451814594072729, 4.494169208078437)),
    ((4, 4, -4), (-6.451814594072729, 13.694429590046344)),
    ((4, 4, -4), (-6.451814594072729, 13.694429590046344)),
    ((4, 4, -4), (-6.451814594072729, 13.694429590046344)),
    ((-4, -4, 4), (-6.451814594072729, 4.494169208078436)),
    ((4, 4, -4), (-6.451814594072729, 13.694429590046344)),
    ((-4, 4, -4), (-6.451814594072729, 4.494169208078437)),
    ((4, 4, 4), (-6.451814594072729, 22.894689972014252)),
    ((-4, -4, 4), (-6.451814594072729, 4.494169208078436)),
    ((4, -4, -4), (-6.451814594072729, 4.494169208078437)),
    ((-4, 4, -4), (-6.451814594072729, 4.494169208078437)),
    ((-4, -4, -4), (-6.451814594072729, -4.706091173889471)),
    ((4, -4, 4), (-6.451814594072729, 13.694429590046344)),
    ((2.1929704479204948, -0.81600868728501619, -1.0359282369244645), (-13.944403157421943, -7.8182886067205644)),
    ((4, -4, -4), (-6.451814594072729, 4.494169208078437)),
    ((-4, 4, 4), (-6.451814594072729, 13.694429590046344)),
    ((-4, -4, 4), (-6.451814594072729, 4.494169208078436)),
    ((4, -4, 4), (-6.451814594072729, 13.694429590046344)),
    ((-4, -4, 4), (-6.451814594072729, 4.494169208078436)),
    ((-4, -4, -4), (-6.451814594072729, -4.706091173889471)),
    ((-4, 4, 4), (-6.451814594072729, 13.694429590046344)),
    ((-4, -4, 4), (-6.451814594072729, 4.494169208078436)),
    ((-4, -4, 4), (-6.451814594072729, 4.494169208078436)),
    ((-4, -4, 4), (-6.451814594072729, 4.494169208078436)),
    ((4, -4, 4), (-6.451814594072729, 13.694429590046344)),
    ((-4, 4, 4), (-6.451814594072729, 13.694429590046344)),
    ((-4, 4, -4), (-6.451814594072729, 4.494169208078437)),
    ((-4, 4, -4), (-6.451814594072729, 4.494169208078437)),
    ((-0.2957099844326716, -0.62396062571917266, -1.0028745858139623), (-16.60615101348258, -3.4972591123285461)),
    ((-4, 4, 4), (-6.451814594072729, 13.694429590046344)),
    ((-4, -4, 4), (-6.451814594072729, 4.494169208078436)),
    ((-4, -4, 4), (-6.451814594072729, 4.494169208078436)),
    ((4, -4, 4), (-6.451814594072729, 13.694429590046344)),
    ((-4, -4, 4), (-6.451814594072729, 4.494169208078436)),
    ((4, 4, -4), (-6.451814594072729, 13.694429590046344)),
    ((4, 4, -4), (-6.451814594072729, 13.694429590046344)),
    ((4, -4, 4), (-6.451814594072729, 13.694429590046344)),
    ((-4, -4, -4), (-6.451814594072729, -4.706091173889471)),
    ((-4, -4, 4), (-6.451814594072729, 4.494169208078436)),
    ((4, 4, -4), (-6.451814594072729, 13.694429590046344)),
    ((-4, 4, 4), (-6.451814594072729, 13.694429590046344)),
    ((4, -4, 4), (-6.451814594072729, 13.694429590046344)),
    ((4, 4, 4), (-6.451814594072729, 22.894689972014252)),
    ((-4, 4, -4), (-6.451814594072729, 4.494169208078437)),
    ((-4, 4, 4), (-6.451814594072729, 13.694429590046344)),
    ((4, -4, -4), (-6.451814594072729, 4.494169208078437)),
    ((4, 4, -4), (-6.451814594072729, 13.694429590046344)),
    ((-4, 4, -4), (-6.451814594072729, 4.494169208078437)),
    ((4, 4, 4), (-6.451814594072729, 22.894689972014252)),
    ((4, 4, -4), (-6.451814594072729, 13.694429590046344)),
    ((4, 4, 4), (-6.451814594072729, 22.894689972014252)),
    ((4, -4, -4), (-6.451814594072729, 4.494169208078437)),
    ((4, 4, -4), (-6.451814594072729, 13.694429590046344)),
    ((4, 4, -4), (-6.451814594072729, 13.694429590046344)),
    ((4, 4, -4), (-6.451814594072729, 13.694429590046344)),
    ((-4, 4, -4), (-6.451814594072729, 4.494169208078437)),
    ((4, -4, -4), (-6.451814594072729, 4.494169208078437)),
    ((4, -4, 4), (-6.451814594072729, 13.694429590046344)),
    ((4, -4, 4), (-6.451814594072729, 13.694429590046344)),
    ((4, -4, -4), (-6.451814594072729, 4.494169208078437)),
    ((4, 4, -4), (-6.451814594072729, 13.694429590046344)),
    ((4, 4, -4), (-6.451814594072729, 13.694429590046344)),
    ((-4, 4, -4), (-6.451814594072729, 4.494169208078437)),
    ((4, 4, -4), (-6.451814594072729, 13.694429590046344)),
    ((-4, -4, 4), (-6.451814594072729, 4.494169208078436)),
    ((-4, 4, -4), (-6.451814594072729, 4.494169208078437)),
    ((-4, 4, -4), (-6.451814594072729, 4.494169208078437)),
    ((4, 4, 4), (-6.451814594072729, 22.894689972014252)),
    ((4, 4, -4), (-6.451814594072729, 13.694429590046344)),
    ((-4, -4, 4), (-6.451814594072729, 4.494169208078436)),
    ((4, -4, -4), (-6.451814594072729, 4.494169208078437)),
    ((-4, 4, -4), (-6.451814594072729, 4.494169208078437)),
    ((4, -4, 4), (-6.451814594072729, 13.694429590046344)),
    ((2.1932091482648435, -0.83005633446359872, -1.0364448240583104), (-13.923912636793304, -7.938275007849553)),
    ((4, -4, -4), (-6.451814594072729, 4.494169208078437)),
    ((-4, 4, 4), (-6.451814594072729, 13.694429590046344)),
    ((-4, -4, 4), (-6.451814594072729, 4.494169208078436)),
    ((4, -4, 4), (-6.451814594072729, 13.694429590046344)),
    ((-4, -4, -4), (-6.451814594072729, -4.706091173889471)),
    ((-4, -4, -4), (-6.451814594072729, -4.706091173889471)),
    ((-4, 4, 4), (-6.451814594072729, 13.694429590046344)),
    ((-4, -4, 4), (-6.451814594072729, 4.494169208078436)),
    ((-4, -4, 4), (-6.451814594072729, 4.494169208078436)),
    ((-4, -4, 4), (-6.451814594072729, 4.494169208078436)),
    ((4, -4, 4), (-6.451814594072729, 13.694429590046344)),
    ((-4, 4, 4), (-6.451814594072729, 13.694429590046344)),
    ((-4, 4, -4), (-6.451814594072729, 4.494169208078437)),
    ((-4, 4, 4), (-6.451814594072729, 13.694429590046344)),
    ((-4, -4, 4), (-6.451814594072729, 4.494169208078436)),
    ((-4, -4, 4), (-6.451814594072729, 4.494169208078436)),
    ((4, -4, 4), (-6.451814594072729, 13.694429590046344)),
    ((-4, -4, 4), (-6.451814594072729, 4.494169208078436)),
    ((4, 4, -4), (-6.451814594072729, 13.694429590046344)),
    ((4, 4, -4), (-6.451814594072729, 13.694429590046344)),
    ((4, -4, 4), (-6.451814594072729, 13.694429590046344)),
    ((4, -4, 4), (-6.451814594072729, 13.694429590046344)),
    ((-4, -4, -4), (-6.451814594072729, -4.706091173889471)),
    ((4, 4, -4), (-6.451814594072729, 13.694429590046344)),
    ((-4, 4, 4), (-6.451814594072729, 13.694429590046344)),
    ((4, -4, 4), (-6.451814594072729, 13.694429590046344)),
    ((-4, 4, -4), (-6.451814594072729, 4.494169208078437)),
    ((-4, 4, 4), (-6.451814594072729, 13.694429590046344)),
    ((4, -4, -4), (-6.451814594072729, 4.494169208078437)),
    ((4, 4, -4), (-6.451814594072729, 13.694429590046344)),
    ((-4, 4, -4), (-6.451814594072729, 4.494169208078437)),
    ((4, 4, 4), (-6.451814594072729, 22.894689972014252)),
    ((4, 4, 4), (-6.451814594072729, 22.894689972014252)),
    ((4, -4, -4), (-6.451814594072729, 4.494169208078437)),
    ((4, 4, -4), (-6.451814594072729, 13.694429590046344)),
    ((4, 4, -4), (-6.451814594072729, 13.694429590046344)),
    ((4, 4, -4), (-6.451814594072729, 13.694429590046344)),
    ((-4, 4, -4), (-6.451814594072729, 4.494169208078437)),
    ((4, -4, -4), (-6.451814594072729, 4.494169208078437)),
    ((4, -4, 4), (-6.451814594072729, 13.694429590046344)),
    ((4, -4, 4), (-6.451814594072729, 13.694429590046344)),
    ((4, -4, -4), (-6.451814594072729, 4.494169208078437)),
    ((4, 4, -4), (-6.451814594072729, 13.694429590046344)),
    ((4, 4, -4), (-6.451814594072729, 13.694429590046344)),
    ((-4, 4, -4), (-6.451814594072729, 4.494169208078437)),
    ((4, 4, -4), (-6.451814594072729, 13.694429590046344)),
    ((-4, -4, 4), (-6.451814594072729, 4.494169208078436)),
    ((-4, 4, -4), (-6.451814594072729, 4.494169208078437)),
    ((-4, 4, -4), (-6.451814594072729, 4.494169208078437)),
    ((4, 4, 4), (-6.451814594072729, 22.894689972014252)),
    ((-4, -4, 4), (-6.451814594072729, 4.494169208078436)),
    ((4, -4, 4), (-6.451814594072729, 13.694429590046344)),
    ((2.1933314652579554, -0.84942501122123737, -1.0419455255908066), (-13.889922606326959, -8.1301748228911013)),
    ((4, -4, -4), (-6.451814594072729, 4.494169208078437)),
    ((-4, 4, 4), (-6.451814594072729, 13.694429590046344)),
    ((-4, -4, 4), (-6.451814594072729, 4.494169208078436)),
    ((4, -4, 4), (-6.451814594072729, 13.694429590046344)),
    ((-4, -4, -4), (-6.451814594072729, -4.706091173889471)),
    ((-4, 4, 4), (-6.451814594072729, 13.694429590046344)),
    ((-4, -4, 4), (-6.451814594072729, 4.494169208078436)),
    ((-4, -4, 4), (-6.451814594072729, 4.494169208078436)),
    ((-4, -4, 4), (-6.451814594072729, 4.494169208078436)),
    ((4, -4, 4), (-6.451814594072729, 13.694429590046344)),
    ((-4, 4, 4), (-6.451814594072729, 13.694429590046344)),
    ((-4, 4, -4), (-6.451814594072729, 4.494169208078437)),
    ((1.7381948671157683, -0.7091391600746404, -0.98520452898913635), (-14.714223341849312, -6.8171854251699209)),
    ((-4, 4, 4), (-6.451814594072729, 13.694429590046344)),
    ((-4, -4, 4), (-6.451814594072729, 4.494169208078436)),
    ((-4, -4, 4), (-6.451814594072729, 4.494169208078436)),
    ((4, -4, 4), (-6.451814594072729, 13.694429590046344)),
    ((-4, -4, 4), (-6.451814594072729, 4.494169208078436)),
    ((4, 4, -4), (-6.451814594072729, 13.694429590046344)),
    ((4, 4, -4), (-6.451814594072729, 13.694429590046344)),
    ((4, -4, 4), (-6.451814594072729, 13.694429590046344)),
    ((4, -4, 4), (-6.451814594072729, 13.694429590046344)),
    ((-4, -4, -4), (-6.451814594072729, -4.706091173889471)),
    ((4, 4, -4), (-6.451814594072729, 13.694429590046344)),
    ((-4, 4, 4), (-6.451814594072729, 13.694429590046344)),
    ((4, 4, 4), (-6.451814594072729, 22.894689972014252)),
    ((-4, 4, -4), (-6.451814594072729, 4.494169208078437)),
    ((2.1937762783322432, -0.81463899261230444, -1.0395338991969796), (-13.940999605507681, -7.8547735049109706)),
    ((-4, 4, 4), (-6.451814594072729, 13.694429590046344)),
    ((4, -4, -4), (-6.451814594072729, 4.494169208078437)),
    ((4, 4, -4), (-6.451814594072729, 13.694429590046344)),
    ((-4, 4, -4), (-6.451814594072729, 4.494169208078437)),
    ((4, 4, 4), (-6.451814594072729, 22.894689972014252)),
    ((4, -4, -4), (-6.451814594072729, 4.494169208078437)),
    ((4, 4, -4), (-6.451814594072729, 13.694429590046344)),
    ((4, 4, -4), (-6.451814594072729, 13.694429590046344)),
    ((4, 4, -4), (-6.451814594072729, 13.694429590046344)),
    ((-4, 4, -4), (-6.451814594072729, 4.494169208078437)),
    ((4, -4, -4), (-6.451814594072729, 4.494169208078437)),
    ((4, -4, 4), (-6.451814594072729, 13.694429590046344)),
    ((4, -4, 4), (-6.451814594072729, 13.694429590046344)),
    ((4, -4, -4), (-6.451814594072729, 4.494169208078437)),
    ((4, 4, -4), (-6.451814594072729, 13.694429590046344)),
    ((-4, 4, -4), (-6.451814594072729, 4.494169208078437)),
    ((4, 4, -4), (-6.451814594072729, 13.694429590046344)),
    ((-4, -4, 4), (-6.451814594072729, 4.494169208078436)),
    ((-4, 4, -4), (-6.451814594072729, 4.494169208078437)),
    ((-4, 4, -4), (-6.451814594072729, 4.494169208078437)),
    ((4, 4, 4), (-6.451814594072729, 22.894689972014252)),
    ((-4, -4, 4), (-6.451814594072729, 4.494169208078436)),
    ((4, -4, -4), (-6.451814594072729, 4.494169208078437)),
    ((4, -4, 4), (-6.451814594072729, 13.694429590046344)),
    ((4, -4, -4), (-6.451814594072729, 4.494169208078437)),
    ((-4, 4, 4), (-6.451814594072729, 13.694429590046344)),
    ((-4, -4, 4), (-6.451814594072729, 4.494169208078436)),
    ((4, -4, 4), (-6.451814594072729, 13.694429590046344)),
    ((-4, -4, -4), (-6.451814594072729, -4.706091173889471)),
    ((-4, 4, 4), (-6.451814594072729, 13.694429590046344)),
    ((-4, -4, 4), (-6.451814594072729, 4.494169208078436)),
    ((-4, -4, 4), (-6.451814594072729, 4.494169208078436)),
    ((-4, -4, 4), (-6.451814594072729, 4.494169208078436)),
    ((4, -4, 4), (-6.451814594072729, 13.694429590046344)),
    ((-4, 4, 4), (-6.451814594072729, 13.694429590046344)),
    ((-4, 4, -4), (-6.451814594072729, 4.494169208078437)),
    ((-4, 4, -4), (-6.451814594072729, 4.494169208078437)),
    ((-4, 4, 4), (-6.451814594072729, 13.694429590046344)),
    ((-4, -4, 4), (-6.451814594072729, 4.494169208078436)),
    ((4, -4, 4), (-6.451814594072729, 13.694429590046344)),
    ((-4, -4, 4), (-6.451814594072729, 4.494169208078436)),
    ((4, 4, -4), (-6.451814594072729, 13.694429590046344)),
    ((4, 4, -4), (-6.451814594072729, 13.694429590046344)),
    ((4, -4, 4), (-6.451814594072729, 13.694429590046344)),
    ((4, -4, 4), (-6.451814594072729, 13.694429590046344)),
    ((-4, -4, -4), (-6.451814594072729, -4.706091173889471)),
    ((4, 4, -4), (-6.451814594072729, 13.694429590046344)),
    ((-4, 4, 4), (-6.451814594072729, 13.694429590046344)),
    ((-4, 4, 4), (-6.451814594072729, 13.694429590046344)),
    ((-4, 4, -4), (-6.451814594072729, 4.494169208078437)),
    ((-4, 4, 4), (-6.451814594072729, 13.694429590046344)),
    ((4, -4, -4), (-6.451814594072729, 4.494169208078437)),
    ((4, 4, -4), (-6.451814594072729, 13.694429590046344)),
    ((-4, 4, -4), (-6.451814594072729, 4.494169208078437)),
    ((-4, 4, 4), (-6.451814594072729, 13.694429590046344)),
    ((4, 4, 4), (-6.451814594072729, 22.894689972014252)),
    ((4, -4, -4), (-6.451814594072729, 4.494169208078437)),
    ((4, 4, -4), (-6.451814594072729, 13.694429590046344)),
    ((4, 4, -4), (-6.451814594072729, 13.694429590046344)),
    ((4, 4, -4), (-6.451814594072729, 13.694429590046344)),
    ((-4, 4, -4), (-6.451814594072729, 4.494169208078437)),
    ((4, -4, -4), (-6.451814594072729, 4.494169208078437)),
    ((4, -4, 4), (-6.451814594072729, 13.694429590046344)),
    ((4, -4, 4), (-6.451814594072729, 13.694429590046344)),
    ((4, -4, -4), (-6.451814594072729, 4.494169208078437)),
    ((4, 4, -4), (-6.451814594072729, 13.694429590046344)),
    ((-4, 4, -4), (-6.451814594072729, 4.494169208078437)),
    ((4, 4, -4), (-6.451814594072729, 13.694429590046344)),
    ((-4, -4, 4), (-6.451814594072729, 4.494169208078436)),
    ((-4, 4, -4), (-6.451814594072729, 4.494169208078437)),
    ((-4, 4, -4), (-6.451814594072729, 4.494169208078437)),
    ((4, 4, 4), (-6.451814594072729, 22.894689972014252)),
    ((4, 4, 4), (-6.451814594072729, 22.894689972014252)),
    ((-4, -4, 4), (-6.451814594072729, 4.494169208078436)),
    ((4, -4, -4), (-6.451814594072729, 4.494169208078437)),
    ((4, -4, -4), (-6.451814594072729, 4.494169208078437)),
    ((4, -4, 4), (-6.451814594072729, 13.694429590046344)),
    ((-4, 4, 4), (-6.451814594072729, 13.694429590046344)),
    ((-4, -4, 4), (-6.451814594072729, 4.494169208078436)),
    ((4, -4, 4), (-6.451814594072729, 13.694429590046344)),
    ((-4, 4, 4), (-6.451814594072729, 13.694429590046344)),
    ((-4, -4, 4), (-6.451814594072729, 4.494169208078436)),
    ((-4, -4, 4), (-6.451814594072729, 4.494169208078436)),
    ((-4, -4, 4), (-6.451814594072729, 4.494169208078436)),
    ((4, -4, 4), (-6.451814594072729, 13.694429590046344)),
    ((-4, 4, 4), (-6.451814594072729, 13.694429590046344)),
    ((-4, 4, -4), (-6.451814594072729, 4.494169208078437)),
    ((-4, 4, -4), (-6.451814594072729, 4.494169208078437)),
    ((-4, -4, 4), (-6.451814594072729, 4.494169208078436)),
    ((4, -4, 4), (-6.451814594072729, 13.694429590046344)),
    ((-4, -4, 4), (-6.451814594072729, 4.494169208078436)),
    ((4, 4, -4), (-6.451814594072729, 13.694429590046344)),
    ((4, 4, -4), (-6.451814594072729, 13.694429590046344)),
    ((4, -4, 4), (-6.451814594072729, 13.694429590046344)),
    ((4, -4, 4), (-6.451814594072729, 13.694429590046344)),
    ((-4, -4, -4), (-6.451814594072729, -4.706091173889471)),
    ((-4, -4, -4), (-6.451814594072729, -4.706091173889471)),
    ((4, 4, -4), (-6.451814594072729, 13.694429590046344)),
    ((-4, 4, 4), (-6.451814594072729, 13.694429590046344)),
    ((-4, 4, 4), (-6.451814594072729, 13.694429590046344)),
    ((-4, 4, -4), (-6.451814594072729, 4.494169208078437)),
    ((2.1940976164966615, -0.86131688267676898, -1.0460396817901247), (-13.867293120185602, -8.2739217503488973)),
    ((4, -4, -4), (-6.451814594072729, 4.494169208078437)),
    ((4, 4, -4), (-6.451814594072729, 13.694429590046344)),
    ((-4, 4, -4), (-6.451814594072729, 4.494169208078437)),
    ((-4, 4, 4), (-6.451814594072729, 13.694429590046344)),
    ((4, -4, -4), (-6.451814594072729, 4.494169208078437)),
    ((4, 4, -4), (-6.451814594072729, 13.694429590046344)),
    ((4, 4, -4), (-6.451814594072729, 13.694429590046344)),
    ((4, 4, -4), (-6.451814594072729, 13.694429590046344)),
    ((-4, 4, -4), (-6.451814594072729, 4.494169208078437)),
    ((4, -4, -4), (-6.451814594072729, 4.494169208078437)),
    ((4, -4, 4), (-6.451814594072729, 13.694429590046344)),
    ((4, -4, 4), (-6.451814594072729, 13.694429590046344)),
    ((4, 4, -4), (-6.451814594072729, 13.694429590046344)),
    ((-4, 4, -4), (-6.451814594072729, 4.494169208078437)),
    ((4, 4, -4), (-6.451814594072729, 13.694429590046344)),
    ((-4, -4, 4), (-6.451814594072729, 4.494169208078436)),
    ((-4, 4, -4), (-6.451814594072729, 4.494169208078437)),
    ((-4, 4, -4), (-6.451814594072729, 4.494169208078437)),
    ((4, 4, 4), (-6.451814594072729, 22.894689972014252)),
    ((-4, -4, 4), (-6.451814594072729, 4.494169208078436)),
    ((4, -4, -4), (-6.451814594072729, 4.494169208078437)),
    ((4, -4, -4), (-6.451814594072729, 4.494169208078437)),
    ((4, -4, 4), (-6.451814594072729, 13.694429590046344)),
    ((4, -4, 4), (-6.451814594072729, 13.694429590046344)),
    ((-4, 4, 4), (-6.451814594072729, 13.694429590046344)),
    ((-4, -4, 4), (-6.451814594072729, 4.494169208078436)),
    ((4, -4, 4), (-6.451814594072729, 13.694429590046344)),
    ((0.67666462837233077, -1.0858555630712163, -1.1196472924673491), (-15.062533672622077, -5.3019511825867873)),
    ((-4, 4, 4), (-6.451814594072729, 13.694429590046344)),
    ((-4, -4, 4), (-6.451814594072729, 4.494169208078436)),
    ((-4, -4, 4), (-6.451814594072729, 4.494169208078436)),
    ((-4, -4, 4), (-6.451814594072729, 4.494169208078436)),
    ((4, -4, 4), (-6.451814594072729, 13.694429590046344)),
    ((-4, 4, 4), (-6.451814594072729, 13.694429590046344)),
    ((-4, 4, -4), (-6.451814594072729, 4.494169208078437)),
    ((-4, 4, -4), (-6.451814594072729, 4.494169208078437)),
    ((-4, -4, 4), (-6.451814594072729, 4.494169208078436)),
    ((4, -4, 4), (-6.451814594072729, 13.694429590046344)),
    ((-4, -4, 4), (-6.451814594072729, 4.494169208078436)),
    ((4, 4, -4), (-6.451814594072729, 13.694429590046344)),
    ((4, 4, -4), (-6.451814594072729, 13.694429590046344)),
    ((4, -4, 4), (-6.451814594072729, 13.694429590046344)),
    ((4, -4, 4), (-6.451814594072729, 13.694429590046344)),
    ((4, 4, -4), (-6.451814594072729, 13.694429590046344)),
    ((-4, 4, 4), (-6.451814594072729, 13.694429590046344)),
    ((-4, 4, 4), (-6.451814594072729, 13.694429590046344)),
    ((-4, 4, -4), (-6.451814594072729, 4.494169208078437)),
    ((2.1933014645119031, -0.85132833887653736, -1.0380957115900091), (-13.891812345992884, -8.1206759819058156)),
    ((-4, 4, -4), (-6.451814594072729, 4.494169208078437)),
    ((4, -4, -4), (-6.451814594072729, 4.494169208078437)),
    ((4, 4, -4), (-6.451814594072729, 13.694429590046344)),
    ((-4, 4, -4), (-6.451814594072729, 4.494169208078437)),
    ((4, -4, -4), (-6.451814594072729, 4.494169208078437)),
    ((4, 4, -4), (-6.451814594072729, 13.694429590046344)),
    ((4, 4, -4), (-6.451814594072729, 13.694429590046344)),
    ((4, 4, -4), (-6.451814594072729, 13.694429590046344)),
    ((-4, 4, -4), (-6.451814594072729, 4.494169208078437)),
    ((4, -4, -4), (-6.451814594072729, 4.494169208078437)),
    ((4, -4, 4), (-6.451814594072729, 13.694429590046344)),
    ((4, -4, 4), (-6.451814594072729, 13.694429590046344)),
    ((4, 4, -4), (-6.451814594072729, 13.694429590046344)),
    ((-4, 4, -4), (-6.451814594072729, 4.494169208078437)),
    ((4, 4, -4), (-6.451814594072729, 13.694429590046344)),
    ((-4, -4, 4), (-6.451814594072729, 4.494169208078436)),
    ((-4, 4, -4), (-6.451814594072729, 4.494169208078437)),
    ((-4, 4, -4), (-6.451814594072729, 4.494169208078437)),
    ((4, 4, 4), (-6.451814594072729, 22.894689972014252)),
    ((-4, -4, 4), (-6.451814594072729, 4.494169208078436)),
    ((4, -4, -4), (-6.451814594072729, 4.494169208078437)),
    ((4, -4, -4), (-6.451814594072729, 4.494169208078437)),
    ((4, -4, 4), (-6.451814594072729, 13.694429590046344)),
    ((2.1940616162654347, -0.83357778343165811, -1.0540104285490324), (-13.896952325990014, -8.0973235622258422)),
    ((4, -4, 4), (-6.451814594072729, 13.694429590046344)),
    ((-4, 4, 4), (-6.451814594072729, 13.694429590046344)),
    ((-4, -4, 4), (-6.451814594072729, 4.494169208078436)),
    ((4, -4, 4), (-6.451814594072729, 13.694429590046344)),
    ((-4, 4, 4), (-6.451814594072729, 13.694429590046344)),
    ((-4, -4, 4), (-6.451814594072729, 4.494169208078436)),
    ((-4, -4, 4), (-6.451814594072729, 4.494169208078436)),
    ((-4, -4, 4), (-6.451814594072729, 4.494169208078436)),
    ((4, -4, 4), (-6.451814594072729, 13.694429590046344)),
    ((-4, 4, 4), (-6.451814594072729, 13.694429590046344)),
    ((-4, 4, -4), (-6.451814594072729, 4.494169208078437)),
    ((-4, -4, 4), (-6.451814594072729, 4.494169208078436)),
    ((4, -4, 4), (-6.451814594072729, 13.694429590046344)),
    ((-4, -4, 4), (-6.451814594072729, 4.494169208078436)),
    ((4, 4, -4), (-6.451814594072729, 13.694429590046344)),
    ((4, 4, -4), (-6.451814594072729, 13.694429590046344)),
    ((4, -4, 4), (-6.451814594072729, 13.694429590046344)),
    ((4, -4, 4), (-6.451814594072729, 13.694429590046344)),
    ((4, 4, -4), (-6.451814594072729, 13.694429590046344)),
    ((-4, 4, 4), (-6.451814594072729, 13.694429590046344)),
    ((-4, 4, 4), (-6.451814594072729, 13.694429590046344)),
    ((-4, 4, -4), (-6.451814594072729, 4.494169208078437)),
    ((-4, 4, -4), (-6.451814594072729, 4.494169208078437)),
    ((4, -4, -4), (-6.451814594072729, 4.494169208078437)),
    ((4, 4, -4), (-6.451814594072729, 13.694429590046344)),
    ((-4, 4, -4), (-6.451814594072729, 4.494169208078437)),
    ((2.2247627583425755, -0.85150022065093323, -1.0344235783747986), (-13.85934025587993, -8.5626578641801601)),
    ((4, -4, -4), (-6.451814594072729, 4.494169208078437)),
    ((4, 4, -4), (-6.451814594072729, 13.694429590046344)),
    ((4, 4, -4), (-6.451814594072729, 13.694429590046344)),
    ((4, 4, -4), (-6.451814594072729, 13.694429590046344)),
    ((-4, 4, -4), (-6.451814594072729, 4.494169208078437)),
    ((4, -4, -4), (-6.451814594072729, 4.494169208078437)),
    ((4, -4, 4), (-6.451814594072729, 13.694429590046344)),
    ((4, -4, 4), (-6.451814594072729, 13.694429590046344)),
    ((4, 4, -4), (-6.451814594072729, 13.694429590046344)),
    ((-4, 4, -4), (-6.451814594072729, 4.494169208078437)),
    ((4, 4, -4), (-6.451814594072729, 13.694429590046344)),
    ((-4, -4, 4), (-6.451814594072729, 4.494169208078436)),
    ((-4, 4, -4), (-6.451814594072729, 4.494169208078437)),
    ((-4, 4, -4), (-6.451814594072729, 4.494169208078437)),
    ((4, 4, 4), (-6.451814594072729, 22.894689972014252)),
    ((-4, -4, 4), (-6.451814594072729, 4.494169208078436)),
    ((4, -4, -4), (-6.451814594072729, 4.494169208078437)),
    ((4, -4, -4), (-6.451814594072729, 4.494169208078437)),
    ((2.1920937514548249, -0.91297685345277513, -1.0484133578720161), (-13.7919708583218, -8.6508297633235181)),
    ((4, -4, 4), (-6.451814594072729, 13.694429590046344)),
    ((-4, 4, 4), (-6.451814594072729, 13.694429590046344)),
    ((-4, -4, 4), (-6.451814594072729, 4.494169208078436)),
    ((4, -4, 4), (-6.451814594072729, 13.694429590046344)),
    ((-4, 4, 4), (-6.451814594072729, 13.694429590046344)),
    ((-4, -4, 4), (-6.451814594072729, 4.494169208078436)),
    ((-4, -4, 4), (-6.451814594072729, 4.494169208078436)),
    ((-4, -4, 4), (-6.451814594072729, 4.494169208078436)),
    ((4, -4, 4), (-6.451814594072729, 13.694429590046344)),
    ((-4, 4, 4), (-6.451814594072729, 13.694429590046344)),
    ((-4, 4, -4), (-6.451814594072729, 4.494169208078437)),
    ((-4, -4, 4), (-6.451814594072729, 4.494169208078436)),
    ((4, -4, 4), (-6.451814594072729, 13.694429590046344)),
    ((-4, -4, 4), (-6.451814594072729, 4.494169208078436)),
    ((4, 4, -4), (-6.451814594072729, 13.694429590046344)),
    ((4, 4, -4), (-6.451814594072729, 13.694429590046344)),
    ((4, -4, 4), (-6.451814594072729, 13.694429590046344)),
    ((4, -4, 4), (-6.451814594072729, 13.694429590046344)),
    ((-4, -4, -4), (-6.451814594072729, -4.706091173889471)),
    ((4, -4, -4), (-6.451814594072729, 4.494169208078437)),
    ((4, 4, -4), (-6.451814594072729, 13.694429590046344)),
    ((-4, 4, 4), (-6.451814594072729, 13.694429590046344)),
    ((-4, 4, 4), (-6.451814594072729, 13.694429590046344)),
    ((2.1959184293226865, -0.76255845886081264, -1.031438727404355), (-14.019126011567149, -7.4808252140127447)),
    ((-4, 4, -4), (-6.451814594072729, 4.494169208078437)),
    ((4, -4, -4), (-6.451814594072729, 4.494169208078437)),
    ((4, 4, -4), (-6.451814594072729, 13.694429590046344)),
    ((-4, 4, -4), (-6.451814594072729, 4.494169208078437)),
    ((4, -4, -4), (-6.451814594072729, 4.494169208078437)),
    ((4, 4, -4), (-6.451814594072729, 13.694429590046344)),
    ((4, 4, -4), (-6.451814594072729, 13.694429590046344)),
    ((4, 4, -4), (-6.451814594072729, 13.694429590046344)),
    ((-4, 4, -4), (-6.451814594072729, 4.494169208078437)),
    ((4, -4, -4), (-6.451814594072729, 4.494169208078437)),
    ((4, -4, 4), (-6.451814594072729, 13.694429590046344)),
    ((4, -4, 4), (-6.451814594072729, 13.694429590046344)),
    ((4, 4, -4), (-6.451814594072729, 13.694429590046344)),
    ((-4, 4, -4), (-6.451814594072729, 4.494169208078437)),
    ((4, 4, -4), (-6.451814594072729, 13.694429590046344)),
    ((-4, -4, 4), (-6.451814594072729, 4.494169208078436)),
    ((-4, 4, -4), (-6.451814594072729, 4.494169208078437)),
    ((-4, 4, -4), (-6.451814594072729, 4.494169208078437)),
    ((-4, 4, 4), (-6.451814594072729, 13.694429590046344)),
    ((-4, -4, 4), (-6.451814594072729, 4.494169208078436)),
    ((4, -4, -4), (-6.451814594072729, 4.494169208078437)),
    ((4, -4, -4), (-6.451814594072729, 4.494169208078437)),
    ((4, -4, 4), (-6.451814594072729, 13.694429590046344)),
    ((-4, 4, 4), (-6.451814594072729, 13.694429590046344)),
    ((-4, -4, 4), (-6.451814594072729, 4.494169208078436)),
    ((4, -4, 4), (-6.451814594072729, 13.694429590046344)),
    ((2.2179516662267522, -1.0123212259220329, -1.0086194833499595), (-13.655013032994347, -9.6558560204849542)),
    ((-4, 4, 4), (-6.451814594072729, 13.694429590046344)),
    ((-4, -4, 4), (-6.451814594072729, 4.494169208078436)),
    ((-4, -4, 4), (-6.451814594072729, 4.494169208078436)),
    ((-4, -4, 4), (-6.451814594072729, 4.494169208078436)),
    ((4, -4, 4), (-6.451814594072729, 13.694429590046344)),
    ((-4, 4, 4), (-6.451814594072729, 13.694429590046344)),
    ((-4, 4, -4), (-6.451814594072729, 4.494169208078437)),
    ((-4, -4, 4), (-6.451814594072729, 4.494169208078436)),
    ((4, -4, 4), (-6.451814594072729, 13.694429590046344)),
    ((-4, -4, 4), (-6.451814594072729, 4.494169208078436)),
    ((4, 4, -4), (-6.451814594072729, 13.694429590046344)),
    ((4, 4, -4), (-6.451814594072729, 13.694429590046344)),
    ((4, -4, 4), (-6.451814594072729, 13.694429590046344)),
    ((4, -4, 4), (-6.451814594072729, 13.694429590046344)),
    ((4, -4, -4), (-6.451814594072729, 4.494169208078437)),
    ((4, 4, -4), (-6.451814594072729, 13.694429590046344)),
    ((-4, 4, 4), (-6.451814594072729, 13.694429590046344)),
    ((-4, 4, 4), (-6.451814594072729, 13.694429590046344)),
    ((-4, 4, -4), (-6.451814594072729, 4.494169208078437)),
    ((4, -4, -4), (-6.451814594072729, 4.494169208078437)),
    ((4, 4, -4), (-6.451814594072729, 13.694429590046344)),
    ((-4, 4, -4), (-6.451814594072729, 4.494169208078437)),
    ((4, -4, -4), (-6.451814594072729, 4.494169208078437)),
    ((4, 4, -4), (-6.451814594072729, 13.694429590046344)),
    ((4, 4, -4), (-6.451814594072729, 13.694429590046344)),
    ((4, 4, -4), (-6.451814594072729, 13.694429590046344)),
    ((-4, 4, -4), (-6.451814594072729, 4.494169208078437)),
    ((4, -4, -4), (-6.451814594072729, 4.494169208078437)),
    ((4, -4, 4), (-6.451814594072729, 13.694429590046344)),
    ((4, -4, 4), (-6.451814594072729, 13.694429590046344)),
    ((4, 4, -4), (-6.451814594072729, 13.694429590046344)),
    ((-4, 4, -4), (-6.451814594072729, 4.494169208078437)),
    ((4, 4, -4), (-6.451814594072729, 13.694429590046344)),
    ((-4, 4, -4), (-6.451814594072729, 4.494169208078437)),
    ((-4, 4, -4), (-6.451814594072729, 4.494169208078437)),
    ((4, 4, -4), (-6.451814594072729, 13.694429590046344)),
    ((-4, -4, 4), (-6.451814594072729, 4.494169208078436)),
    ((4, -4, -4), (-6.451814594072729, 4.494169208078437)),
    ((4, -4, -4), (-6.451814594072729, 4.494169208078437)),
    ((2.1994045020687678, -0.87556870273097809, -1.0574736131388143), (-13.827366463874947, -8.6001579748495338)),
    ((-4, 4, 4), (-6.451814594072729, 13.694429590046344)),
    ((-4, -4, 4), (-6.451814594072729, 4.494169208078436)),
    ((4, -4, 4), (-6.451814594072729, 13.694429590046344)),
    ((-4, 4, 4), (-6.451814594072729, 13.694429590046344)),
    ((-4, -4, 4), (-6.451814594072729, 4.494169208078436)),
    ((-4, -4, 4), (-6.451814594072729, 4.494169208078436)),
    ((-4, -4, 4), (-6.451814594072729, 4.494169208078436)),
    ((4, -4, 4), (-6.451814594072729, 13.694429590046344)),
    ((-4, 4, 4), (-6.451814594072729, 13.694429590046344)),
    ((-4, -4, 4), (-6.451814594072729, 4.494169208078436)),
    ((4, -4, 4), (-6.451814594072729, 13.694429590046344)),
    ((-4, -4, 4), (-6.451814594072729, 4.494169208078436)),
    ((4, 4, -4), (-6.451814594072729, 13.694429590046344)),
    ((4, 4, -4), (-6.451814594072729, 13.694429590046344)),
    ((4, -4, 4), (-6.451814594072729, 13.694429590046344)),
    ((4, -4, 4), (-6.451814594072729, 13.694429590046344)),
    ((4, -4, -4), (-6.451814594072729, 4.494169208078437)),
    ((4, 4, -4), (-6.451814594072729, 13.694429590046344)),
    ((-4, 4, 4), (-6.451814594072729, 13.694429590046344)),
    ((-4, 4, 4), (-6.451814594072729, 13.694429590046344)),
    ((2.2066708536265494, -0.75989303587672097, -1.0446661715051391), (-13.993409801453152, -7.7896153123473395)),
    ((4, -4, -4), (-6.451814594072729, 4.494169208078437)),
    ((4, 4, -4), (-6.451814594072729, 13.694429590046344)),
    ((-4, 4, -4), (-6.451814594072729, 4.494169208078437)),
    ((2.1974241484863315, -0.91008128417647893, -1.0890932931296442), (-13.743329894931716, -8.9874103960971112)),
    ((4, -4, -4), (-6.451814594072729, 4.494169208078437)),
    ((4, 4, -4), (-6.451814594072729, 13.694429590046344)),
    ((4, 4, -4), (-6.451814594072729, 13.694429590046344)),
    ((4, 4, -4), (-6.451814594072729, 13.694429590046344)),
    ((-4, 4, -4), (-6.451814594072729, 4.494169208078437)),
    ((4, -4, -4), (-6.451814594072729, 4.494169208078437)),
    ((4, -4, 4), (-6.451814594072729, 13.694429590046344)),
    ((4, 4, -4), (-6.451814594072729, 13.694429590046344)),
    ((-4, 4, -4), (-6.451814594072729, 4.494169208078437)),
    ((4, 4, -4), (-6.451814594072729, 13.694429590046344)),
    ((-4, 4, -4), (-6.451814594072729, 4.494169208078437)),
    ((-4, 4, -4), (-6.451814594072729, 4.494169208078437)),
    ((-4, -4, 4), (-6.451814594072729, 4.494169208078436)),
    ((4, -4, -4), (-6.451814594072729, 4.494169208078437)),
    ((4, -4, -4), (-6.451814594072729, 4.494169208078437)),
    ((2.1964973592346575, -0.83609549644817915, -1.0119009497238316), (-13.94077785192313, -7.9167807514855628)),
    ((-4, 4, 4), (-6.451814594072729, 13.694429590046344)),
    ((-4, -4, 4), (-6.451814594072729, 4.494169208078436)),
    ((4, -4, 4), (-6.451814594072729, 13.694429590046344)),
    ((2.2303228338842178, -1.2216397480993877, -1.053908335188585), (-13.25541913824711, -10.305802064896671)),
    ((-4, 4, 4), (-6.451814594072729, 13.694429590046344)),
    ((-4, -4, 4), (-6.451814594072729, 4.494169208078436)),
    ((-4, -4, 4), (-6.451814594072729, 4.494169208078436)),
    ((0.30375300414753825, -0.2895769033649222, -1.2904993347203777), (-16.870683209577628, -2.1851657298282445)),
    ((-4, -4, 4), (-6.451814594072729, 4.494169208078436)),
    ((4, -4, 4), (-6.451814594072729, 13.694429590046344)),
    ((-4, 4, 4), (-6.451814594072729, 13.694429590046344)),
    ((-4, -4, 4), (-6.451814594072729, 4.494169208078436)),
    ((4, -4, 4), (-6.451814594072729, 13.694429590046344)),
    ((-4, -4, 4), (-6.451814594072729, 4.494169208078436)),
    ((4, 4, -4), (-6.451814594072729, 13.694429590046344)),
    ((4, -4, 4), (-6.451814594072729, 13.694429590046344)),
    ((4, -4, 4), (-6.451814594072729, 13.694429590046344)),
    ((4, 4, -4), (-6.451814594072729, 13.694429590046344)),
    ((-4, 4, 4), (-6.451814594072729, 13.694429590046344)),
    ((-4, 4, 4), (-6.451814594072729, 13.694429590046344)),
    ((4, -4, -4), (-6.451814594072729, 4.494169208078437)),
    ((4, 4, -4), (-6.451814594072729, 13.694429590046344)),
    ((-4, 4, -4), (-6.451814594072729, 4.494169208078437)),
    ((2.2056043354592321, -0.79059555237228929, -0.95715589594970651), (-14.060099323939932, -7.362298937495698)),
    ((4, -4, -4), (-6.451814594072729, 4.494169208078437)),
    ((4, 4, -4), (-6.451814594072729, 13.694429590046344)),
    ((4, 4, -4), (-6.451814594072729, 13.694429590046344)),
    ((4, 4, -4), (-6.451814594072729, 13.694429590046344)),
    ((-4, 4, -4), (-6.451814594072729, 4.494169208078437)),
    ((4, -4, -4), (-6.451814594072729, 4.494169208078437)),
    ((4, -4, 4), (-6.451814594072729, 13.694429590046344)),
    ((4, 4, -4), (-6.451814594072729, 13.694429590046344)),
    ((-4, 4, -4), (-6.451814594072729, 4.494169208078437)),
    ((4, 4, -4), (-6.451814594072729, 13.694429590046344)),
    ((-4, 4, -4), (-6.451814594072729, 4.494169208078437)),
    ((-4, 4, -4), (-6.451814594072729, 4.494169208078437)),
    ((4, -4, -4), (-6.451814594072729, 4.494169208078437)),
    ((4, -4, -4), (-6.451814594072729, 4.494169208078437)),
    ((-4, 4, 4), (-6.451814594072729, 13.694429590046344)),
    ((-4, -4, 4), (-6.451814594072729, 4.494169208078436)),
    ((4, -4, 4), (-6.451814594072729, 13.694429590046344)),
    ((-4, 4, 4), (-6.451814594072729, 13.694429590046344)),
    ((-4, -4, 4), (-6.451814594072729, 4.494169208078436)),
    ((-4, -4, 4), (-6.451814594072729, 4.494169208078436)),
    ((-4, -4, 4), (-6.451814594072729, 4.494169208078436)),
    ((4, -4, 4), (-6.451814594072729, 13.694429590046344)),
    ((-4, 4, 4), (-6.451814594072729, 13.694429590046344)),
    ((-4, -4, 4), (-6.451814594072729, 4.494169208078436)),
    ((4, -4, 4), (-6.451814594072729, 13.694429590046344)),
    ((-4, -4, 4), (-6.451814594072729, 4.494169208078436)),
    ((4, 4, -4), (-6.451814594072729, 13.694429590046344)),
    ((4, -4, 4), (-6.451814594072729, 13.694429590046344)),
    ((4, -4, 4), (-6.451814594072729, 13.694429590046344)),
    ((-4, 4, 4), (-6.451814594072729, 13.694429590046344)),
    ((-4, 4, 4), (-6.451814594072729, 13.694429590046344)),
    ((4, -4, -4), (-6.451814594072729, 4.494169208078437)),
    ((4, 4, -4), (-6.451814594072729, 13.694429590046344)),
    ((-4, 4, -4), (-6.451814594072729, 4.494169208078437)),
    ((4, -4, -4), (-6.451814594072729, 4.494169208078437)),
    ((4, 4, -4), (-6.451814594072729, 13.694429590046344)),
    ((4, 4, -4), (-6.451814594072729, 13.694429590046344)),
    ((4, 4, -4), (-6.451814594072729, 13.694429590046344)),
    ((-4, 4, -4), (-6.451814594072729, 4.494169208078437)),
    ((4, -4, -4), (-6.451814594072729, 4.494169208078437)),
    ((4, -4, 4), (-6.451814594072729, 13.694429590046344)),
    ((-1.3155306500590038, -0.32568575540239064, -0.93211717691233398), (-15.833792620111941, -5.000597101427517)),
    ((4, 4, -4), (-6.451814594072729, 13.694429590046344)),
    ((-4, 4, -4), (-6.451814594072729, 4.494169208078437)),
    ((4, 4, -4), (-6.451814594072729, 13.694429590046344)),
    ((-4, 4, -4), (-6.451814594072729, 4.494169208078437)),
    ((-4, 4, -4), (-6.451814594072729, 4.494169208078437)),
    ((4, -4, -4), (-6.451814594072729, 4.494169208078437)),
    ((4, -4, -4), (-6.451814594072729, 4.494169208078437)),
    ((-4, 4, 4), (-6.451814594072729, 13.694429590046344)),
    ((-4, -4, 4), (-6.451814594072729, 4.494169208078436)),
    ((4, -4, 4), (-6.451814594072729, 13.694429590046344)),
    ((-4, 4, 4), (-6.451814594072729, 13.694429590046344)),
    ((-4, -4, 4), (-6.451814594072729, 4.494169208078436)),
    ((-4, -4, 4), (-6.451814594072729, 4.494169208078436)),
    ((4, -4, 4), (-6.451814594072729, 13.694429590046344)),
    ((-4, 4, 4), (-6.451814594072729, 13.694429590046344)),
    ((-4, -4, 4), (-6.451814594072729, 4.494169208078436)),
    ((4, -4, 4), (-6.451814594072729, 13.694429590046344)),
    ((-4, -4, 4), (-6.451814594072729, 4.494169208078436)),
    ((4, 4, -4), (-6.451814594072729, 13.694429590046344)),
    ((4, -4, 4), (-6.451814594072729, 13.694429590046344)),
    ((4, -4, 4), (-6.451814594072729, 13.694429590046344)),
    ((4, -4, -4), (-6.451814594072729, 4.494169208078437)),
    ((-4, 4, 4), (-6.451814594072729, 13.694429590046344)),
    ((4, -4, -4), (-6.451814594072729, 4.494169208078437)),
    ((4, 4, -4), (-6.451814594072729, 13.694429590046344)),
    ((-4, 4, -4), (-6.451814594072729, 4.494169208078437)),
    ((4, -4, -4), (-6.451814594072729, 4.494169208078437)),
    ((4, 4, -4), (-6.451814594072729, 13.694429590046344)),
    ((4, 4, -4), (-6.451814594072729, 13.694429590046344)),
    ((-4, 4, -4), (-6.451814594072729, 4.494169208078437)),
    ((4, -4, -4), (-6.451814594072729, 4.494169208078437)),
    ((4, 4, -4), (-6.451814594072729, 13.694429590046344)),
    ((-4, 4, -4), (-6.451814594072729, 4.494169208078437)),
    ((4, 4, -4), (-6.451814594072729, 13.694429590046344)),
    ((-4, 4, -4), (-6.451814594072729, 4.494169208078437)),
    ((-4, 4, -4), (-6.451814594072729, 4.494169208078437)),
    ((4, -4, -4), (-6.451814594072729, 4.494169208078437)),
    ((-4, 4, 4), (-6.451814594072729, 13.694429590046344)),
    ((-4, -4, 4), (-6.451814594072729, 4.494169208078436)),
    ((4, -4, 4), (-6.451814594072729, 13.694429590046344)),
    ((-4, 4, 4), (-6.451814594072729, 13.694429590046344)),
    ((-4, -4, 4), (-6.451814594072729, 4.494169208078436)),
    ((-4, -4, 4), (-6.451814594072729, 4.494169208078436)),
    ((4, -4, 4), (-6.451814594072729, 13.694429590046344)),
    ((-4, -4, 4), (-6.451814594072729, 4.494169208078436)),
    ((4, -4, 4), (-6.451814594072729, 13.694429590046344)),
    ((-4, -4, 4), (-6.451814594072729, 4.494169208078436)),
    ((4, 4, -4), (-6.451814594072729, 13.694429590046344)),
    ((4, -4, 4), (-6.451814594072729, 13.694429590046344)),
    ((4, -4, 4), (-6.451814594072729, 13.694429590046344)),
    ((-4, 4, 4), (-6.451814594072729, 13.694429590046344)),
    ((4, 4, -4), (-6.451814594072729, 13.694429590046344)),
    ((-4, 4, -4), (-6.451814594072729, 4.494169208078437)),
    ((-4, 4, -4), (-6.451814594072729, 4.494169208078437)),
    ((4, -4, -4), (-6.451814594072729, 4.494169208078437)),
    ((4, 4, -4), (-6.451814594072729, 13.694429590046344)),
    ((4, 4, -4), (-6.451814594072729, 13.694429590046344)),
    ((-4, 4, -4), (-6.451814594072729, 4.494169208078437)),
    ((-1.1199108176868746, -0.51604278996430475, -0.44925605295626792), (-16.535493732017812, -3.8576989783783189)),
    ((4, 4, -4), (-6.451814594072729, 13.694429590046344)),
    ((-4, 4, -4), (-6.451814594072729, 4.494169208078437)),
    ((4, 4, -4), (-6.451814594072729, 13.694429590046344)),
    ((4, -4, 4), (-6.451814594072729, 13.694429590046344)),
    ((4, -4, 4), (-6.451814594072729, 13.694429590046344)),
    ((-4, -4, 4), (-6.451814594072729, 4.494169208078436)),
    ((-4, -4, 4), (-6.451814594072729, 4.494169208078436)),
    ((4, -4, 4), (-6.451814594072729, 13.694429590046344)),
    ((-4, -4, 4), (-6.451814594072729, 4.494169208078436)),
    ((4, -4, 4), (-6.451814594072729, 13.694429590046344)),
    ((-4, -4, 4), (-6.451814594072729, 4.494169208078436)),
    ((4, 4, -4), (-6.451814594072729, 13.694429590046344)),
    ((4, -4, 4), (-6.451814594072729, 13.694429590046344)),
    ((-4, 4, 4), (-6.451814594072729, 13.694429590046344)),
    ((4, 4, -4), (-6.451814594072729, 13.694429590046344)),
    ((-4, 4, -4), (-6.451814594072729, 4.494169208078437)),
    ((-4, 4, -4), (-6.451814594072729, 4.494169208078437)),
    ((4, 4, -4), (-6.451814594072729, 13.694429590046344)),
    ((4, 4, -4), (-6.451814594072729, 13.694429590046344)),
    ((-4, 4, -4), (-6.451814594072729, 4.494169208078437)),
    ((4, 4, -4), (-6.451814594072729, 13.694429590046344)),
    ((-4, 4, -4), (-6.451814594072729, 4.494169208078437)),
    ((4, 4, -4), (-6.451814594072729, 13.694429590046344)),
    ((4, 4, -4), (-6.451814594072729, 13.694429590046344)),
    ((4, -4, 4), (-6.451814594072729, 13.694429590046344)),
    ((-4, -4, 4), (-6.451814594072729, 4.494169208078436)),
    ((-4, -4, 4), (-6.451814594072729, 4.494169208078436)),
    ((4, -4, 4), (-6.451814594072729, 13.694429590046344)),
    ((-4, -4, 4), (-6.451814594072729, 4.494169208078436)),
    ((4, 4, -4), (-6.451814594072729, 13.694429590046344)),
    ((4, 4, -4), (-6.451814594072729, 13.694429590046344)),
    ((4, 4, -4), (-6.451814594072729, 13.694429590046344)),
    ((4, 4, -4), (-6.451814594072729, 13.694429590046344)),
    ((-4, 4, 4), (-6.451814594072729, 13.694429590046344)),
    ((4, -4, 4), (-6.451814594072729, 13.694429590046344)),
    ((-4, -4, 4), (-6.451814594072729, 4.494169208078436)),
    ((-4, 4, 4), (-6.451814594072729, 13.694429590046344)),
    ((4, 4, -4), (-6.451814594072729, 13.694429590046344)),
    ((4, 4, -4), (-6.451814594072729, 13.694429590046344)),
    ((4, 4, -4), (-6.451814594072729, 13.694429590046344)),
    ((-0.33328243374117639, -0.35988543436272513, 0.084321776156951689), (-18.3529749839459, 0.57993787329813684)),
    ((-0.16792036364586416, -0.26303907464770937, 0.15766018412585825), (-18.800032399738992, 0.71655464166843819)),
    ((0.28731057264452353, -0.23300277272449055, -0.038850296082812985), (-18.825420732442097, 0.80993832328704474)),
    ((2.1930401197646603, -0.827017211458764, -1.04334198273129), (-13.920088340964426, -7.952083303867587)),
),)
