fronts = ((
    ((-4, 4, -4), (-6.451814594072729, 4.494169208078437)),
    ((-4, -4, 4), (-6.451814594072729, 4.494169208078436)),
    ((4, 4, -4), (-6.451814594072729, 13.694429590046344)),
    ((-4, 4, 4), (-6.451814594072729, 13.694429590046344)),
    ((4, -4, 4), (-6.451814594072729, 13.694429590046344)),
    ((-4, 4, -4), (-6.451814594072729, 4.494169208078437)),
    ((-4, -4, 4), (-6.451814594072729, 4.494169208078436)),
    ((-4, -4, 4), (-6.451814594072729, 4.494169208078436)),
    ((4, -4, 4), (-6.451814594072729, 13.694429590046344)),
    ((4, 4, -4), (-6.451814594072729, 13.694429590046344)),
    ((-4, -4, 4), (-6.451814594072729, 4.494169208078436)),
    ((-4, -4, 4), (-6.451814594072729, 4.494169208078436)),
    ((-4, 4, 4), (-6.451814594072729, 13.694429590046344)),
    ((-4, 4, -4), (-6.451814594072729, 4.494169208078437)),
    ((4, -4, 4), (-6.451814594072729, 13.694429590046344)),
    ((-4, -4, 4), (-6.451814594072729, 4.494169208078436)),
    ((-4, 4, 4), (-6.451814594072729, 13.694429590046344)),
    ((-4, 4, 4), (-6.451814594072729, 13.694429590046344)),
    ((4, -4, -4), (-6.451814594072729, 4.494169208078437)),
    ((4, 4, -4), (-6.451814594072729, 13.694429590046344)),
    ((-4, -4, 4), (-6.451814594072729, 4.494169208078436)),
    ((-4, 4, 4), (-6.451814594072729, 13.694429590046344)),
    ((4, -4, -4), (-6.451814594072729, 4.494169208078437)),
    ((4, -4, -4), (-6.451814594072729, 4.494169208078437)),
    ((4, 4, -4), (-6.451814594072729, 13.694429590046344)),
    ((4, -4, 4), (-6.451814594072729, 13.694429590046344)),
    ((4, 4, -4), (-6.451814594072729, 13.694429590046344)),
    ((-4, -4, 4), (-6.451814594072729, 4.494169208078436)),
    ((4, -4, -4), (-6.451814594072729, 4.494169208078437)),
    ((-4, 4, -4), (-6.451814594072729, 4.494169208078437)),
    ((4, -4, 4), (-6.451814594072729, 13.694429590046344)),
    ((4, 4, -4), (-6.451814594072729, 13.694429590046344)),
    ((-4, 4, -4), (-6.451814594072729, 4.494169208078437)),
    ((-4, -4, 4), (-6.451814594072729, 4.494169208078436)),
    ((4, -4, 4), (-6.451814594072729, 13.694429590046344)),
    ((-4, 4, -4), (-6.451814594072729, 4.494169208078437)),
    ((4, -4, -4), (-6.451814594072729, 4.494169208078437)),
    ((-4, 4, 4), (-6.451814594072729, 13.694429590046344)),
    ((-4, -4, 4), (-6.451814594072729, 4.494169208078436)),
    ((4, 4, -4), (-6.451814594072729, 13.694429590046344)),
    ((4, -4, -4), (-6.451814594072729, 4.494169208078437)),
    ((-4, 4, 4), (-6.451814594072729, 13.694429590046344)),
    ((-4, 4, 4), (-6.451814594072729, 13.694429590046344)),
    ((-4, -4, 4), (-6.451814594072729, 4.494169208078436)),
    ((-4, 4, -4), (-6.451814594072729, 4.494169208078437)),
    ((4, 4, -4), (-6.451814594072729, 13.694429590046344)),
    ((-4, 4, 4), (-6.451814594072729, 13.694429590046344)),
    ((4, -4, 4), (-6.451814594072729, 13.694429590046344)),
    ((-4, 4, -4), (-6.451814594072729, 4.494169208078437)),
    ((-4, -4, 4), (-6.451814594072729, 4.494169208078436)),
    ((-4, -4, 4), (-6.451814594072729, 4.494169208078436)),
    ((4, -4, 4), (-6.451814594072729, 13.694429590046344)),
    ((-4, -4, 4), (-6.451814594072729, 4.494169208078436)),
    ((-4, 4, 4), (-6.451814594072729, 13.694429590046344)),
    ((-4, 4, -4), (-6.451814594072729, 4.494169208078437)),
    ((-4, -4, 4), (-6.451814594072729, 4.494169208078436)),
    ((4, -4, 4), (-6.451814594072729, 13.694429590046344)),
    ((-4, -4, 4), (-6.451814594072729, 4.494169208078436)),
    ((-4, 4, 4), (-6.451814594072729, 13.694429590046344)),
    ((-4, 4, 4), (-6.451814594072729, 13.694429590046344)),
    ((4, -4, -4), (-6.451814594072729, 4.494169208078437)),
    ((-4, -4, 4), (-6.451814594072729, 4.494169208078436)),
    ((-4, -4, 4), (-6.451814594072729, 4.494169208078436)),
    ((-4, 4, 4), (-6.451814594072729, 13.694429590046344)),
    ((4, -4, -4), (-6.451814594072729, 4.494169208078437)),
    ((4, -4, -4), (-6.451814594072729, 4.494169208078437)),
    ((-4, -4, 4), (-6.451814594072729, 4.494169208078436)),
    ((4, 4, -4), (-6.451814594072729, 13.694429590046344)),
    ((-4, -4, 4), (-6.451814594072729, 4.494169208078436)),
    ((4, -4, -4), (-6.451814594072729, 4.494169208078437)),
    ((-4, 4, -4), (-6.451814594072729, 4.494169208078437)),
    ((4, -4, 4), (-6.451814594072729, 13.694429590046344)),
    ((4, 4, -4), (-6.451814594072729, 13.694429590046344)),
    ((4, -4, 4), (-6.451814594072729, 13.694429590046344)),
    ((-4, 4, -4), (-6.451814594072729, 4.494169208078437)),
    ((4, -4, -4), (-6.451814594072729, 4.494169208078437)),
    ((-4, 4, 4), (-6.451814594072729, 13.694429590046344)),
    ((4, -4, 4), (-6.451814594072729, 13.694429590046344)),
    ((-4, -4, 4), (-6.451814594072729, 4.494169208078436)),
    ((4, 4, -4), (-6.451814594072729, 13.694429590046344)),
    ((4, -4, -4), (-6.451814594072729, 4.494169208078437)),
    ((-4, 4, 4), (-6.451814594072729, 13.694429590046344)),
    ((-4, 4, 4), (-6.451814594072729, 13.694429590046344)),
    ((-4, -4, 4), (-6.451814594072729, 4.494169208078436)),
    ((-4, -4, 4), (-6.451814594072729, 4.494169208078436)),
    ((4, 4, -4), (-6.451814594072729, 13.694429590046344)),
    ((-4, 4, 4), (-6.451814594072729, 13.694429590046344)),
    ((4, -4, 4), (-6.451814594072729, 13.694429590046344)),
    ((-4, 4, -4), (-6.451814594072729, 4.494169208078437)),
    ((-4, -4, 4), (-6.451814594072729, 4.494169208078436)),
    ((-4, -4, 4), (-6.451814594072729, 4.494169208078436)),
    ((-4, 4, 4), (-6.451814594072729, 13.694429590046344)),
    ((-4, 4, -4), (-6.451814594072729, 4.494169208078437)),
    ((4, -4, 4), (-6.451814594072729, 13.694429590046344)),
    ((-4, 4, 4), (-6.451814594072729, 13.694429590046344)),
    ((4, -4, -4), (-6.451814594072729, 4.494169208078437)),
    ((-4, -4, 4), (-6.451814594072729, 4.494169208078436)),
    ((-4, -4, 4), (-6.451814594072729, 4.494169208078436)),
    ((-4, 4, 4), (-6.451814594072729, 13.694429590046344)),
    ((4, -4, -4), (-6.451814594072729, 4.494169208078437)),
    ((4, -4, -4), (-6.451814594072729, 4.494169208078437)),
    ((4, -4, 4), (-6.451814594072729, 13.694429590046344)),
    ((4, 4, -4), (-6.451814594072729, 13.694429590046344)),
    ((-4, -4, 4), (-6.451814594072729, 4.494169208078436)),
    ((4, -4, -4), (-6.451814594072729, 4.494169208078437)),
    ((-4, 4, -4), (-6.451814594072729, 4.494169208078437)),
    ((4, -4, 4), (-6.451814594072729, 13.694429590046344)),
    ((4, 4, -4), (-6.451814594072729, 13.694429590046344)),
    ((-4, 4, 4), (-6.451814594072729, 13.694429590046344)),
    ((4, -4, 4), (-6.451814594072729, 13.694429590046344)),
    ((-4, 4, -4), (-6.451814594072729, 4.494169208078437)),
    ((4, -4, 4), (-6.451814594072729, 13.694429590046344)),
    ((4, -4, -4), (-6.451814594072729, 4.494169208078437)),
    ((-4, 4, 4), (-6.451814594072729, 13.694429590046344)),
    ((-4, -4, 4), (-6.451814594072729, 4.494169208078436)),
    ((4, 4, -4), (-6.451814594072729, 13.694429590046344)),
    ((4, -4, -4), (-6.451814594072729, 4.494169208078437)),
    ((-4, 4, 4), (-6.451814594072729, 13.694429590046344)),
    ((-4, 4, 4), (-6.451814594072729, 13.694429590046344)),
    ((-4, -4, 4), (-6.451814594072729, 4.494169208078436)),
    ((-4, -4, 4), (-6.451814594072729, 4.494169208078436)),
    ((-4, 4, 4), (-6.451814594072729, 13.694429590046344)),
    ((4, -4, 4), (-6.451814594072729, 13.694429590046344)),
    ((-4, 4, -4), (-6.451814594072729, 4.494169208078437)),
    ((-4, -4, 4), (-6.451814594072729, 4.494169208078436)),
    ((4, -4, -4), (-6.451814594072729, 4.494169208078437)),
    ((-4, -4, 4), (-6.451814594072729, 4.494169208078436)),
    ((-4, 4, 4), (-6.451814594072729, 13.694429590046344)),
    ((-4, 4, -4), (-6.451814594072729, 4.494169208078437)),
    ((4, -4, 4), (-6.451814594072729, 13.694429590046344)),
    ((-4, -4, 4), (-6.451814594072729, 4.494169208078436)),
    ((-4, 4, 4), (-6.451814594072729, 13.694429590046344)),
    ((4, -4, -4), (-6.451814594072729, 4.494169208078437)),
    ((-4, 4, 4), (-6.451814594072729, 13.694429590046344)),
    ((4, 4, -4), (-6.451814594072729, 13.694429590046344)),
    ((-4, -4, 4), (-6.451814594072729, 4.494169208078436)),
    ((-4, 4, 4), (-6.451814594072729, 13.694429590046344)),
    ((4, -4, -4), (-6.451814594072729, 4.494169208078437)),
    ((4, -4, -4), (-6.451814594072729, 4.494169208078437)),
    ((-4, -4, 4), (-6.451814594072729, 4.494169208078436)),
    ((4, -4, 4), (-6.451814594072729, 13.694429590046344)),
    ((4, -4, 4), (-6.451814594072729, 13.694429590046344)),
    ((4, 4, -4), (-6.451814594072729, 13.694429590046344)),
    ((-4, -4, 4), (-6.451814594072729, 4.494169208078436)),
    ((4, -4, -4), (-6.451814594072729, 4.494169208078437)),
    ((4, -4, 4), (-6.451814594072729, 13.694429590046344)),
    ((4, 4, -4), (-6.451814594072729, 13.694429590046344)),
    ((-4, 4, 4), (-6.451814594072729, 13.694429590046344)),
    ((4, 4, -4), (-6.451814594072729, 13.694429590046344)),
    ((4, -4, 4), (-6.451814594072729, 13.694429590046344)),
    ((4, -4, -4), (-6.451814594072729, 4.494169208078437)),
    ((-4, 4, -4), (-6.451814594072729, 4.494169208078437)),
    ((4, -4, -4), (-6.451814594072729, 4.494169208078437)),
    ((-4, 4, 4), (-6.451814594072729, 13.694429590046344)),
    ((-4, 4, 4), (-6.451814594072729, 13.694429590046344)),
    ((-4, -4, 4), (-6.451814594072729, 4.494169208078436)),
    ((4, 4, -4), (-6.451814594072729, 13.694429590046344)),
    ((4, -4, -4), (-6.451814594072729, 4.494169208078437)),
    ((-4, 4, 4), (-6.451814594072729, 13.694429590046344)),
    ((-4, 4, 4), (-6.451814594072729, 13.694429590046344)),
    ((-4, 4, -4), (-6.451814594072729, 4.494169208078437)),
    ((-4, 4, 4), (-6.451814594072729, 13.694429590046344)),
    ((-4, 4, -4), (-6.451814594072729, 4.494169208078437)),
    ((-4, -4, 4), (-6.451814594072729, 4.494169208078436)),
    ((-4, 4, 4), (-6.451814594072729, 13.694429590046344)),
    ((-4, -4, 4), (-6.451814594072729, 4.494169208078436)),
    ((-4, 4, 4), (-6.451814594072729, 13.694429590046344)),
    ((4, -4, 4), (-6.451814594072729, 13.694429590046344)),
    ((-4, -4, 4), (-6.451814594072729, 4.494169208078436)),
    ((-4, 4, 4), (-6.451814594072729, 13.694429590046344)),
    ((-4, 4, 4), (-6.451814594072729, 13.694429590046344)),
    ((4, -4, -4), (-6.451814594072729, 4.494169208078437)),
    ((-4, -4, 4), (-6.451814594072729, 4.494169208078436)),
    ((4, 4, -4), (-6.451814594072729, 13.694429590046344)),
    ((-4, -4, 4), (-6.451814594072729, 4.494169208078436)),
    ((-4, 4, 4), (-6.451814594072729, 13.694429590046344)),
    ((4, -4, -4), (-6.451814594072729, 4.494169208078437)),
    ((4, -4, -4), (-6.451814594072729, 4.494169208078437)),
    ((4, -4, 4), (-6.451814594072729, 13.694429590046344)),
    ((4, -4, 4), (-6.451814594072729, 13.694429590046344)),
    ((-4, -4, 4), (-6.451814594072729, 4.494169208078436)),
    ((4, 4, -4), (-6.451814594072729, 13.694429590046344)),
    ((-4, -4, 4), (-6.451814594072729, 4.494169208078436)),
    ((4, -4, -4), (-6.451814594072729, 4.494169208078437)),
    ((-4, 4, 4), (-6.451814594072729, 13.694429590046344)),
    ((4, -4, 4), (-6.451814594072729, 13.694429590046344)),
    ((-4, -4, 4), (-6.451814594072729, 4.494169208078436)),
    ((4, 4, -4), (-6.451814594072729, 13.694429590046344)),
    ((-4, 4, -4), (-6.451814594072729, 4.494169208078437)),
    ((4, -4, -4), (-6.451814594072729, 4.494169208078437)),
    ((-4, 4, 4), (-6.451814594072729, 13.694429590046344)),
    ((4, -4, 4), (-6.451814594072729, 13.694429590046344)),
    ((-4, -4, 4), (-6.451814594072729, 4.494169208078436)),
    ((4, 4, -4), (-6.451814594072729, 13.694429590046344)),
    ((4, -4, -4), (-6.451814594072729, 4.494169208078437)),
    ((-4, 4, 4), (-6.451814594072729, 13.694429590046344)),
    ((-4, 4, 4), (-6.451814594072729, 13.694429590046344)),
    ((-4, 4, -4), (-6.451814594072729, 4.494169208078437)),
    ((-4, 4, 4), (-6.451814594072729, 13.694429590046344)),
    ((-4, 4, -4), (-6.451814594072729, 4.494169208078437)),
    ((-4, -4, 4), (-6.451814594072729, 4.494169208078436)),
    ((-4, -4, 4), (-6.451814594072729, 4.494169208078436)),
    ((-4, 4, 4), (-6.451814594072729, 13.694429590046344)),
    ((-4, 4, 4), (-6.451814594072729, 13.694429590046344)),
    ((4, -4, 4), (-6.451814594072729, 13.694429590046344)),
    ((-4, 4, 4), (-6.451814594072729, 13.694429590046344)),
    ((-4, 4, 4), (-6.451814594072729, 13.694429590046344)),
    ((4, -4, -4), (-6.451814594072729, 4.494169208078437)),
    ((-4, -4, 4), (-6.451814594072729, 4.494169208078436)),
    ((4, 4, -4), (-6.451814594072729, 13.694429590046344)),
    ((-4, -4, 4), (-6.451814594072729, 4.494169208078436)),
    ((-4, -4, 4), (-6.451814594072729, 4.494169208078436)),
    ((-4, 4, 4), (-6.451814594072729, 13.694429590046344)),
    ((4, -4, -4), (-6.451814594072729, 4.494169208078437)),
    ((4, -4, -4), (-6.451814594072729, 4.494169208078437)),
    ((4, -4, -4), (-6.451814594072729, 4.494169208078437)),
    ((4, -4, 4), (-6.451814594072729, 13.694429590046344)),
    ((4, -4, 4), (-6.451814594072729, 13.694429590046344)),
    ((-4, -4, 4), (-6.451814594072729, 4.494169208078436)),
    ((4, -4, -4), (-6.451814594072729, 4.494169208078437)),
    ((4, -4, 4), (-6.451814594072729, 13.694429590046344)),
    ((4, -4, -4), (-6.451814594072729, 4.494169208078437)),
    ((4, -4, -4), (-6.451814594072729, 4.494169208078437)),
    ((-4, 4, -4), (-6.451814594072729, 4.494169208078437)),
    ((4, -4, 4), (-6.451814594072729, 13.694429590046344)),
    ((4, -4, -4), (-6.451814594072729, 4.494169208078437)),
    ((-4, 4, 4), (-6.451814594072729, 13.694429590046344)),
    ((-4, -4, 4), (-6.451814594072729, 4.494169208078436)),
    ((4, 4, -4), (-6.451814594072729, 13.694429590046344)),
    ((4, -4, -4), (-6.451814594072729, 4.494169208078437)),
    ((-4, 4, 4), (-6.451814594072729, 13.694429590046344)),
    ((-4, 4, -4), (-6.451814594072729, 4.494169208078437)),
    ((-4, 4, 4), (-6.451814594072729, 13.694429590046344)),
    ((4, -4, 4), (-6.451814594072729, 13.694429590046344)),
    ((-4, -4, 4), (-6.451814594072729, 4.494169208078436)),
    ((-4, 4, 4), (-6.451814594072729, 13.694429590046344)),
    ((-4, 4, 4), (-6.451814594072729, 13.694429590046344)),
    ((-4, 4, 4), (-6.451814594072729, 13.694429590046344)),
    ((4, -4, -4), (-6.451814594072729, 4.494169208078437)),
    ((-4, -4, 4), (-6.451814594072729, 4.494169208078436)),
    ((-4, 4, 4), (-6.451814594072729, 13.694429590046344)),
    ((4, -4, -4), (-6.451814594072729, 4.494169208078437)),
    ((-4, -4, 4), (-6.451814594072729, 4.494169208078436)),
    ((-4, -4, 4), (-6.451814594072729, 4.494169208078436)),
    ((4, -4, -4), (-6.451814594072729, 4.494169208078437)),
    ((4, -4, 4), (-6.451814594072729, 13.694429590046344)),
    ((4, -4, -4), (-6.451814594072729, 4.494169208078437)),
    ((4, -4, -4), (-6.451814594072729, 4.494169208078437)),
    ((4, -4, -4), (-6.451814594072729, 4.494169208078437)),
    ((-4, -4, 4), (-6.451814594072729, 4.494169208078436)),
    ((-4, 4, 4), (-6.451814594072729, 13.694429590046344)),
    ((4, -4, 4), (-6.451814594072729, 13.694429590046344)),
    ((-4, 4, -4), (-6.451814594072729, 4.494169208078437)),
    ((-4, -4, 4), (-6.451814594072729, 4.494169208078436)),
    ((-4, 4, 4), (-6.451814594072729, 13.694429590046344)),
    ((-4, 4, 4), (-6.451814594072729, 13.694429590046344)),
    ((-4, 4, 4), (-6.451814594072729, 13.694429590046344)),
    ((-4, 4, -4), (-6.451814594072729, 4.494169208078437)),
    ((-4, 4, 4), (-6.451814594072729, 13.694429590046344)),
    ((-4, -4, 4), (-6.451814594072729, 4.494169208078436)),
    ((4, -4, -4), (-6.451814594072729, 4.494169208078437)),
    ((-4, -4, 4), (-6.451814594072729, 4.494169208078436)),
    ((4, -4, -4), (-6.451814594072729, 4.494169208078437)),
    ((4, -4, 4), (-6.451814594072729, 13.694429590046344)),
    ((-4, 4, -4), (-6.451814594072729, 4.494169208078437)),
    ((4, -4, -4), (-6.451814594072729, 4.494169208078437)),
    ((4, -4, -4), (-6.451814594072729, 4.494169208078437)),
    ((-4, -4, 4), (-6.451814594072729, 4.494169208078436)),
    ((-4, -4, 4), (-6.451814594072729, 4.494169208078436)),
    ((4, 4, -4), (-6.451814594072729, 13.694429590046344)),
    ((-4, 4, 4), (-6.451814594072729, 13.694429590046344)),
    ((-4, 4, -4), (-6.451814594072729, 4.494169208078437)),
    ((-4, -4, 4), (-6.451814594072729, 4.494169208078436)),
    ((-4, -4, 4), (-6.451814594072729, 4.494169208078436)),
    ((-4, 4, -4), (-6.451814594072729, 4.494169208078437)),
    ((-4, 4, 4), (-6.451814594072729, 13.694429590046344)),
    ((-4, 4, 4), (-6.451814594072729, 13.694429590046344)),
    ((-4, -4, 4), (-6.451814594072729, 4.494169208078436)),
    ((-4, -4, 4), (-6.451814594072729, 4.494169208078436)),
    ((4, 4, -4), (-6.451814594072729, 13.694429590046344)),
    ((-4, -4, 4), (-6.451814594072729, 4.494169208078436)),
    ((4, -4, -4), (-6.451814594072729, 4.494169208078437)),
    ((4, -4, -4), (-6.451814594072729, 4.494169208078437)),
    ((-0.96063465355438471, -0.0019201212213377783, -1.0463770957059748), (-16.363733084678728, -6.4172320878424918)),
    ((-4, -4, 4), (-6.451814594072729, 4.494169208078436)),
    ((4, -4, -4), (-6.451814594072729, 4.494169208078437)),
    ((4, -4, -4), (-6.451814594072729, 4.494169208078437)),
    ((-4, -4, 4), (-6.451814594072729, 4.494169208078436)),
    ((-4, -4, 4), (-6.451814594072729, 4.494169208078436)),
    ((4, 4, -4), (-6.451814594072729, 13.694429590046344)),
    ((-4, 4, 4), (-6.451814594072729, 13.694429590046344)),
    ((-4, 4, -4), (-6.451814594072729, 4.494169208078437)),
    ((-1.1203033260031825, -0.40700056662301975, -1.2366159949514426), (-15.586594802043937, -7.2474333986252102)),
    ((-4, 4, 4), (-6.451814594072729, 13.694429590046344)),
    ((-4, 4, 4), (-6.451814594072729, 13.694429590046344)),
    ((4, 4, -4), (-6.451814594072729, 13.694429590046344)),
    ((4, 4, -4), (-6.451814594072729, 13.694429590046344)),
    ((4, -4, -4), (-6.451814594072729, 4.494169208078437)),
    ((4, -4, -4), (-6.451814594072729, 4.494169208078437)),
    ((-0.99433569694032431, -0.49549812169189278, -0.0069758241031812052), (-17.064059272047245, -3.1833759302213385)),
    ((-4, -4, 4), (-6.451814594072729, 4.494169208078436)),
    ((-4, -4, 4), (-6.451814594072729, 4.494169208078436)),
    ((4, 4, -4), (-6.451814594072729, 13.694429590046344)),
    ((-4, 4, 4), (-6.451814594072729, 13.694429590046344)),
    ((-0.86760128148255311, 0.038537126326998239, -0.034740795065745678), (-18.3023299249716, -2.0035319794006177)),
    ((-1.0391521186300483, -0.44038832494260882, -1.2064980736785822), (-15.71405871608674, -7.1337931356049342)),
    ((-4, 4, 4), (-6.451814594072729, 13.694429590046344)),
    ((-4, 4, 4), (-6.451814594072729, 13.694429590046344)),
    ((4, 4, -4), (-6.451814594072729, 13.694429590046344)),
    ((4, 4, -4), (-6.451814594072729, 13.694429590046344)),
    ((-4, -4, 4), (-6.451814594072729, 4.494169208078436)),
    ((-0.91931882312551472, -0.29578627825865283, -0.70035908759290022), (-16.833053632161388, -3.2546391658338267)),
    ((-0.061068589430083364, -0.44710605078491117, -1.2445768592078328), (-16.81298633328842, -3.3088364280053773)),
    ((4, -4, -4), (-6.451814594072729, 4.494169208078437)),
    ((4, -4, -4), (-6.451814594072729, 4.494169208078437)),
    ((-4, -4, 4), (-6.451814594072729, 4.494169208078436)),
    ((-4, -4, 4), (-6.451814594072729, 4.494169208078436)),
    ((-1.1452601013610362, -0.61381410384709634, -1.2195837316134894), (-15.321882934577044, -8.0236637887617324)),
    ((4, 4, -4), (-6.451814594072729, 13.694429590046344)),
    ((-4, 4, 4), (-6.451814594072729, 13.694429590046344)),
    ((-4, 4, 4), (-6.451814594072729, 13.694429590046344)),
    ((-4, 4, 4), (-6.451814594072729, 13.694429590046344)),
    ((4, 4, -4), (-6.451814594072729, 13.694429590046344)),
    ((4, 4, -4), (-6.451814594072729, 13.694429590046344)),
    ((0.00079885868674089977, -0.30661972536456983, 0.33390199418689459), (-18.538414090970207, 0.84951371438888734)),
    ((-0.13062847897763197, -0.12404380709255258, 0.36538460273090656), (-18.903426066270185, 1.0545730862605578)),
    ((4, -4, -4), (-6.451814594072729, 4.494169208078437)),
    ((4, -4, -4), (-6.451814594072729, 4.494169208078437)),
    ((-4, -4, 4), (-6.451814594072729, 4.494169208078436)),
    ((4, -4, 4), (-6.451814594072729, 13.694429590046344)),
    ((-4, -4, 4), (-6.451814594072729, 4.494169208078436)),
    ((4, 4, -4), (-6.451814594072729, 13.694429590046344)),
    ((-4, 4, 4), (-6.451814594072729, 13.694429590046344)),
    ((-1.2697643394060765, 0.055829436307110569, -0.071478023065448149), (-17.575620914350367, -3.0129907704424208)),
    ((-4, 4, 4), (-6.451814594072729, 13.694429590046344)),
    ((-4, 4, 4), (-6.451814594072729, 13.694429590046344)),
    ((4, 4, -4), (-6.451814594072729, 13.694429590046344)),
    ((4, 4, -4), (-6.451814594072729, 13.694429590046344)),
    ((-4, 4, -4), (-6.451814594072729, 4.494169208078437)),
    ((4, 4, -4), (-6.451814594072729, 13.694429590046344)),
    ((-0.93568551237513065, -0.79854730283143671, -0.96354792227941199), (-15.60480598132286, -7.2359625443782267)),
    ((-0.90859890876671923, -0.21810209728313534, -0.80313288787078552), (-16.762118982867488, -3.8752339595763416)),
    ((-2.0138190628523267, -1.2253079235034092, -1.9515768866422074), (-12.548254567157553, -9.5061211190268899)),
    ((4, -4, 4), (-6.451814594072729, 13.694429590046344)),
    ((4, -4, -4), (-6.451814594072729, 4.494169208078437)),
    ((4, -4, -4), (-6.451814594072729, 4.494169208078437)),
    ((-4, -4, 4), (-6.451814594072729, 4.494169208078436)),
    ((4, -4, 4), (-6.451814594072729, 13.694429590046344)),
    ((-4, -4, 4), (-6.451814594072729, 4.494169208078436)),
    ((4, 4, -4), (-6.451814594072729, 13.694429590046344)),
    ((-4, 4, 4), (-6.451814594072729, 13.694429590046344)),
    ((-4, 4, 4), (-6.451814594072729, 13.694429590046344)),
    ((-4, 4, 4), (-6.451814594072729, 13.694429590046344)),
    ((4, 4, -4), (-6.451814594072729, 13.694429590046344)),
    ((4, 4, -4), (-6.451814594072729, 13.694429590046344)),
    ((4, -4, -4), (-6.451814594072729, 4.494169208078437)),
    ((-4, -4, 4), (-6.451814594072729, 4.494169208078436)),
    ((-4, -4, 4), (-6.451814594072729, 4.494169208078436)),
    ((-4, -4, 4), (-6.451814594072729, 4.494169208078436)),
    ((-4, 4, 4), (-6.451814594072729, 13.694429590046344)),
    ((-4, 4, 4), (-6.451814594072729, 13.694429590046344)),
    ((4, 4, -4), (-6.451814594072729, 13.694429590046344)),
    ((4, 4, -4), (-6.451814594072729, 13.694429590046344)),
    ((4, 4, -4), (-6.451814594072729, 13.694429590046344)),
    ((-0.82467192939020695, -0.248105052550746, -1.0257977545860233), (-16.51492895844622, -4.9387159484346803)),
    ((4, -4, -4), (-6.451814594072729, 4.494169208078437)),
    ((-4, -4, 4), (-6.451814594072729, 4.494169208078436)),
    ((-4, -4, 4), (-6.451814594072729, 4.494169208078436)),
    ((-4, 4, 4), (-6.451814594072729, 13.694429590046344)),
    ((4, 4, -4), (-6.451814594072729, 13.694429590046344)),
    ((4, 4, -4), (-6.451814594072729, 13.694429590046344)),
    ((-4, 4, 4), (-6.451814594072729, 13.694429590046344)),
    ((4, 4, -4), (-6.451814594072729, 13.694429590046344)),
    ((4, 4, -4), (-6.451814594072729, 13.694429590046344)),
    ((4, 4, -4), (-6.451814594072729, 13.694429590046344)),
    ((-4, -4, 4), (-6.451814594072729, 4.494169208078436)),
    ((-4, -4, 4), (-6.451814594072729, 4.494169208078436)),
    ((-4, -4, 4), (-6.451814594072729, 4.494169208078436)),
    ((4, 4, -4), (-6.451814594072729, 13.694429590046344)),
    ((4, 4, -4), (-6.451814594072729, 13.694429590046344)),
    ((4, 4, -4), (-6.451814594072729, 13.694429590046344)),
    ((-4, 4, 4), (-6.451814594072729, 13.694429590046344)),
    ((4, 4, -4), (-6.451814594072729, 13.694429590046344)),
    ((4, 4, -4), (-6.451814594072729, 13.694429590046344)),
    ((-4, -4, 4), (-6.451814594072729, 4.494169208078436)),
    ((-4, -4, 4), (-6.451814594072729, 4.494169208078436)),
    ((-4, -4, 4), (-6.451814594072729, 4.494169208078436)),
),)
