fronts = ((
    ((-1.1187874020293407, -0.84031246680247451, -1.1913226965699266), (-15.029892402384409, -9.5730342490789457)),
    ((0.015782424388571803, -0.090982431642953721, -0.7755624174751452), (-18.371097466410824, -1.2534137757862558)),
    ((-5, 5, 5), (-4.8623346886842835, 7.791492659222152)),
    ((-0.69238062316605609, -1.0248013087475427, -1.1232457121000108), (-15.186518066615559, -8.1089379435087956)),
    ((0.046329851067164363, -0.055802047205423241, -1.22141313709206), (-17.686657562103512, -3.4846897002556361)),
    ((-0.081493425069178227, 0.018969933843915418, -0.93719994642310955), (-18.124518432138263, -2.5433287751039293)),
    ((-0.59698131605299287, 0.038101462145835263, -1.1333740950329469), (-16.843183952045024, -4.1820565201472064)),
    ((-0.13193251154915925, 0.022205220395932007, -0.98849004415709241), (-17.941738984112693, -2.8879781962102422)),
    ((-1.0090989759479299, 0.34145094924180053, -1.1337868046146116), (-15.972426606366591, -6.5128325655447217)),
    ((-0.039164143476587476, 0.08108999628429947, -0.83855628310058672), (-18.270874394166285, -1.7004946095368625)),
    ((-0.40877544814551486, -0.10417349488432825, -1.1523809527181856), (-17.125022083600463, -3.5700477568372118)),
    ((-0.83776500397378328, -0.50763527737197256, -1.0526353877382268), (-16.13660126317825, -5.5310640182215387)),
    ((-1.1270391767559893, -0.16139424723140205, -1.0991357430915518), (-15.971250201710703, -7.4144405296354305)),
    ((-0.8147821041140666, -0.49125392523026878, -1.1587412276076057), (-16.041905326071536, -5.6251556761546517)),
    ((-1.1296863413831129, -0.59951084952698608, 0.030502820499171523), (-16.61180778914357, -4.1994152132870788)),
    ((-1.1931153429099184, -1.0621610803873294, -1.1525083206087987), (-14.574377670526864, -11.291082556899335)),
    ((-0.62161955239539246, -0.033163395209622193, -0.14649483849060174), (-18.533440211969875, -0.24110929701091505)),
    ((-0.55194059522159233, 0.0366449148063408, -0.17650463197332442), (-18.59857402322355, 0.078284917325229991)),
    ((-0.015936547745744267, 0.082396190882227216, -0.019093421719789228), (-19.665818059523787, 0.21709703660928367)),
    ((0.063050883745239761, -0.095514051206878031, -0.94794544392354263), (-18.038755945228605, -2.54502348878869)),
    ((-0.94363742945900952, -0.070894122493142447, -0.95491176865393501), (-16.532848978962583, -5.5111384621195256)),
    ((-0.14435514256549695, 0.10215123145824212, -1.0262762221018058), (-17.788634204880122, -3.0268929819003292)),
    ((-1.0412749813606306, -1.0355671835893259, -0.84580498350718858), (-15.10846421147576, -8.9079095310041918)),
),)
