fronts = ((
    ((-5, 5, 5), (-4.8623346886842835, 7.791492659222152)),
    ((5, -5, -5), (-4.8623346886842835, 13.951897251108717)),
    ((5, -5, -5), (-4.8623346886842835, 13.951897251108717)),
    ((-5, -5, 5), (-4.8623346886842835, 13.951897251108717)),
    ((-5, 5, -5), (-4.8623346886842835, 13.951897251108717)),
    ((5, -5, -5), (-4.8623346886842835, 13.951897251108717)),
    ((5, -5, 5), (-4.8623346886842835, 7.791492659222152)),
    ((-5, 5, -5), (-4.8623346886842835, 13.951897251108717)),
    ((5, -5, -5), (-4.8623346886842835, 13.951897251108717)),
    ((-5, 5, 5), (-4.8623346886842835, 7.791492659222152)),
    ((5, -5, 5), (-4.8623346886842835, 7.791492659222152)),
    ((-5, 5, 5), (-4.8623346886842835, 7.791492659222152)),
    ((-5, 5, -5), (-4.8623346886842835, 13.951897251108717)),
    ((5, -5, 5), (-4.8623346886842835, 7.791492659222152)),
    ((-5, 5, 5), (-4.8623346886842835, 7.791492659222152)),
    ((5, -5, -5), (-4.8623346886842835, 13.951897251108717)),
    ((5, -5, -5), (-4.8623346886842835, 13.951897251108717)),
    ((-5, -5, 5), (-4.8623346886842835, 13.951897251108717)),
    ((-5, 5, -5), (-4.8623346886842835, 13.951897251108717)),
    ((5, -5, -5), (-4.8623346886842835, 13.951897251108717)),
    ((5, -5, 5), (-4.8623346886842835, 7.791492659222152)),
    ((-5, 5, -5), (-4.8623346886842835, 13.951897251108717)),
    ((5, -5, 5), (-4.8623346886842835, 7.791492659222152)),
    ((-5, 5, 5), (-4.8623346886842835, 7.791492659222152)),
    ((-5, 5, -5), (-4.8623346886842835, 13.951897251108717)),
    ((5, -5, 5), (-4.8623346886842835, 7.791492659222152)),
    ((5, -5, -5), (-4.8623346886842835, 13.951897251108717)),
    ((-5, -5, 5), (-4.8623346886842835, 13.951897251108717)),
    ((-5, 5, -5), (-4.8623346886842835, 13.951897251108717)),
    ((5, -5, -5), (-4.8623346886842835, 13.951897251108717)),
    ((5, -5, 5), (-4.8623346886842835, 7.791492659222152)),
    ((-5, 5, -5), (-4.8623346886842835, 13.951897251108717)),
    ((5, -5, 5), (-4.8623346886842835, 7.791492659222152)),
    ((-5, 5, 5), (-4.8623346886842835, 7.791492659222152)),
    ((-5, 5, -5), (-4.8623346886842835, 13.951897251108717)),
    ((5, -5, 5), (-4.8623346886842835, 7.791492659222152)),
    ((-5, -5, 5), (-4.8623346886842835, 13.951897251108717)),
    ((-5, 5, -5), (-4.8623346886842835, 13.951897251108717)),
    ((5, -5, -5), (-4.8623346886842835, 13.951897251108717)),
    ((5, -5, 5), (-4.8623346886842835, 7.791492659222152)),
    ((-5, 5, -5), (-4.8623346886842835, 13.951897251108717)),
    ((5, -5, 5), (-4.8623346886842835, 7.791492659222152)),
    ((-4.171298891758063, 1.5573626793109892, -1.090645892810156), (-10.941327836573919, -0.5640516148409791)),
    ((-1.8793662172073153, -2.41153479012016, 3.6413048265745793), (-9.600425863098152, -4.791364564514396)),
),)
