fronts = ((
    ((-0.92961898254009911, -0.018188283230726399, -0.88054539556890599), (-16.688023359962145, -4.8660719499885738)),
    ((-0.97717240559251262, 0.0052548417389351662, -1.2104443442368753), (-16.07459528283186, -6.7530800428099109)),
    ((-0.97434933905050003, -0.04393190911590468, -0.81757458394567351), (-16.717323754115213, -4.6793159666507709)),
    ((-0.99645020877173773, -0.036342581185028644, -0.9902657981328653), (-16.394205440047596, -6.2462845501455275)),
    ((-0.50284227132515369, -0.021829804062110734, -1.1059106943938397), (-17.057736817812255, -3.8077421664709625)),
    ((-1.1556535177578267, 0.011883029576737977, -1.0992381122129722), (-15.962568142288081, -7.6215841874597512)),
    ((-0.65918781853654207, 0.054655632344020696, -1.0021593096069599), (-16.94220456861534, -3.820703252277919)),
    ((-0.77241739000323884, -0.0070179839460205069, -1.0800857189268984), (-16.62570000107444, -5.0881520913809934)),
    ((-0.654442118164975, 0.0089966359613327176, -1.1232470121981379), (-16.76095276613429, -4.4914341232143196)),
    ((-0.51070782033119366, 0.02921859181935664, -1.1887363046578288), (-16.910962413243574, -3.8425239475449846)),
    ((-0.71038538003127716, 0.041717952666432551, -1.1012854008703989), (-16.69527828206767, -4.6967270653597835)),
    ((-0.088531820039426862, 0.0029707645454875647, -0.97529971251396075), (-18.052242738593815, -2.8712498223519516)),
    ((-0.50973835130352063, 0.027003025819543787, -0.033878421845767934), (-18.943204900180767, 0.04516313119173692)),
    ((-0.56795199804864038, 0.076064352466807691, -1.1190370549109976), (-16.907749953682476, -3.979589850089071)),
    ((-0.081189652888457559, 0.029517247425692034, -0.82259316017026374), (-18.310827763774668, -1.5949021586774499)),
    ((-0.054906229008395091, 0.069571774026870259, -0.9214932626447081), (-18.136818351809495, -2.3710122492583343)),
    ((-0.080621572532629804, 0.044135062692876516, -1.1697952651785128), (-17.730481027994184, -3.6504882434867985)),
    ((0.082208949411763627, 0.10825163550616713, -0.70054979610335788), (-18.4099875305374, -0.61965885470115278)),
    ((0.069219181916933853, 0.0071127579067241089, -0.57201550628158471), (-18.780701271130766, -0.15187434819613543)),
    ((0.021455782302671256, 0.091261500763025125, -0.79414648840516966), (-18.336753828961825, -1.371793335112468)),
    ((0.05100543784909721, 0.065868798667151812, -1.1187784795078279), (-17.82677107658804, -3.6255211443772923)),
    ((0.015208820746443058, -0.0063077188170425486, 0.06818881745656169), (-19.831097954736315, 0.17077845394205646)),
    ((-0.027140903940884864, 0.055291070578772916, -0.0043002823169730753), (-19.76726585447271, 0.1680228453535727)),
    ((0.043786886753048093, -0.0059863548200393968, -0.62947061646716973), (-18.72903281074752, -0.44472814843660835)),
    ((0.010763243440614981, 0.049272027679666604, -0.65534399442017244), (-18.667969156835618, -0.55841228821691602)),
    ((-0.015577697066400886, 0.022729594554076443, -0.047805893014854939), (-19.839730693363613, 0.17156943890118823)),
    ((-1.0406349070307952, -0.28867550052608953, -1.0784423337155287), (-16.05635393134854, -6.9225996323042693)),
    ((-1.0141102114171152, -0.32767501762635909, -1.0488977879246058), (-16.107345008496594, -6.6074192357173018)),
    ((-1.0451562044130687, -0.69143250421756941, -1.0621028426504155), (-15.54412619205305, -7.9965683879054001)),
    ((-1.1114580196409543, -0.61338850514364029, -1.0978081242455102), (-15.533980981091133, -8.0514926573721333)),
    ((-1.0705384771006046, -0.67059132108738817, -1.1695024582883011), (-15.404095998461717, -8.274337030978586)),
    ((-1.1006259955874622, -0.65746620037704917, -1.0003182651157179), (-15.609195077285786, -7.6765245633666233)),
    ((-1.0697393887296078, -0.75458457414589264, -1.0134125414699915), (-15.463523631810428, -8.2349516037140251)),
    ((-1.0249069102910453, -0.82827408997133967, -1.0635159760020163), (-15.320036886152273, -8.8274264425653612)),
    ((-1.1228954808315756, -0.87006394858052238, -1.1187078223803772), (-15.058718365337647, -9.8419740178471855)),
    ((-1.1682758997502947, -0.82853496626869083, -1.0791794601022526), (-15.126950305158744, -9.391498593136598)),
    ((-0.65769120175021833, 0.015522258778852202, -1.0763793440811595), (-16.830145569788826, -4.3320834859104052)),
    ((-0.97894786339287254, -0.17376142374137699, -0.93751845596703576), (-16.46055849860305, -5.5486244547441572)),
    ((-0.97643771864607465, -0.19544941998252799, -1.0519011082374963), (-16.2678141553763, -6.3468044525159684)),
    ((-0.093923182810773997, -0.10081596029689316, -0.73017329077805992), (-18.35750138431036, -0.81911157019681013)),
    ((-0.72852703284255882, -0.10446777605065757, -1.051408696053751), (-16.726422169382005, -4.4985766775561098)),
    ((-0.013160651914540744, -0.077880867372049245, -1.0264976236355445), (-17.982500744069796, -3.2337744250128617)),
    ((-0.78583692892176271, 0.014517786959676621, -1.0881154866927072), (-16.58951082915739, -5.2057529166096952)),
    ((-0.87802387638744139, -0.032856869956353549, -1.082680498669685), (-16.4406956718876, -5.8743931965757836)),
),)
