fronts = ((
    ((5, -5, 5), (-4.8623346886842835, 7.791492659222152)),
    ((-5, 5, 5), (-4.8623346886842835, 7.791492659222152)),
    ((5, -5, 5), (-4.8623346886842835, 7.791492659222152)),
    ((5, -5, -5), (-4.8623346886842835, 13.951897251108717)),
    ((-5, -5, -5), (-4.8623346886842835, 20.11230184299528)),
    ((-5, -5, 5), (-4.8623346886842835, 13.951897251108717)),
    ((-5, 5, -5), (-4.8623346886842835, 13.951897251108717)),
    ((-5, -5, 5), (-4.8623346886842835, 13.951897251108717)),
    ((5, -5, -5), (-4.8623346886842835, 13.951897251108717)),
    ((-5, 5, -5), (-4.8623346886842835, 13.951897251108717)),
    ((-5, 5, 5), (-4.8623346886842835, 7.791492659222152)),
    ((5, -5, 5), (-4.8623346886842835, 7.791492659222152)),
    ((-5, 5, 5), (-4.8623346886842835, 7.791492659222152)),
    ((5, -5, 5), (-4.8623346886842835, 7.791492659222152)),
    ((5, -5, -5), (-4.8623346886842835, 13.951897251108717)),
    ((-5, -5, 5), (-4.8623346886842835, 13.951897251108717)),
    ((-5, 5, -5), (-4.8623346886842835, 13.951897251108717)),
    ((-5, -5, 5), (-4.8623346886842835, 13.951897251108717)),
    ((5, -5, -5), (-4.8623346886842835, 13.951897251108717)),
    ((-5, 5, -5), (-4.8623346886842835, 13.951897251108717)),
    ((-5, 5, 5), (-4.8623346886842835, 7.791492659222152)),
    ((5, -5, 5), (-4.8623346886842835, 7.791492659222152)),
    ((-5, 5, 5), (-4.8623346886842835, 7.791492659222152)),
    ((-5, -5, 5), (-4.8623346886842835, 13.951897251108717)),
    ((-5, 5, -5), (-4.8623346886842835, 13.951897251108717)),
    ((-5, -5, 5), (-4.8623346886842835, 13.951897251108717)),
    ((5, -5, 5), (-4.8623346886842835, 7.791492659222152)),
    ((-1.4811852352048147, 1.8774643299295946, -1.4041135658253214), (-12.455463605762837, 4.693898363501541)),
    ((-0.7669978467306375, 0.26237603862006686, 4.375757343452145), (-12.664776992988273, 6.629044921099796)),
    ((-1.2821652037797393, 3.1047993821168536, -0.9186159470961686), (-10.340919766537146, -8.147969241622949)),
    ((-1.3695547580416179, -1.3270235846845368, 4.22808664647455), (-10.950863504839736, 0.32121197452818673)),
),)
