fronts = ((
    ((-0.72989471343154699, -0.039681817840903341, -0.98193926976631629), (-16.855513964882995, -4.1151297645700176)),
    ((-0.91796420445797522, -0.025764072010638399, -0.94533539936170863), (-16.59887307277949, -5.2892335060248072)),
    ((-0.79340854252619275, 0.0056104269485612798, -0.93831126551230937), (-16.82156354487082, -4.2740777431516062)),
    ((-0.73321066930547363, 0.01844173828937843, -1.0041716790377715), (-16.815831640089762, -4.336681262583034)),
    ((-0.78967367719200277, -0.044013500926325902, -1.0002693385767885), (-16.72224412949614, -4.663521328357807)),
    ((-0.81476807464800227, -0.01584706010261968, -0.95476840086844839), (-16.757535397462576, -4.5484575734564743)),
    ((-0.77165314639263527, 0.028297298257074346, -0.97203409566596932), (-16.801548207533088, -4.3425264460635322)),
    ((-0.79556135973216058, 0.0067401650375751819, -0.92494075297252243), (-16.840057763987467, -4.1783158846359312)),
    ((-0.8028147350235052, 0.0036808520102304988, -0.95139700339050703), (-16.783897108269812, -4.4551338916328032)),
    ((-0.82389722896600004, -0.028413957218771525, -0.97879058376839423), (-16.70140941832477, -4.7866126910336124)),
    ((-0.74002359115543415, 0.053708662246609196, -1.0289383322124932), (-16.758692576020742, -4.4967326640900858)),
    ((-0.83314244188597131, -0.016971384323786316, -0.94077364965961219), (-16.749459243187513, -4.5767914371754959)),
    ((-0.82851666827995707, 0.012870335465554814, -0.94312384196559695), (-16.75363255888657, -4.5670502404415672)),
    ((-0.72936829391384794, -0.074610900856043189, -0.99832250310174198), (-16.821587747709607, -4.1866040468565551)),
    ((-0.91456972419215088, -0.015297822624810026, -0.9429658868154378), (-16.609213004816386, -5.2602894698607674)),
    ((-1.0322664053844475, 0.018446802759876813, -0.88898187165980402), (-16.50518276493112, -5.7098655272461336)),
    ((-1.0300529284563154, -0.030675369422878795, -0.92605793819144377), (-16.44594183264883, -5.9804275716853184)),
    ((-0.96764122552457354, -0.060618619136988294, -0.97978507040278429), (-16.454736138963362, -5.9118875319454487)),
    ((-0.86890902678252135, -0.028901592636772465, -0.91629770640507235), (-16.72875667366283, -4.6434009374409397)),
    ((-0.89646603084312948, -0.01912452693755505, -0.94190591751575325), (-16.64093440148789, -5.0955642618956922)),
    ((-0.86277807563898612, -0.015622170690658348, -0.91752938892376779), (-16.738125311682808, -4.6263869352987061)),
    ((-0.90425437429557243, 0.012259051732924825, -0.93640062424159387), (-16.63744047547639, -5.1275820929454188)),
    ((-0.88264844882266313, -0.0076067798069079373, -0.91022051686526895), (-16.71727676668771, -4.7441748090987339)),
    ((-0.9502742963284766, 0.026598506109410266, -0.91386798088800003), (-16.5974447021593, -5.2937988102762379)),
    ((-1.0069676750934107, -0.037404702262762504, -0.95934123243791358), (-16.427723540723758, -6.0814356328254906)),
    ((-0.94880922238967724, -0.0018070344426246165, -0.90237947837103194), (-16.620283200033583, -5.2359310173016755)),
    ((-0.94136238619209811, 0.019691826655409972, -0.97966136081446586), (-16.503902152394225, -5.7624915310435361)),
    ((-0.94432887545610089, -0.012810307417535138, -0.92365199601061843), (-16.591968486151675, -5.3507068276162881)),
    ((-0.90691357396321515, 0.015829557981464737, -0.94056167774010502), (-16.625925837750174, -5.1766577551805417)),
    ((-1.0777261697535656, -0.072162417985911415, -0.98040738137615835), (-16.2722223278379, -6.6262574040581468)),
    ((-0.99528687623715717, 0.094389155807745304, -1.0468539247956792), (-16.291771046875084, -6.5380308536439644)),
    ((-1.0190314415661796, 0.085750126906091656, -0.96437226264981923), (-16.38991312990602, -6.1343655257092999)),
    ((-0.89543279750112381, -0.0080528649315272649, -0.95972553111619219), (-16.613740722404316, -5.2513732651794802)),
    ((-1.0198550115079386, 0.01374965111786533, -0.99029660717192336), (-16.357764316339996, -6.4508575403763206)),
    ((-1.0470462867268033, 0.17703204366116221, -1.0761788885933086), (-16.126783303218993, -6.9226982611330365)),
    ((-0.95326613031850393, 0.03157983072025311, -0.93728112016078557), (-16.553099152203174, -5.5016986089870112)),
    ((-0.84723387157313024, -0.013568277448377408, -0.91229500231312777), (-16.773153335698503, -4.4617230179067624)),
    ((-1.1117877678390669, 0.0090750689908813964, -1.0958249427531068), (-16.038062687009848, -7.5545130199730286)),
    ((-1.0257816436793774, 0.033380259414928212, -1.1327033752498448), (-16.116400292723405, -7.1823158156804263)),
    ((-0.99703290980199255, 0.045338431064858659, -1.0861478005977214), (-16.236409448158504, -6.8246112829106291)),
    ((-0.93765682145055507, -0.015437131612476618, -0.96880136430481545), (-16.528171667924283, -5.6557115201066237)),
    ((-0.89298520033037898, -0.0025242633813559179, -0.96512837611592095), (-16.60902548956176, -5.2867848609146151)),
    ((-1.0072556045396832, -0.025387799133946842, -0.80776677164280442), (-16.68244498204328, -4.8788808394852161)),
    ((-0.90915640380523155, -0.026009994718838247, -0.99655356387773153), (-16.52919652588959, -5.6151322147474083)),
    ((-1.1709874133661171, 0.035598377143539306, -1.1071371563976591), (-15.924023283819757, -7.5941858401742524)),
    ((-1.0747460940766611, -0.52567023746620822, -1.1489699057134444), (-15.638911947153092, -7.6729838835007307)),
    ((-1.2029525663461367, -0.60798848835244423, -1.127120356849614), (-15.377474442597405, -8.062672362165797)),
    ((-0.82568692096939078, -0.018457750293385145, -1.0033662997395054), (-16.658941915225213, -5.0011930832366556)),
    ((-1.1166598001446832, -0.89601368813253601, -0.8940787786327844), (-15.273526157588545, -8.5696029189385321)),
    ((-1.0274018532572589, -0.92596775065073644, -0.99763849921252712), (-15.200230855628238, -9.213765066798917)),
    ((-1.1368633683439, -1.0052517306781867, -1.1101363368694512), (-14.793885470962168, -10.92213033294864)),
    ((-1.0075957716201058, -0.69820469948952057, -1.1056500145033399), (-15.524421108106617, -7.9778663256479279)),
    ((-1.0486501454333146, -0.96203472765711673, -1.1013759965644523), (-14.987159022368854, -10.231052164273823)),
    ((-1.0686880307832305, -0.97799092981263658, -1.1046862228674215), (-14.929393861002001, -10.477321747099069)),
    ((-1.2117324696337268, -1.1963887550140211, -1.2151893443554624), (-14.223840395750653, -11.228169827937124)),
    ((-1.2581127148288018, -1.166529004913647, -1.1943189035589161), (-14.256656351581373, -11.034082094186834)),
    ((-1.0664142108783645, -0.6056574598598321, -1.0898738046922283), (-15.617761011470717, -7.801531120879968)),
    ((0.034728582365681743, -0.0095924887774626894, -0.99507639717644769), (-18.123498886068063, -3.078627387158889)),
    ((0.010533652777043129, 0.042224525269481533, -0.071474271633890224), (-19.748681279692093, 0.22540673276933429)),
    ((-0.0061204820163402313, -0.020475750772250383, -0.58971610450456724), (-18.844182848339365, -0.30134766635359145)),
    ((0.019543757442077259, 0.041588619255434903, -0.46750910629908121), (-19.012518796536206, 0.15616317337385599)),
    ((0.018532776810373366, 0.015951259434141246, -0.7051208609711237), (-18.635584979223417, -0.88337567416771101)),
    ((0.028737280951718951, 0.011764245274111993, -0.97125284437485138), (-18.172486519515072, -2.9023973207176033)),
    ((0.014657666016310446, 0.031566007367354029, -0.51870185071592123), (-18.943498583791254, -0.0067671567293781099)),
    ((0.023831128970204285, 0.011248490202940598, -0.69310839314363992), (-18.65284801673631, -0.81042918240929751)),
    ((0.030958967739008442, -0.0002545039167243246, -0.59271667170355791), (-18.82040443156113, -0.31204495820542288)),
    ((-0.033170614891227163, 0.012407637490880481, -1.0482343679478483), (-18.038006046768675, -3.4338415375921647)),
    ((-0.051587204108491658, 0.0082879767223334247, -1.1103563350546828), (-17.90457995371892, -3.6968734372928331)),
    ((-0.040112837681390415, -0.038817650516044473, -1.1013338320243928), (-17.91093140583229, -3.6323114283476596)),
    ((0.032421993508752731, 0.051789697015855618, -1.0755099879893046), (-17.941123219494713, -3.5166597306785068)),
    ((-0.96197781782685565, 0.0043717519704690039, -0.71715763553639467), (-16.913566455288162, -3.9398419516468257)),
    ((-1.0594960477693689, -0.051040410751457238, -0.94039332400481679), (-16.37167645044947, -6.2444996849244818)),
    ((-1.0061207000831112, -0.068232354319454208, -0.92968227272054471), (-16.47262465189369, -5.7922321378260584)),
    ((-1.0783385549403088, -0.041760715535296818, -0.95674184782445826), (-16.31567179247623, -6.4853064682283428)),
    ((-1.0143850656381463, -0.029159220406361919, -0.87425115153838906), (-16.55811354798287, -5.4508720116648064)),
    ((-0.90294447992511895, -0.014796923608804288, -0.92590689132142956), (-16.656921337859586, -5.0261656266531851)),
    ((-0.022821698080101968, 0.020385503528215436, -0.8473651820388356), (-18.37966687687431, -1.8890073916143471)),
    ((-0.023400284972420853, -0.0030640451847607497, -0.88800910695064739), (-18.32565971703074, -2.253408564261643)),
    ((0.011343333367759216, -0.024576479207590235, -0.78427628558510265), (-18.493629997707867, -1.4169112565517228)),
    ((2.5250170007977413e-05, -0.016635571632332709, -0.8708977934798583), (-18.367977449768667, -2.1344916002527206)),
    ((-0.027802506827422913, -0.0053358832881083146, -0.78574598663911033), (-18.489274689337442, -1.4349834847141936)),
    ((0.012679213837319792, 0.010575386568597023, -0.81366919838029539), (-18.465089836525046, -1.660501436782023)),
    ((0.015548735658819465, -0.013610063636053471, -0.84095504972494217), (-18.410495108023376, -1.8629121447148662)),
    ((0.042570152935282046, -0.0097510139764423777, -0.90239989426963396), (-18.26164104747329, -2.3262088413540245)),
    ((-0.014092860908513888, -0.046661627074633408, -0.65855848185522148), (-18.666029676639297, -0.57414344050265653)),
    ((0.024191192391388117, -0.0093076540299242179, -0.82497510179354139), (-18.427184371324195, -1.7300853772189737)),
    ((-0.0083213263613891031, -0.0029353108490725588, -0.9442075369415901), (-18.261537437545314, -2.7429599892613941)),
    ((-0.0087253616638088283, 0.011211980844340913, -0.39861208874754478), (-19.20506130607921, 0.21269972055065667)),
    ((0.014636272773056708, 0.027669402000020868, -0.75281531930375012), (-18.53895182544638, -1.181394288633153)),
    ((0.010116062952693905, 0.062867012620548335, -0.62314338346411224), (-18.696119282153305, -0.3771878667163977)),
    ((-0.0066699731898941517, -0.03823556576782456, -0.53476982736176559), (-18.905891888570572, -0.06426818956970537)),
    ((-0.0073145696904688695, -0.028769721450609465, -0.96923063701859757), (-18.17794909125518, -2.8958168860467772)),
    ((-0.46520321475507054, 0.01213885440583376, -1.1055600076581684), (-17.12743820136656, -3.727475950420351)),
    ((-0.54094310957405356, -0.025209677667179714, -1.1101469648568554), (-16.981989073279784, -3.9344474191690586)),
    ((-0.72190413532689668, -0.029402500682559715, -1.0135665274937089), (-16.818971245332133, -4.3114593902216143)),
    ((-0.66664730740619038, 0.066458932343618882, -1.0301719011643473), (-16.880551153510062, -4.0376615485342491)),
),)
