fronts = ((
    ((-1.001309149789703, -0.01590016013993523, -1.026498216481196), (-16.328789411657844, -6.57297492867557)),
    ((-1.0355375856778495, -0.003298943731845912, -1.03735263368788), (-16.255677267319577, -6.9034406049391634)),
    ((-1.0395003128692581, 0.00014072302268863454, -1.0318895086348712), (-16.258137930023352, -6.903008469355379)),
    ((-1.0867748902948566, -0.0021768205744038755, -1.052629693988432), (-16.148016123480105, -7.273613037800118)),
    ((-1.0955849741640011, -0.0019473614344499022, -1.0380935553083266), (-16.157439456364006, -7.222092195455653)),
    ((-1.0528201757497664, -0.002686875923341211, -1.0558118161824086), (-16.19768667774602, -7.11982274814641)),
    ((-1.0403574608119752, 0.0009058337140011715, -1.0293678788720668), (-16.2608481441818, -6.889071799539588)),
    ((-1.045498796740877, 0.0017723178636511253, -1.037646369180132), (-16.239032595005227, -6.9709455152708895)),
    ((-1.054026095187339, -0.0034007628801576697, -1.0489084637680897), (-16.206912498946938, -7.085147040944105)),
    ((-1.046712382322644, -0.004347139080870451, -1.0402611741396677), (-16.232790719822635, -6.987922621588153)),
    ((-1.0727020320271532, -0.003158766962581448, -1.048036471563578), (-16.178133136077133, -7.179825477970319)),
    ((-1.0553790415356377, -0.0010950229673432343, -1.0849600060777458), (-16.14648908443128, -7.284644580330257)),
    ((-1.0207014962660574, -0.0009792679821236305, -1.0115463325405065), (-16.321900833283593, -6.639807212268029)),
    ((-1.0588499442141517, -0.002733945673875856, -1.0388093943450634), (-16.21550097552457, -7.052568589890829)),
    ((-1.0575235208236895, -0.0023116823707782777, -1.0393360231750015), (-16.216795482099155, -7.049633880916355)),
    ((-0.9953518349298851, 0.0015554591431347683, -1.0020799991440263), (-16.378820613715426, -6.390007401180977)),
    ((-1.0740156191156072, 0.0010610518798451572, -1.0429245687642077), (-16.184321769732996, -7.161316368451789)),
    ((-1.0599442695932844, 0.0012280954559235422, -1.041406168546481), (-16.20952130528505, -7.07887571310115)),
    ((-1.072853732216601, -0.00437321152376666, -1.042967749013366), (-16.1860989287289, -7.147128230270059)),
    ((-1.0551222214301907, -0.002002077103473227, -1.039945904415911), (-16.219694762228322, -7.040811316744323)),
    ((-1.1070687174430633, -0.0017164460231834412, -1.0455871318370558), (-16.126845640161687, -7.308360622252607)),
    ((-1.0815444315348937, -0.0009264959280929118, -1.0350266541483557), (-16.185016442790083, -7.147664418458453)),
    ((-1.0549902498707235, -0.0030580741895108836, -1.0581707273339915), (-16.190349280648334, -7.144392671542402)),
    ((-1.0057754144025, -0.0024026711736167944, -1.028331205841037), (-16.318894163644153, -6.6457093176354425)),
    ((-1.0736027304940199, 2.2620054347891744e-06, -1.0306114316892174), (-16.205004245257918, -7.0857663759812555)),
    ((-1.0459635365199391, 0.0034337471485074364, -1.0022447321418757), (-16.29600281044945, -6.7285676279675855)),
    ((-0.9016025914991288, -0.0002682615191084998, -1.0093327589122572), (-16.522064975115597, -5.697830316038989)),
    ((-1.035965872514883, -0.003109946952325385, -1.045852092538849), (-16.24118072035826, -6.958888639559772)),
    ((-1.0040520301144713, -0.0032078977354216736, -1.0306638357696236), (-16.31790899781697, -6.646479028221566)),
    ((-1.0101642928770418, -0.006027700147837116, -1.009341876904455), (-16.342646842289888, -6.538302512335667)),
    ((-1.0332129786148447, -0.006738403052610085, -1.0442136614516204), (-16.248260276605734, -6.9229939855839815)),
    ((-1.0292368212778908, -0.0013847621848940206, -1.0349355112904566), (-16.269871396648178, -6.852665559856284)),
    ((-1.0655172099652908, -0.005045568703650502, -1.0579366471517786), (-16.173672685227736, -7.19562310854818)),
    ((-1.018691766543868, -0.0023156949928169693, -1.0140669755636695), (-16.321054781740592, -6.639871545934441)),
    ((-1.0528559432257527, 0.0018946152291760467, -1.024923868222233), (-16.247805407570016, -6.931347774464962)),
    ((-1.0516507333387843, 0.0011919284055074593, -1.0383529199939963), (-16.227910926011166, -7.013384385776824)),
    ((-1.0127892819774793, -0.0049586425969151806, -1.026104501338862), (-16.311026796490676, -6.67442953568811)),
    ((-1.0518454337466712, 0.001113995067790692, -1.0480227638767623), (-16.2118978629822, -7.073665873866695)),
    ((-1.0853452326182216, -0.003366029131506952, -1.0421411628723674), (-16.167319683976825, -7.202087181541908)),
    ((-0.925002543732022, -0.004620060007672401, -1.0190864109509026), (-16.467116192224942, -5.946339126780103)),
    ((-1.047614297856519, 0.0005366326810273539, -1.0455155833220966), (-16.22282627717273, -7.0358430461634605)),
    ((-1.017899840113751, -0.0036062743898842204, -1.0042584895733673), (-16.338366004063587, -6.5615385007696485)),
    ((-0.9431368248874886, -0.012874176982565863, -1.0048475876662861), (-16.46004347626415, -5.977159269712949)),
    ((-1.039255366224546, 0.007755327725388044, -1.0419830559488146), (-16.242035878681087, -6.945448897335609)),
    ((-1.044101481649195, -0.0004704843977423761, -1.0403426132916211), (-16.23692408995352, -6.983442287443175)),
    ((-1.0341106578204757, 0.004735405797989901, -1.0189147276676003), (-16.288001052129417, -6.7695909303788255)),
    ((-0.9703300086548634, -0.0025672930691166204, -1.0114427940873194), (-16.404616334929628, -6.2633584865125105)),
    ((-1.0111926482213356, -0.00011872594884781745, -1.0241280001012212), (-16.31689450839087, -6.663632402412601)),
    ((-1.0374691111016858, 0.0040340689820559696, -1.0058875951514854), (-16.303829136728716, -6.701190261835282)),
    ((-1.0551644995242901, -0.0019153506208433105, -1.0401365175428885), (-16.219317187542753, -7.042473938441652)),
    ((-0.9902829634859169, -0.004864194657241055, -1.0238072299235337), (-16.351612614398093, -6.495799807684592)),
    ((-0.9326361082702211, -0.018461462943404464, -1.0213400792376164), (-16.450222911304483, -5.996768619133311)),
    ((-1.0259745827992448, 0.0027354281536854617, -1.0316694492743859), (-16.28048750587045, -6.806423320806053)),
    ((-1.0273339592805337, -0.0004618892545148485, -1.0402017933357728), (-16.264413586313808, -6.876264866882776)),
    ((-1.0253064093803355, -0.005705947762332388, -1.0207334698599908), (-16.299349640679893, -6.7222503663627995)),
    ((-0.9502321016996615, -0.0066774766182659375, -1.0261594811831498), (-16.41371752650553, -6.194735995042154)),
    ((-1.0196076393224713, -0.008353907815395616, -1.0125239042948255), (-16.321977322660214, -6.621388572590532)),
    ((-1.0242119163927892, -0.011271652456288576, -1.026291785423792), (-16.29192413619929, -6.740671852035761)),
    ((-1.0278577881406938, -0.005351446327721125, -1.0347290962216353), (-16.272410140414205, -6.832222881349026)),
    ((-0.9980649208736397, -0.004579283088986814, -1.0226690740709574), (-16.340714655660946, -6.546585841951264)),
    ((-0.9887394678212137, -0.011403117025538957, -1.0222567188751395), (-16.35649941348833, -6.459982490998895)),
    ((-1.02055496144937, -0.005802262496033524, -1.0278211382306301), (-16.295543091148865, -6.7374911790436425)),
    ((-0.9705068017979787, 0.0024795698661908595, -1.0169228235409282), (-16.39537797142365, -6.303169551256299)),
    ((-1.0396649276687127, -0.0013256557266339477, -1.0673997592221145), (-16.200295521222074, -7.10735452751471)),
    ((-0.941754377310732, -0.006771524891445199, -1.0127784525800776), (-16.44957289539048, -6.034626140112847)),
    ((-0.8963402778189504, -0.005155725310015681, -1.02186577044593), (-16.51035342166358, -5.727929231684628)),
    ((-1.018078488370075, 0.005666823612594454, -0.9852718997368962), (-16.369165442445478, -6.41725392860805)),
    ((-0.7690407685157237, -0.007899766006793651, -1.0362678748862177), (-16.702381633477984, -4.82101711996627)),
    ((-1.0388383957575282, 0.0009288405827324636, -1.0151319143671929), (-16.286523203633315, -6.783447456911631)),
    ((-1.0779325742292516, 0.023824740437714872, -1.0549879423037303), (-16.157585484449626, -7.204741926295494)),
    ((-0.9653667219626607, 0.0009050175809428478, -1.0401581228222825), (-16.36602722750143, -6.419847900235548)),
    ((-0.9386902453487046, -0.01732260800066662, -1.0205790176742826), (-16.44149271018103, -6.043011515552953)),
    ((-1.0319044097073111, 0.002046075693649558, -1.026123453553805), (-16.279867919409263, -6.810778722930067)),
    ((-1.0643542541653928, 0.0017363246265740138, -1.0419964185470227), (-16.201428532117784, -7.104679991067197)),
    ((-1.0047213381144087, -0.005505501264306677, -1.006375362088505), (-16.35640564038158, -6.479490555689712)),
    ((-0.964032869515738, -0.000905767950419514, -1.0305873413455575), (-16.383788132707174, -6.348485307860551)),
    ((-1.0394572784756841, -0.006644758651233091, -1.007978680646017), (-16.297134877478832, -6.722614605304002)),
    ((-1.022789713952118, 0.017875191253501344, -1.0076328044908973), (-16.324380021597804, -6.590122589461185)),
    ((-1.0027671032596592, -0.0040847710996863885, -1.0373214918337668), (-16.30917361153645, -6.677645539424221)),
    ((-1.111974046123575, 0.002018207196803295, -1.0617345331720633), (-16.092827254944122, -7.41422305860717)),
    ((-1.1032912647433228, 0.005955439065204279, -1.0860579379659354), (-16.06745179362879, -7.495684470664406)),
    ((-1.0967524504204902, -0.0038408512229876866, -1.095298385312134), (-16.06311828858034, -7.514787918156498)),
    ((-1.1289086901212828, 0.0019116503422361123, -1.082756588670615), (-16.031829102592724, -7.5568201599161675)),
    ((-1.1246132253122199, 0.005779273602827872, -1.0950699076830763), (-16.01883655091691, -7.58995717758531)),
    ((-1.1067979952389344, 0.007311160733748635, -1.1082782615597342), (-16.026119061248135, -7.585732547740166)),
    ((-1.099794936837018, 0.0007540562414112221, -1.0759690014804266), (-16.089367752925284, -7.45150885814412)),
    ((-0.9909540409325355, 0.006586079945570238, -1.03426609806917), (-16.33345328436487, -6.565500508280571)),
    ((-0.9163632621153356, 0.009254359201256862, -0.9713282428949112), (-16.559652193639046, -5.512885754501819)),
    ((-1.1006490713099821, -0.0017536612460089078, -1.0832317526009894), (-16.07628856244431, -7.484753413457328)),
    ((-1.075055470409482, -0.0034503530181124835, -1.0868577307522067), (-16.111616741288024, -7.389295209335712)),
    ((-1.1081582507803336, 0.005225136664043777, -1.066541028338979), (-16.091134909438612, -7.420438529982031)),
    ((-1.1544466516401861, 0.01028573610751448, -1.1211371291801866), (-15.929458684088761, -7.689030401373091)),
    ((-0.9985898079147859, 0.0086937911929632, -0.9469684348153419), (-16.464095785848613, -5.970965385900823)),
    ((-0.9991769184397299, -0.01355999547794893, -0.9870697629464205), (-16.396859518242053, -6.280508775500526)),
    ((-0.8985710668972803, 0.001549134324436069, -0.9729834968324841), (-16.586751031274574, -5.397095272909132)),
    ((-0.9072282207186806, -0.012381416594421369, -0.9739014089974022), (-16.57052002849688, -5.451479337972941)),
    ((-0.8949563176815428, 0.004308956350286136, -0.9648962902303764), (-16.606089585604714, -5.296732872356266)),
    ((-0.8935641558621652, -0.007490455260957478, -0.9516727472924607), (-16.630184338931006, -5.172774981483723)),
    ((-0.8883531110071283, 0.012598814030772662, -0.9633367331836655), (-16.619458782471398, -5.212620344940948)),
    ((-0.885021137416821, -0.0034265053425247063, -1.0076836547179808), (-16.55247729382643, -5.540278137089454)),
    ((-0.989126576825538, -0.01498142214376297, -0.9805912197611927), (-16.42390785980306, -6.153899129621342)),
    ((-0.911754009206158, -0.0091717295698826, -0.9533345996398556), (-16.59701785141322, -5.332566162285791)),
    ((-0.8945517331696775, -0.028584713128514544, -0.9857021325485407), (-16.571117880209798, -5.40932137118842)),
    ((-0.843362838586083, 0.003082041757401878, -0.9542808614699588), (-16.71035111640311, -4.795429671110021)),
    ((-0.8532995495116914, 0.003694923827971994, -1.001663474774964), (-16.6156420381204, -5.237823632979781)),
    ((-0.8706649486833379, 0.009276883183606404, -0.9459264155751852), (-16.67802466156524, -4.93483450107199)),
    ((-0.9158055070450176, -0.02109636486524325, -0.9403323428971174), (-16.611139716086548, -5.238769616242289)),
    ((-0.9091403261092825, 0.011925636303690715, -0.9727547274126181), (-16.569238394309494, -5.459184747807527)),
    ((-0.8933973236989688, -0.008429329594616456, -0.9454523478479628), (-16.640726923457965, -5.1192701009054655)),
    ((-0.8704511531630378, -0.014488770664846318, -0.9883302117203357), (-16.608272568776133, -5.255721445692412)),
    ((-0.9468606491501715, 0.0053967537703615565, -0.9773000758626973), (-16.49929752355905, -5.816729955145783)),
    ((-0.9021265963487501, -0.013564411577384711, -0.9342812124632871), (-16.644446507476523, -5.090274348800343)),
    ((-0.8670478530306758, 0.002641993107130796, -0.9213962906889119), (-16.72495384623173, -4.720116742009358)),
    ((-0.9104639170595799, -0.00975170574487344, -0.9503729506136593), (-16.604044734225702, -5.29696155138008)),
    ((-0.8981275806878556, -0.0029855269123072545, -0.9054304047177503), (-16.699449473696294, -4.842700777327265)),
    ((-0.904757250560944, 0.007338641329231517, -0.9408944857800291), (-16.629326460240268, -5.178260186746983)),
    ((-0.7189139210000967, -0.040291850118770685, -1.0142203808025574), (-16.821553642081557, -4.28004184204226)),
    ((-0.8789136445839705, -0.008806038419447767, -0.9894457529601565), (-16.59247175683204, -5.344421815016032)),
    ((-0.918082381015202, 0.020322986407218357, -0.9325279272681279), (-16.62034673561038, -5.195150080491413)),
    ((-0.8962539917155502, -0.02087869732463872, -0.9253928328728144), (-16.668554298795527, -4.955919907643078)),
    ((-0.9773164827983996, 0.01800692663136909, -0.9558873636763263), (-16.48384215274516, -5.864507690819359)),
    ((-0.9118266328386762, -0.0024803576563050336, -0.9845030322666894), (-16.54568042293974, -5.592478864863634)),
    ((-0.9025408157181112, -0.004366095405957199, -0.9923552041996145), (-16.548260436964515, -5.5703673053392295)),
    ((-0.9181605796725635, 0.0061435987700013996, -1.0476043562218968), (-16.432082863648443, -6.069456146941169)),
    ((-0.9375429927745339, 0.010276575910824197, -1.036961891463615), (-16.41705076414017, -6.154418815149546)),
    ((-0.8438427320146861, 0.0037943347507020247, -1.0371117814170954), (-16.57378159871034, -5.403378192194092)),
    ((-0.9793662547808264, 6.196657947976983e-05, -1.0118005498938387), (-16.389171667926945, -6.344011612212025)),
    ((-0.9163643401296926, -0.007465371110738609, -1.049087297904178), (-16.43263804648917, -6.060567449741412)),
    ((-0.9670129057666793, 0.0020907074241890075, -1.014056130661681), (-16.405817435610732, -6.256928923281389)),
    ((-0.7138147036244835, -0.0170914248421202, -1.0466197471725665), (-16.780338821730876, -4.4960562649801945)),
    ((-1.107174447757648, -0.003427180550732922, -1.0681581358533603), (-16.090122046731253, -7.430008527927991)),
    ((-1.0735435320609876, 0.0013275199929496453, -1.0682665994502167), (-16.14404474247898, -7.300731405795739)),
    ((-1.0640369341832985, -0.026882500150185357, -1.0723995331430896), (-16.151635827086913, -7.222821293469025)),
    ((-1.1161751041263446, -0.020842505274151473, -1.0935824746061127), (-16.034132781889266, -7.535901540416676)),
    ((-0.03967775352422642, -0.048017645998395475, -1.0532538155043738), (-17.974990201654947, -3.39536643559832)),
    ((-0.8836756739405092, -0.020897105875086884, -0.024738882099457904), (-18.315045047948203, -2.1800428605770263)),
    ((-0.6267463252889021, -0.0500956905741893, -1.066266512115661), (-16.895975454346654, -4.069286940954376)),
    ((-0.6450500818919184, -0.0033496030967120546, -1.0576161482207425), (-16.883132539199977, -4.194189395498756)),
    ((-0.7374159152501137, -0.012362860488437197, -0.9869602815393999), (-16.837150983040935, -4.248557380287032)),
    ((-1.0740873659856223, 0.011217541044435926, -1.0828278419355268), (-16.11949593318343, -7.350356597529116)),
    ((-0.6727085621994014, 0.000643085970349129, -1.067441145997409), (-16.818779996506834, -4.403175880973837)),
    ((-0.695398388386927, -0.02753125568070242, -1.0545630922922937), (-16.798505237250083, -4.411461900077984)),
    ((-0.7215924386787019, -0.021421273797680235, -1.0654606366904664), (-16.736038750029092, -4.64354467901195)),
    ((-0.5723383409547822, -0.008176086584548735, -1.0698507232722614), (-16.99197801145519, -3.918364162018908)),
    ((-0.9958398788408858, -0.01171716734694241, -1.0059450613497272), (-16.371476342909027, -6.398669511723798)),
    ((-0.5220510199167641, -0.008273158550029918, -1.0861837267628542), (-17.055782344007334, -3.8167025135984103)),
    ((-0.7193380396600846, -0.030415465195198027, -1.0527189225166633), (-16.759634848932127, -4.544288369297581)),
    ((-0.7042196245680593, -0.005671486087348864, -1.0702851026851388), (-16.759208290809475, -4.589498337394383)),
    ((-1.0822334913131864, -1.0146798679783486, -1.0980560903198342), (-14.848109896240366, -10.789446328182805)),
    ((-0.5091417164273342, -0.021268767852740844, -1.1205959056776365), (-17.022919862935442, -3.8672215822531566)),
    ((0.02165153134948461, 0.025927727241085705, -1.1263472708431146), (-17.915203712780187, -3.749355139163834)),
    ((-0.04322425290407805, -0.010573615202387587, -0.8054052092520371), (-18.423510066713803, -1.547112957553594)),
    ((-0.10474981291829144, -0.017745806493925653, -0.9486575782540602), (-18.061294215626834, -2.611571577738924)),
    ((-1.0893288396454832, -0.8568175398158183, -1.0629398382572732), (-15.189659034340394, -9.406899863486952)),
    ((-1.0898062467326066, -0.6087893576531336, -1.063607383970309), (-15.616865898409998, -7.800646492926482)),
    ((-1.1521479444620062, -1.0511378771330118, -1.0576527668345557), (-14.741718943519853, -11.00492553304132)),
    ((-1.078063170891661, -0.8729502762220995, -1.0583254578331378), (-15.17768398955065, -9.463569457522603)),
    ((-1.0918966481530907, -0.7965411321316899, -1.0597536990036398), (-15.302354630297405, -8.92910926142838)),
    ((-1.0780232491813238, -0.9786126531509922, -1.058662033421136), (-14.968816668454043, -10.322724111458534)),
    ((-1.0858133352336028, -0.9036644282345487, -1.0589550635036185), (-15.108489111301893, -9.754190578425067)),
    ((-1.0821124809097855, -0.9272841986334042, -1.057853862216558), (-15.067697722245587, -9.926332517287102)),
    ((-1.085454610110127, -0.864551375785239, -1.0589177473169458), (-15.184327047339114, -9.431505633480484)),
    ((-1.0871063718505756, -0.8230295908354495, -1.0586547608369796), (-15.260821595731915, -9.105978300749396)),
    ((-1.0856661956056453, -0.9706002674173068, -1.0567105409702968), (-14.978642142151239, -10.28392028053591)),
    ((-1.0647847105875379, -0.9181957400099832, -1.0503615013601226), (-15.113992732956536, -9.724634694396766)),
    ((-1.0812754004513678, -0.8921917203070623, -1.0589990026181701), (-15.136002848978322, -9.639930616366366)),
    ((-1.0785827760939242, -0.8924539337657428, -1.0586031988109008), (-15.139090136433698, -9.627603003364992)),
    ((-1.0704574197480998, -0.8865557381371957, -1.0612713444880848), (-15.156902097971557, -9.554427705093776)),
    ((-1.0669770431860448, -0.9531963116886706, -1.0587778911615688), (-15.032197890233704, -10.068913221313464)),
    ((-1.0821984549080923, -0.8970113592072377, -1.0616872108379565), (-15.122465669389088, -9.698409926703345)),
    ((-1.0748542598121822, -0.8821565937799825, -1.0703302799491594), (-15.149691656488923, -9.587106749475744)),
    ((-1.0826487944999226, -0.9084357627972078, -1.0588432308380973), (-15.102971072657127, -9.779120912426233)),
    ((-1.0943771390153096, -0.8859158432053142, -1.0587560987745457), (-15.133084289587245, -9.64166469918225)),
    ((-1.0787560684882256, -0.9001644169390534, -1.0588214117349632), (-15.123641383365857, -9.69315020000831)),
    ((-1.0829560180238038, -0.9016232307012716, -1.0584276044278713), (-15.116384070878954, -9.722016152429514)),
    ((-1.0876490773653953, -0.8905027461700309, -1.0599504403706372), (-15.130730253411436, -9.658949962679545)),
    ((-1.0834887273469795, -0.8593099122563648, -1.0586274899619736), (-15.19698379966724, -9.378841342305467)),
    ((-1.085560215806468, -0.9263860574092664, -1.0580445893449588), (-15.065312175048135, -9.93512382147633)),
    ((-1.089275410188798, -0.9806798801593268, -1.058642175609305), (-14.95219959063521, -10.387865095374545)),
    ((-1.0732478352196453, -0.9136538673321257, -1.0587699102953045), (-15.103655957076887, -9.777874519052407)),
    ((-1.064674650604262, -0.9529928729952889, -1.0585431746016394), (-15.035447619691446, -10.053984454499748)),
    ((-1.0915151650098993, -0.9058403332738125, -1.059385932298353), (-15.097150423035817, -9.798075745855503)),
    ((-1.0889202108133966, -0.8870653659761121, -1.0592795533113752), (-15.136656864351444, -9.63227836714799)),
    ((-1.0797313977176621, -0.8720821371956685, -1.0608548720629887), (-15.174416634295774, -9.478031235746855)),
    ((-1.085994415900201, -0.8352345000033036, -1.060000646951014), (-15.237784964042197, -9.204455923744487)),
    ((-1.0834271867449536, -0.8966163471140617, -1.059021078951314), (-15.124887810302223, -9.686086969851168)),
    ((-1.1013575905127841, -0.9110288342426393, -1.058574867163095), (-15.076589097155512, -9.87301856238566)),
    ((-1.0987771934101267, -0.8680848654544553, -1.0574955574824245), (-15.163476716546326, -9.505048687859464)),
    ((-1.0922715000614045, -0.9271811192675813, -1.0585528280456473), (-15.05549081505098, -9.972114338697047)),
    ((-1.085817301060034, -1.058904400179237, -1.0585192109554769), (-14.795795200415018, -10.900144421916607)),
    ((-1.0835323572400415, -0.9074654031808387, -1.0568877180618685), (-15.106092161801229, -9.76418229573392)),
    ((-1.1005071565947924, -1.028250936587718, -1.0530319991784127), (-14.849202981539388, -10.740530940261005)),
    ((-1.0782806768132076, -0.8641376176021562, -1.0581240656924942), (-15.194550243612229, -9.391653453040373)),
    ((-1.0884600322624147, -0.9201539210338932, -1.0585518826257527), (-15.073665409718558, -9.898976924689716)),
    ((-1.07786352261703, -0.864929200983156, -1.0584286533088194), (-15.193171643104236, -9.397826605960507)),
    ((-1.0587448457179385, -0.9437884779908048, -1.058778386003322), (-15.06030608520827, -9.949113347832427)),
    ((-1.0826438778407912, -0.9020212602361077, -1.0550213206480998), (-15.119895153711347, -9.70487754072482)),
    ((-1.091541032154265, -0.9139238577475407, -1.0585526557794716), (-15.082316752363425, -9.860227334374907)),
    ((-1.0903770705493638, -0.8668046661917753, -1.0584829932557553), (-15.174710603141369, -9.467982000457976)),
    ((-1.0718744448261512, -0.891991955238144, -1.058680541514203), (-15.147705804977058, -9.592074248112148)),
    ((-1.0924020090607953, -0.8880055629885116, -1.0591225302695144), (-15.130950332443025, -9.653185856882672)),
    ((-1.088441917133043, -0.9205493257289953, -1.0589648059406482), (-15.07243957846805, -9.904427501156231)),
    ((-1.0950894768859984, -0.9660622946825743, -1.058601921531467), (-14.975123528729556, -10.29691822602858)),
    ((-1.0949679662225993, -0.9493362962281398, -1.0586326987034442), (-15.008556775381908, -10.163265840195262)),
    ((-1.0864497532418067, -0.8393197266003127, -1.0595165697829947), (-15.230158971323814, -9.236130774166462)),
    ((-1.0712472362046075, -0.9690883697921279, -1.058880820854667), (-14.995330829265464, -10.217241021083787)),
    ((-1.0871433198495393, -0.8474633922931614, -1.058284537887413), (-15.215472896199183, -9.297261264532931)),
    ((-1.0914247582186631, -0.8983856077651453, -1.0580403789020076), (-15.11328367686029, -9.728833310119782)),
    ((-1.0866440743489125, -0.8938634341827704, -1.0600979338835808), (-15.125232847506254, -9.68319533173725)),
    ((-1.0804625089578865, -0.871048638992002, -1.0598587601874148), (-15.176704924437999, -9.467507425824138)),
    ((-1.1013661674756843, -0.6784300655526496, -1.0589941435386299), (-15.49653581394538, -8.175845744917055)),
    ((-1.0851556626089591, -0.8763641298129636, -1.0586468337720398), (-15.162400948762487, -9.525101035845818)),
    ((-1.091566717679838, -0.9276526002720256, -1.058642507295635), (-15.055268408257245, -9.973679180786124)),
    ((-1.0858525346972974, -1.0151653787810593, -1.0587715537145166), (-14.885742088233208, -10.627168790252599)),
    ((-1.0809956937187806, -0.9401660243993784, -1.0580622081571391), (-15.043225282303492, -10.027663349462102)),
    ((-1.0413728229588892, -0.9719319846325442, -1.0587158947575164), (-15.022765097506134, -10.071502627015072)),
    ((-1.0871518270015574, -0.9472238122425672, -1.0587201672237085), (-15.021492218840848, -10.11536755687202)),
    ((-1.0661214652735544, -0.7756970293386656, -1.0588160059223055), (-15.373291430140789, -8.651935726817761)),
    ((-1.077418226913461, -0.8606109883440083, -1.0584725471963512), (-15.201895337686533, -9.36093402708746)),
    ((-1.0968320408908936, -0.8569176933427538, -1.0579708575206248), (-15.186408897204084, -9.409971254209818)),
    ((-1.0829981936601343, -0.8798844428760002, -1.0588857380784702), (-15.157891958777702, -9.545837403739533)),
    ((-1.0929073418999617, -0.967733990918888, -1.058928939613124), (-14.973857054571681, -10.303460891227681)),
    ((-1.0973255793164918, -0.9811953515915166, -1.0601449146946185), (-14.940576147035056, -10.431378130958318)),
    ((-1.0939810376504577, -0.6417258862330382, -1.058552889822921), (-15.56645173830297, -7.948316177567791)),
    ((-1.0736541055751845, -0.8951548980532038, -1.0688654156631487), (-15.127679902277047, -9.68083183303333)),
    ((-1.072671968484006, -0.7819965601841377, -1.0588215980709321), (-15.353723856882837, -8.73083477504358)),
    ((-1.086670756377214, -0.9162986075608438, -1.0608679208704845), (-15.080634164454189, -9.872419396413573)),
    ((-1.0614041229763616, -0.8418429996892297, -1.0594701718598785), (-15.255481217323162, -9.134636855058886)),
    ((-1.1075044613882679, -0.9594999078793147, -1.0525998120014144), (-14.980929959689437, -10.25397942146287)),
    ((-1.0957368056846128, -1.0580012020126812, -1.059725559729458), (-14.785899368958699, -10.941701475670559)),
    ((-1.0861851126014044, -0.5935819454559205, -1.058904355796284), (-15.651439728032766, -7.6930874194780845)),
    ((-1.0758993207810756, -0.7932920936642364, -1.0612507335601196), (-15.326161829517016, -8.84302760282204)),
    ((-1.0814233746680686, -0.8865964233159582, -1.0603783576922736), (-15.145055418310065, -9.602098797335046)),
    ((-1.0846585347914202, -0.8722526428357318, -1.0589547243867163), (-15.170509348369453, -9.491024074791158)),
    ((-1.0890734131292872, -0.9305660154322212, -1.0592675363487236), (-15.051672344712546, -9.990882475162659)),
    ((-1.113033611742696, -1.0903341814825143, -1.0622942874434727), (-14.697862322575794, -11.168238070261106)),
    ((-1.102382798730749, -0.6883269276968146, -1.0611153156202153), (-15.476048753581804, -8.248177082326249)),
    ((-1.121623955149837, -0.9853905096609934, -1.0588667512523342), (-14.906530842943525, -10.528458683821361)),
    ((-1.0804974134017926, -0.978046040306801, -1.0582020513341008), (-14.967728718905775, -10.327207073824303)),
    ((-1.0681916366208317, -0.9398326151873773, -1.0592239596407143), (-15.057066581811245, -9.969639004532077)),
    ((-1.1177436732575008, -1.0504129640515099, -1.0595782849827147), (-14.778227453267156, -10.966644344389534)),
    ((-1.0793190525875012, -0.9418969984545432, -1.0583298866779833), (-15.041381693574541, -10.03555733655039)),
    ((-1.115485451985042, -0.9437657045698098, -1.0588992225070812), (-14.995967599394497, -10.185798930834718)),
    ((-1.089150271337292, -0.8960051794262179, -1.0592487824353571), (-15.119148135256616, -9.706659648248142)),
    ((-1.087867813988008, -0.7885841086505481, -1.0534782759439125), (-15.329521777444647, -8.818403411487331)),
    ((-1.0710687699855876, -0.9367267879159906, -1.0591415099695776), (-15.06009053626153, -9.958425372710494)),
    ((-1.0904414044426978, -0.9533828227343988, -1.059664523728728), (-15.004466783804936, -10.18370046645016)),
    ((-1.064372283172083, -0.7466987987818582, -1.0591204859959362), (-15.42712819071226, -8.441081943113959)),
    ((-1.0713809176364082, -0.9188319568913592, -1.0655657982844562), (-15.087839309157971, -9.84778344596849)),
    ((-1.1015627638313248, -0.6852430422308604, -1.0586598984345446), (-15.485445118092509, -8.213941679940433)),
    ((-1.0814843307012618, -0.8477019909924548, -1.0600521207117801), (-15.219689478441762, -9.284231207142188)),
    ((-1.089573569924912, -0.9591004852975573, -1.0608806424576929), (-14.992686489032014, -10.232484238803568)),
    ((-1.119269904001458, -1.020987847171038, -1.0665408963980707), (-14.829158694235755, -10.821058596566491)),
    ((-1.0858088480606158, -0.9902941751350999, -1.05813564890989), (-14.937145973770193, -10.443469364715934)),
    ((-1.0492011892122133, -0.7233515191811513, -1.0630752700374322), (-15.48250994699017, -8.223181649011996)),
    ((-1.0627724488011308, -0.8533917106953677, -1.0594097354715182), (-15.23194411811156, -9.234183769344266)),
    ((-1.0809373985508142, -0.8106773023789039, -1.059371063877517), (-15.290344361235395, -8.987537269727305)),
    ((-1.1059537846438743, -0.9647329676232218, -1.0605940902154924), (-14.963376507624853, -10.335304185870358)),
    ((-1.0538760152945907, -0.9011575461561836, -1.0593450632865402), (-15.14984760011581, -9.575266970519671)),
    ((-1.0754567858187607, -0.7862165319283977, -1.0621949209778527), (-15.338440316034712, -8.793609513476618)),
    ((-1.092981398454247, -0.927546181042221, -1.0593837162600492), (-15.053016982527735, -9.982464971382383)),
    ((-1.0856717582813635, -0.910397899106024, -1.0872088340371073), (-15.062999794395083, -9.946972883369261)),
    ((-1.0812704941700828, -0.8551277915376625, -1.0594886185624206), (-15.20655014633023, -9.339899545436296)),
    ((-1.1184130909222527, -0.9815732430167184, -1.0592457904179706), (-14.917326226659563, -10.493988155869502)),
    ((-1.0760091009854937, -0.9885845127473172, -1.056355730203834), (-14.953347296481049, -10.376393216999212)),
    ((-1.08818150290403, -0.9103329309295611, -1.0555140956187357), (-15.096692302382655, -9.800007011255385)),
    ((-1.0792171018017165, -0.8163815829314259, -1.0591623020590675), (-15.28213746734155, -9.022401433945392)),
    ((-1.0757175098317489, -0.9585153025277879, -1.0443575770444633), (-15.027771709689453, -10.071438970691709)),
    ((-1.0935370974105763, -0.8018765627795927, -1.0595918127647297), (-15.290800202653672, -8.974796697167005)),
    ((-1.0951708685635637, -0.9863812368332303, -1.0550700105968949), (-14.938080668623309, -10.43464778621276)),
    ((-1.0427523650739803, -0.8038784990600354, -1.0667680786607934), (-15.340480671913303, -8.770511652345046)),
    ((-1.058568656702366, -0.839173362217303, -1.0499232067983695), (-15.27534537827868, -9.043818299944549)),
    ((-1.0667450555057791, -0.9612022668487192, -1.0585003681992657), (-15.016666604589776, -10.130076570716263)),
    ((-1.0683660203342111, -0.8578394952623007, -1.0658385728672042), (-15.209199582926775, -9.333685684817475)),
    ((-1.1004452175740187, -0.728513952554618, -1.0588469325646617), (-15.413417895018117, -8.47822057510961)),
    ((-1.067851153946136, -0.7780098521956923, -1.0584974918763286), (-15.367343046973176, -8.675842515398848)),
    ((-1.1164130434596662, -1.0299356193434381, -1.0585311396104637), (-14.822665389928027, -10.83075597694959)),
    ((-1.032366407990927, -0.8568587222671757, -1.0704372231924937), (-15.248152891545207, -9.139918207663507)),
    ((-1.0497581421538573, -0.8528619414489148, -1.0555107287562264), (-15.253017007008802, -9.135297500251976)),
    ((-1.043850658394979, -0.8682174478723037, -1.0523239732565013), (-15.234069489334846, -9.206313194093394)),
    ((-1.076904850818341, -0.9945985284220938, -1.0686964106551085), (-14.92665342210017, -10.49162203158885)),
    ((-1.0918817242972312, -0.7421192788721277, -1.0563216382501135), (-15.403899167144889, -8.522353958836394)),
    ((-1.0770824296045782, -0.7478783770263255, -1.0604551122347379), (-15.407301805810473, -8.519909563158203)),
    ((-1.0510499281146897, -0.7420783780969944, -1.0574637982802628), (-15.454253858588622, -8.326763078208955)),
    ((-1.0775897580992007, -0.8096118412288763, -1.0597568036519653), (-15.2959308917466, -8.966088443738716)),
    ((-1.0858885524574036, -0.7142142368764015, -1.0581492260187297), (-15.457597860374364, -8.32603044776614)),
    ((-1.060498605927916, -0.9868291646037248, -1.072329875715582), (-14.956425818331464, -10.368201359661677)),
    ((-1.057335496929826, -0.6465340720762535, -1.0698791653053474), (-15.592544719857536, -7.858628471742132)),
    ((-1.0857070087192415, -0.9405226525949193, -1.0567971025624936), (-15.03860084741579, -10.044272496304075)),
    ((-1.0695872976314145, -0.746088256012761, -1.0673861445397503), (-15.411187286469545, -8.507844736878383)),
    ((-1.0624058270500982, -0.8034760430783158, -1.052992735818645), (-15.334081797138039, -8.805164048677014)),
    ((-0.7968376590174013, 0.010826055929207774, -1.0245474479701162), (-16.673821062903862, -4.942031799399722)),
    ((-0.8022100391684616, -0.0018841618910493993, -1.045062042183345), (-16.631517329619964, -5.1332976600919915)),
    ((-0.8183855825874351, -0.005138450329784433, -1.0286867333436167), (-16.630581426458434, -5.145705638524701)),
    ((-0.8062594351062314, -0.0020923891013472484, -1.03464272625764), (-16.64154608665914, -5.098751999124863)),
    ((-0.8068951096136407, 0.011374317868451334, -0.9701934351389807), (-16.745708879125782, -4.618759914515711)),
    ((-0.7720547381661125, -0.0010110296555582653, -1.04112534257519), (-16.689438613521084, -4.889687430823681)),
    ((-0.7745275697081219, 0.0042886621644129715, -1.0265688055822426), (-16.70884359456577, -4.80550637748234)),
    ((-0.7646908584418141, -0.0003515349882721496, -1.0459601789143178), (-16.69422190394792, -4.868972649204463)),
    ((-0.7525436191192539, 0.005900535615474822, -1.041464986688599), (-16.722326278458112, -4.742164513486474)),
    ((-0.6963055437907278, -0.0239980840531763, -1.0216147572834617), (-16.850820132156024, -4.216723409630541)),
    ((-0.7408834683615586, 0.00911565523138931, -1.0588480101643563), (-16.71413824687133, -4.757483600148664)),
    ((-0.7811391434555807, -0.002810934883831648, -1.0477021361892749), (-16.663196688653777, -4.990079399752895)),
    ((-0.8006995008740863, 0.0022735974153623925, -1.0349961552063738), (-16.650439012889922, -5.058400185996758)),
    ((-0.7846979486408288, 0.001250651612749877, -1.045455740325696), (-16.660766834289973, -5.007035559049352)),
    ((-0.8018542923216948, 0.007217575739592672, -1.026248666373763), (-16.66262052087756, -4.998533564526606)),
    ((-0.8713618834956736, -0.00378411316067212, -1.038558960861604), (-16.52506705708621, -5.634860911399481)),
    ((-0.8244495083530384, 0.010696793038993197, -0.9918090401291924), (-16.68038922555748, -4.921003371477983)),
    ((-0.7828757757642639, 0.011394659278587568, -0.9817108975830846), (-16.767732118472786, -4.5285006436039446)),
    ((-0.7970764181916843, 0.006630973289837777, -1.0347672549186853), (-16.65691534967796, -5.019295985190489)),
    ((-0.784905629452431, 0.006720657491937794, -0.9681141471778285), (-16.786800506010326, -4.447533860321032)),
    ((-0.8538802108606537, 0.0013730648657993188, -1.0331756692330425), (-16.56326364020891, -5.465285705983094)),
    ((-0.7660598165740269, -0.010379170669307276, -0.9836186770560196), (-16.793443193860547, -4.423995070227679)),
    ((-0.8475879450891686, -0.00503505562268787, -0.9866997164838212), (-16.649787966293363, -5.077690943013225)),
    ((-0.8134085397452459, -0.001384816689423374, -1.018622025370744), (-16.65548435095253, -5.0493288947389185)),
    ((-0.8686947006011336, 0.002613038853882532, -1.0199913156434435), (-16.559788751142783, -5.494567511128633)),
    ((-0.8000601893492095, -0.022904120047579277, -0.9680675059411882), (-16.76009334518732, -4.5294942965546126)),
    ((-0.954730251093239, 0.02357363062839941, -0.9820715208225618), (-16.477543337139057, -5.882081543666426)),
    ((-0.7354590391617013, 0.004785630627757236, -1.0387895023671159), (-16.7561394023517, -4.612634318702861)),
    ((-0.7690821129116094, 0.005558678575870266, -1.0601591351385802), (-16.663625598135184, -4.96750187080238)),
    ((-0.7168476334946225, -0.003046792155555006, -1.0766159717269228), (-16.727128347612037, -4.705333194482922)),
    ((-0.8160159300205031, -0.002935907280855188, -1.0248366348564262), (-16.640909323259386, -5.107212275060229)),
    ((-0.9488505541543384, -0.013821205620124816, -0.9851089536340006), (-16.482894298276033, -5.875405424428917)),
    ((-0.9689093481471011, -0.00830060715496228, -0.9531603308508004), (-16.50262362774037, -5.795835500079573)),
    ((-1.0173775696438558, 0.0023052825376390085, -0.9501157302953404), (-16.428292866235815, -6.144797324366058)),
    ((-1.1362968661013573, -1.1196247417680922, -1.138848980989196), (-14.534224715189328, -11.569576244420343)),
    ((-1.1038333628980372, -1.1206010840160372, -1.0970267823662516), (-14.608708452345667, -11.395637080365809)),
    ((-1.0620197135140037, -1.0642503266591699, -1.1594296058498765), (-14.702610050534771, -11.099782259647368)),
    ((-1.1572636513988235, -1.0752410541024044, -1.155924300546016), (-14.583540241976706, -11.424555330842644)),
    ((-1.1199192748738607, -1.0722221053718712, -1.12406645078389), (-14.663237513403303, -11.341236145722485)),
    ((-1.1475627626706524, -1.065833071245021, -1.1254917496269936), (-14.645142490867508, -11.350130167262368)),
    ((-1.1619468637609949, -1.0916136308479718, -1.1400991757378274), (-14.56267845724745, -11.48828658015044)),
    ((-0.5834907084331529, 0.029029011924629033, -1.1035170760159339), (-16.916186029023027, -4.067599010449058)),
    ((0.02196189176009633, -0.0187086386090769, 0.04831752710966186), (-19.83937449975393, 0.17774822819355546)),
    ((-0.7531958691347732, -0.03311280805707484, -0.023441521229162543), (-18.5195159957557, -1.1600346605559717)),
    ((-1.0769983024707759, -0.7707760232234615, -1.0740951908339063), (-15.349599112625754, -8.749708669454195)),
    ((-1.088718893493883, -0.7612097418861589, -1.072034119991197), (-15.354512512809222, -8.723740283479234)),
    ((-1.0825843076496897, -0.6013825662296166, -1.0741387991586415), (-15.623698865433086, -7.790234615593733)),
    ((-1.083165569348508, -0.6506977343780226, -1.0570959698211426), (-15.568421084580173, -7.94181257936586)),
    ((-1.0762106787793915, -0.6743373808235613, -1.0592931110475612), (-15.535984568069265, -8.050667151379766)),
    ((-1.069881844577745, -0.7322635555803411, -1.067520842953104), (-15.434902086775814, -8.417587986599223)),
    ((-1.082731622265796, -0.7685263245067757, -1.0711258597226003), (-15.350159621405414, -8.745289468911466)),
    ((-1.0970117087958955, -0.6422378544668524, -1.0680055405866211), (-15.54895635713228, -8.012650712318326)),
    ((-1.0940327432824517, -0.6867384782454256, -1.0591367403965166), (-15.492194659616722, -8.19782184184934)),
    ((-1.0825478483701165, -0.6211569679232648, -1.086515733535441), (-15.576582161819069, -7.936878664118873)),
    ((-1.0937778497375417, -0.6153082839353364, -1.0714918166886584), (-15.5907424739637, -7.886849311547639)),
    ((-1.0976115608314811, -0.6840694428823085, -1.0741454648264346), (-15.472337041001373, -8.273393126279672)),
    ((-1.089822711980053, -0.8365660019600591, -1.0619521066788133), (-15.228339471634687, -9.241544697572191)),
    ((-1.0710813990409844, -0.6676928564599682, -1.0674132294649497), (-15.543039913123769, -8.031799788156626)),
    ((-1.0625946350065119, -1.0367910568428393, -1.0708099126486763), (-14.853313066515998, -10.721667515846283)),
    ((-1.0608840682766814, -0.6944419761019632, -1.0586182973773055), (-15.523106232068294, -8.085620566553985)),
    ((-1.0607537544459429, -0.7572045833793487, -1.0699514471336393), (-15.399352080189992, -8.55103234261772)),
    ((-1.0830131452256175, -0.6739741303829576, -1.0705516515096454), (-15.512852467069768, -8.138921705696383)),
    ((-1.0670766741252842, -0.732326183581711, -1.0773635323425301), (-15.425826143629738, -8.45212269720951)),
    ((-1.0875469724315403, -0.6400160634445581, -1.0810432061286779), (-15.547712419853578, -8.026913394038347)),
    ((-1.063527851420675, -0.6782969405069506, -1.098884965477276), (-15.494078304889676, -8.190861606647546)),
    ((-1.1130208143906075, -0.6647440075153506, -1.060709517011294), (-15.501254810934935, -8.14494579982168)),
    ((-1.1202610153947945, -1.044770772567624, -1.0702162633744519), (-14.775818195226293, -10.995027130742526)),
    ((-1.0975973933109668, -0.6363289606514881, -1.0810639399698154), (-15.540012566262366, -8.047957367032915)),
    ((-1.057153412820387, -0.7622483369174349, -1.085551645810674), (-15.375274862032667, -8.639376579263994)),
    ((-1.1007613231134636, -0.5991900780255368, -1.0655611533110996), (-15.613900971871955, -7.8096215165047695)),
    ((-1.0927133924854757, -0.8064043958990114, -1.0673934677558834), (-15.274005116008421, -9.047351775115388)),
    ((-1.0666192668583472, -0.8105960225660462, -1.0642133890274745), (-15.302064552404781, -8.943437857149284)),
    ((-1.0758373774498193, -0.6363373406694346, -1.1124335050709366), (-15.527082604165711, -8.071752157156835)),
    ((-1.0742145072142375, -0.6824337648954247, -1.0643973108149867), (-15.51844030339344, -8.114751545361191)),
    ((-1.0499065209930174, -0.7136128466744851, -1.0900650806180063), (-15.463827082402183, -8.292734347780259)),
    ((-1.0859387064779742, -1.0052852373142058, -1.0802413079712245), (-14.882504805048711, -10.666031426939899)),
    ((-1.076318626648631, -0.7450997420208108, -1.077164422213712), (-15.392046719969482, -8.582284624809656)),
    ((-1.062313970596591, -0.7241696093629164, -1.0722133254682695), (-15.452651315963935, -8.34912081596684)),
    ((-1.053351403626915, -0.835271831709195, -1.064963064473817), (-15.270984008699852, -9.067158518253857)),
    ((-1.080542614933843, -0.7095744922808699, -1.0752994166520113), (-15.450335265050278, -8.362096046145275)),
    ((-1.0846533144505304, -0.8277076211861847, -1.084894671884696), (-15.223406714816772, -9.261685226945534)),
    ((-1.0444819913277081, -0.8716212057487274, -1.0776116179825967), (-15.196988526649937, -9.370417878557433)),
    ((-1.0599080428159748, -0.760246009364689, -1.0647838268595382), (-15.401455259148781, -8.541060039374022)),
    ((-1.078363635875933, -0.7409128838321161, -1.0504443939984571), (-15.430610283885198, -8.422332854568495)),
    ((-1.1006511189774864, -0.6194626913530609, -1.0652237399965225), (-15.583493789827154, -7.899592546978141)),
    ((-1.0987149128286533, -0.5655505699669212, -1.0842114941389986), (-15.640682611168362, -7.75412461347603)),
    ((-1.0851112171704, -0.6369246063946709, -1.0493651156212094), (-15.598280829934382, -7.835479207300481)),
    ((-1.0714572325901572, -0.7762081834567407, -1.0491686598372603), (-15.37769230550099, -8.627815073416967)),
    ((-1.067845195087165, -0.7739025884304085, -1.0588677101394697), (-15.374334446392488, -8.648189439888785)),
    ((-1.0588456901424876, -0.7044216096247103, -1.0681163753474343), (-15.49641063134867, -8.185391309474863)),
    ((-0.8730756079979222, 0.014255715771887167, -1.03361655942986), (-16.52989271052218, -5.595728822975167)),
    ((-1.0495990019635681, -0.0023691791721429448, -1.0377404082228907), (-16.232225550203616, -6.99423841393021)),
),)
