fronts = ((
    ((0.008821715820909293, 0.7946262236783244, 0.28684265236735074, 0.42704981425171207, 0.6765491545674254, 0.27134403378520744, 0.8019375629297286, 0.5565854828253639, 0.08445042024471994, 0.05777515117572385, 0.7251391027170083, 0.5944253456792437, 0.8710727930964909, 0.6676737162346454, 0.8631228192558039, 0.3607364965560088, 0.7304720034880876, 0.8624682686211479, 0.6015351370977383, 0.0671157235417138, 0.7896669100499637, 0.03903375338631876, 0.9671104548147881, 0.31988720897818335, 0.9198271419192158, 0.5929176108199335, 0.6501827795692302, 0.8765741194788977, 0.3185687241315497, 0.08408018474124246), (0.008821715820909293, 5.693127988420037)),
    ((0.28632091253554537, 0.7451070909154541, 0.7497577879467728, 0.09312229697724939, 0.4808840028390343, 0.18846299569556957, 0.24692018475823374, 0.6423032643655934, 0.14101398249909136, 0.190512491106702, 0.4468823934530576, 0.8037022705408922, 0.8523022061619884, 0.9392232771076037, 0.32780867072140984, 0.05085598174640438, 0.31367719493752255, 0.13066709335689652, 0.28046815035784733, 0.9515546783800378, 0.3604536285035128, 0.6620078079422471, 0.15354230545947833, 0.7722230554250236, 0.13409834128420195, 0.6300698787557374, 0.7357054798409868, 0.9307168465605331, 0.5201072551121734, 0.8100626263290662), (0.28632091253554537, 4.185798519929489)),
    ((0.8301845612709143, 0.020622123753703203, 0.3825586566166177, 0.9650003994476336, 0.9268737907460848, 0.5593662585622272, 0.6750038129565009, 0.12524230096950462, 0.4958805995737827, 0.8790322576486636, 0.5865345766701096, 0.38571009899875663, 0.1444496135551374, 0.5546232991458884, 0.6225153667841103, 0.4408417655118557, 0.23987666567596355, 0.1322584685771072, 0.2633716927715559, 0.13133747751075742, 0.68216272416157, 0.5500437673999589, 0.10780747908274135, 0.28810347827974225, 0.8952903133070184, 0.3386443826926475, 0.14734539863080987, 0.8606523091059656, 0.6079481336969631, 0.1042394255886776), (0.8301845612709143, 3.0181322992559405)),
    ((0.7036976944486787, 0.4654795571540187, 0.8974392547372885, 0.5574796175084654, 0.1483923516372535, 0.7794758768504213, 0.15917753964668913, 0.2160235762005832, 0.033967643611047205, 0.5869661183249177, 0.040622136433615674, 0.7564619060833936, 0.46347220419418633, 0.3015798660101706, 0.9165963369247234, 0.15568110897800735, 0.29600815325590035, 0.9092514404490749, 0.01692396340138902, 0.7255243546367668, 0.03717831750919243, 0.018777095152404777, 0.9810837787561212, 0.3121408042966497, 0.761226952251154, 0.8953964950260809, 0.9373279487287488, 0.2793706546750303, 0.1263558107308692, 0.025022375669584096), (0.7036976944486787, 3.1019336371079502)),
    ((0.009844104941668763, 0.5972324266292179, 0.03535468058642355, 0.12349345286554914, 0.10369704457246542, 0.3527795078971724, 0.060341341654988945, 0.7844170003305152, 0.4139569353832704, 0.695733007330564, 0.19876561456700004, 0.8686263146689152, 0.6140786615415458, 0.29428126687102163, 0.35926858319840327, 0.11867573668961384, 0.2650302008240697, 0.5008906922825127, 0.9883178404625604, 0.6249486653689452, 0.2506618571567668, 0.9816541314044739, 0.15649730711240806, 0.21285752632264032, 0.1488687494292782, 0.46177215793161774, 0.7622020121464073, 0.1414117939064179, 0.37005221515126974, 0.40009900727925907), (0.009844104941668763, 4.47390728370473)),
    ((0.28877924473639105, 0.801317803503392, 0.9411561787642295, 0.0038723793767911907, 0.2266592009057672, 0.7606084190848024, 0.6202724936066216, 0.21640924578651843, 0.3248205583014008, 0.813573237912412, 0.637220592930294, 0.3097174072508043, 0.4147123634219195, 0.676479251792755, 0.9111991404973009, 0.4867229866369768, 0.024118484356666636, 0.04620019008064136, 0.1747126116895339, 0.6764028317169075, 0.6992294019404807, 0.2163575625103229, 0.8483842800057227, 0.5220473204721041, 0.24636493346531296, 0.9770858092832704, 0.19302143180141507, 0.28819595932984265, 0.010173093304713832, 0.32793388394872414), (0.28877924473639105, 3.9367103509688013)),
    ((0.15225166121033573, 0.884277807610947, 0.13604624284248545, 0.5604858229227255, 0.4104057721237878, 0.49110748803197857, 0.8272617519130848, 0.6748966206543313, 0.9624616793701566, 0.21339361488812114, 0.1657168642787803, 0.9935717205121589, 0.11922682096490067, 0.13087233228282813, 0.08429900039388494, 0.46414324404247187, 0.49177189742284366, 0.4890585639578978, 0.21999419869356596, 0.3779287051906772, 0.8051182144881928, 0.17966831702882324, 0.9423214365573708, 0.8275289944880735, 0.28825273139455576, 0.375570417473308, 0.03940649370734639, 0.5101922671171797, 0.47552122380061945, 0.5506191984115064), (0.15225166121033573, 4.355008308857764)),
    ((0.9179078489765264, 0.09879094884345696, 0.6669484335314685, 0.8799791596825549, 0.787734376466171, 0.048310568425051215, 0.05086214718523441, 0.06044219361810321, 0.3138497101186626, 0.120818169555311, 0.09513964546423737, 0.4523231614731309, 0.3876706184651292, 0.696969629038104, 0.988115056889596, 0.10809688702175047, 0.24036070111088603, 0.19106496175873577, 0.858036434353184, 0.09585450563863096, 0.16653609143242065, 0.3273297628294334, 0.9766046117544762, 0.7345371883070592, 0.7290830947392205, 0.16075273535471124, 0.4900413845297815, 0.4203644943747956, 0.3729034233221882, 0.7089418101591642), (0.9179078489765264, 2.6970873850872437)),
    ((0.3037842019185435, 0.7686618080159904, 0.15272250654756536, 0.7259029091465925, 0.7176539060888083, 0.4014902882821636, 0.739354292813488, 0.07642782383443192, 0.7839334106894782, 0.37323174232962464, 0.46153470335679325, 0.03107803818241317, 0.2880795413779712, 0.5199289160415038, 0.2367682159569915, 0.4146837987442503, 0.35197066288626755, 0.43941109091767805, 0.9327277361413499, 0.1958613273922789, 0.726102304135287, 0.43996589962625465, 0.6454468204131328, 0.15574769808556865, 0.13206962143222312, 0.025442692696348912, 0.41654019301049117, 0.7322653097871072, 0.7059993804254375, 0.23715375327247867), (0.3037842019185435, 3.7510319569551047)),
    ((0.48817755442383415, 0.3657549662847611, 0.1416694859593438, 0.5106859255117264, 0.21637769838660947, 0.2999952608798315, 0.8368442705103427, 0.17163894132182667, 0.43561584588593194, 0.9384686833475564, 0.543437000790679, 0.3999023247965112, 0.3706496830084398, 0.053781948556134274, 0.04107591627043805, 0.7885058001991061, 0.27973005624507596, 0.3451762983357535, 0.20868500217235553, 0.8505839662377234, 0.018517588924339412, 0.4406467135474773, 0.3183853829245644, 0.2277800316710098, 0.6301163706605297, 0.0599423317847293, 0.7284518491566867, 0.5082696886693924, 0.27864891399094094, 0.8747171540476949), (0.48817755442383415, 3.1753258742064)),
    ((0.4091661595672993, 0.056036550776355276, 0.43494206455040174, 0.8422676387142719, 0.6499315791332368, 0.6494668753381775, 0.04398034790044403, 0.8789788790465246, 0.10017757667241656, 0.3845044931871642, 0.3257707322302805, 0.2416781896925253, 0.38909365812372476, 0.6961023061794317, 0.04467099717137801, 0.39567061453933905, 0.6436526395722559, 0.4212570562413046, 0.3981233502467332, 0.013480344501797248, 0.18653918500083733, 0.6638188599353182, 0.5179310806059448, 0.2634399011427775, 0.47246744372639604, 0.02782136938008961, 0.2956781320287294, 0.9015126064963144, 0.16865515544838205, 0.5704844001688816), (0.4091661595672993, 3.248717322658771)),
),)
