fronts = ((
    ((-1.0235351701161743, -0.05114092103741296, -1.0429279028606147), (-16.262060971732424, -6.7778512916379325)),
    ((-1.063629300984228, -0.05104332345852548, -1.0635073066313794), (-16.16379369650062, -7.138565245429559)),
    ((-1.0349677961079236, -0.048589799230618944, -1.0614059602044847), (-16.21397017930492, -6.962779899688227)),
    ((-1.0380218171881668, -0.045413760347703315, -1.0947120066531653), (-16.155838103876512, -7.141299850044984)),
    ((-1.0288806046928036, -0.04825621480991006, -1.0449690122740682), (-16.250507472328557, -6.829824862453185)),
    ((-1.0302568281886477, -0.04433417986312963, -1.044994340371882), (-16.248797284921217, -6.844652028300674)),
    ((-1.0455452353027368, -0.047443583488690926, -1.0572468869086273), (-16.203702421611816, -7.007123005783864)),
    ((-1.04216318937739, -0.045534976669615014, -1.0763372590252906), (-16.178648051245126, -7.087974939823069)),
    ((-1.0315396630287945, -0.04710420995283878, -1.0051840349334493), (-16.311095299953816, -6.584169898243781)),
    ((-1.0378829722396126, -0.047721520586510684, -1.0500067177166352), (-16.22780285113524, -6.918306953032053)),
    ((-1.0516357738528688, -0.05124253065830917, -1.0964883393965077), (-16.130073636415382, -7.221788966810514)),
    ((-1.090550442569401, -0.0633731351742734, -1.0814172878824684), (-16.089492301582467, -7.336110513197937)),
    ((-1.031643248082984, -0.04738062251520128, -1.035396346627372), (-16.261677827216307, -6.7897741010166115)),
    ((-1.0850102611100132, -0.04789063346578972, -1.1409905783131171), (-16.005649105529763, -7.501883642199996)),
    ((-1.037943935896801, -0.04511693508452291, -1.0106756027513684), (-16.292019205197533, -6.667011653453513)),
    ((-1.0714909777015882, -0.04701479114081448, -1.0681421673768159), (-16.144226608111374, -7.208861185574962)),
    ((-1.0311745915215096, -0.04921485336261887, -1.0683835095702459), (-16.20877399468695, -6.974145695078329)),
    ((-1.027465266857202, -0.04993964729534549, -1.059335265773539), (-16.229301534632327, -6.900913743209917)),
    ((-1.0236216418633486, -0.04816105355699571, -1.0759860577630613), (-16.2089607027697, -6.963269348614082)),
    ((-1.0413550811230485, -0.046638985763212355, -1.0404674042895448), (-16.237788728366922, -6.8840205639947625)),
    ((-1.0523319380864726, -0.04911564228125053, -1.0485404158790836), (-16.206551639063704, -6.994727359379818)),
    ((-1.0698118294942802, -0.03892920586017223, -1.0164255358275476), (-16.23188372690761, -6.897542117095586)),
    ((-1.0317800335275162, -0.050439597657030315, -1.0860345273057161), (-16.179179807210986, -7.059215327408865)),
    ((-1.0370605115680585, -0.05403366340502553, -1.0571429802789478), (-16.21659766693233, -6.944976730330499)),
    ((-1.1089983657322129, -0.05431534393069769, -1.0919665644153955), (-16.04455109055152, -7.458255604123497)),
    ((-1.0310785361220804, -0.044632379915131505, -1.0185701436568815), (-16.290366025030874, -6.678822521290388)),
    ((-1.0566794426295059, -0.048491305147798286, -1.107749095138985), (-16.104281125155907, -7.292723890573503)),
    ((-1.0289745225336986, -0.016275278032320706, -0.9595484980397274), (-16.393376685869555, -6.268999407180411)),
    ((-0.9711487173187471, -0.010739329994633997, -0.9806718954235841), (-16.4535103197257, -6.024666072671408)),
    ((-1.036749818320903, -0.0531301313960417, -1.054354740565339), (-16.221759752894926, -6.928585246184096)),
    ((-1.0639437228463324, -0.04702524515530088, -1.1155296145026865), (-16.080305690045407, -7.3565136492907115)),
    ((-1.0398319563137748, -0.042273083184474966, -1.014122823014938), (-16.28372486025148, -6.707153025842705)),
    ((-1.0851274897230447, -0.04261106444014855, -1.1445441714914875), (-16.000497411010134, -7.512758678450919)),
    ((-1.0627741192808373, -0.04738377035320572, -1.0387521517401876), (-16.205795597772862, -6.995730419162085)),
    ((-1.041929250924494, -0.04667878710428096, -1.021975990310973), (-16.266905068626556, -6.767599437287237)),
    ((-1.056122193704572, -0.05194904247280567, -1.104022622349672), (-16.11063151097173, -7.272817786945362)),
    ((-1.0251370225563996, -0.04794827991313888, -1.0686869371754382), (-16.218292293828355, -6.937766912558803)),
    ((-0.9958481516492503, -0.032967123610897014, -0.9401872196417432), (-16.47809420671227, -5.8532360468585125)),
    ((-1.1494297190815408, -0.009533562343482904, -1.1012667671758012), (-15.969268273173554, -7.633287779185263)),
    ((-1.0407832813047997, -0.03699352807786968, -1.06737249552953), (-16.196422988277533, -7.047852873172854)),
    ((-1.079861120946845, -0.046748919564098705, -1.103641372518235), (-16.0737054514793, -7.4002876170787095)),
    ((-1.0481040337083949, -0.044652352017497295, -1.0249808837092416), (-16.25229551704625, -6.827957190847458)),
    ((-1.0906351939425876, -0.048879404738110935, -1.0613568308920187), (-16.12410531373996, -7.256851018387977)),
    ((-1.0085637455459808, -0.038130591458404535, -1.024355844046299), (-16.318485772314737, -6.5742661941422345)),
    ((-1.0882276692643957, -0.04494248133044415, -0.6013306792555861), (-16.90648361155646, -4.062225877162997)),
    ((-1.0435633400667395, 0.002552630337085346, -0.9373100638708204), (-16.40687937128917, -6.210664724084376)),
    ((-1.0625354937710085, -0.0365144855647558, -1.1396548091713368), (-16.04539259783124, -7.408419544008123)),
    ((-1.1111306657821456, -0.03893542586888715, -1.0711738790858971), (-16.07669739226567, -7.393516913984996)),
    ((-0.9974662497491744, -0.033808281257025855, -0.9410514072422653), (-16.473918157290353, -5.870876511190689)),
    ((-1.0429662533989812, 0.0032891054495505813, -0.9652014268984176), (-16.361723314499642, -6.429170314455455)),
    ((-1.1200905803616141, -0.03263235901547457, -1.120510661144786), (-15.983822519235154, -7.609814383222439)),
    ((-1.0621583185432912, -0.05076159742783714, -0.6721800370388148), (-16.82293782635164, -4.2837572272152435)),
    ((-1.147129032546661, -0.04143448070560314, -1.0788281458708475), (-16.00666987275646, -7.487702453255155)),
    ((-1.079512885768367, -0.04783226210439073, -0.5720638599079578), (-16.971768406741493, -3.8978988171526705)),
    ((-0.7770268761449948, -0.0003549722232812774, -0.0010202225965320623), (-18.558520452603595, -1.4376018128447503)),
    ((-0.8052943049476949, -0.0024881872220167776, 0.0003515062755969447), (-18.5073885788632, -1.6431644385804591)),
    ((-0.8133179532895405, 0.0006130019581801627, -0.004470558462912027), (-18.48974936732896, -1.6985752647101404)),
    ((-0.9083374333383044, -0.0007590084605182431, -0.0023241299508918924), (-18.333896510723015, -2.469193480645463)),
    ((-0.8462087470557855, -0.0007028298267883491, -0.003250526921926355), (-18.436398119849773, -1.9595190866642669)),
    ((-0.7991706177880705, 0.000912081042294551, -0.0018302072198769581), (-18.518761693854692, -1.5966990140791655)),
    ((-0.7678127943047105, 0.005248502061328588, -0.0011708839973655514), (-18.565691059011833, -1.3577756984515936)),
    ((-0.7920048235721668, -0.0025802506596931036, 0.005376459951511061), (-18.523147690436687, -1.5294781891677598)),
    ((-0.7819350884409761, -0.00024385064639821045, -0.0014089036228235267), (-18.54942202171376, -1.4725425131024394)),
    ((-0.8820835927049429, -0.006183313954342267, -0.006048276788964345), (-18.365365369809837, -2.2300940275281382)),
    ((-0.6722875229610784, -0.0020779535753964436, 0.0010761435354560752), (-18.737215591213303, -0.7567778925997367)),
    ((-0.7856315027621371, -0.0019359173065763777, -0.0053448199670514795), (-18.53459430913471, -1.4841811097795017)),
    ((-0.7467343481928369, -0.0003617015214090898, -0.007818144166369417), (-18.597062225844095, -1.2082584019908267)),
    ((-0.8666767215187785, -0.0030610450595157544, -0.0033987540278033763), (-18.399402995610842, -2.1176796618275895)),
    ((-0.784800789196212, -0.0051178634146399156, 0.0003933906564898802), (-18.53709194812815, -1.4834635837198997)),
    ((-0.8164323959760433, -0.0005147207631708527, -0.0035351576567580825), (-18.48633574109037, -1.7251784198364806)),
    ((-0.8071020505247978, 0.0008798495805865136, -0.0015681279571259938), (-18.50574617744907, -1.6575945211147545)),
    ((-0.8185703073319439, -0.0026735633463004452, -0.0014828123339585483), (-18.483727435821848, -1.7407833001100612)),
    ((-0.7959920756153263, -0.0020747420760868973, -0.0035432967804561177), (-18.520057976950703, -1.5649151749978867)),
    ((-0.8232659068861209, 4.8067313582728956e-05, -0.005705988689052343), (-18.470472329117854, -1.775074944522511)),
    ((-0.8953075296633974, -0.002479302840969256, -0.0038257286766276224), (-18.351425463908054, -2.3528986769985316)),
    ((-0.7893534702637471, -0.0010616785819484082, -0.00654249957163178), (-18.526353369962713, -1.5115385391659206)),
    ((-0.8730770337466807, 0.0018905342760046333, -0.0009051126043184768), (-18.393604701086055, -2.179915995261848)),
    ((-0.6892633521472848, -0.001758560634220592, -0.010859549237565312), (-18.690288644459088, -0.8325866979918003)),
    ((-0.8556119067367788, -0.003054617741434105, 0.00375752707129488), (-18.417494861908146, -2.027112633632122)),
    ((-0.8744073850160756, -0.0007544080061793988, -0.003577552968582822), (-18.388254883087498, -2.186879026355551)),
    ((-0.7913225068996825, 0.004072237230065326, 0.0049311868674603), (-18.523439383981056, -1.52168649353188)),
    ((-0.7257189119353409, 0.004080892928459208, 0.0036349742336291378), (-18.63803530316971, -1.0676550864148113)),
    ((-0.7239406132353761, -0.0017160990505241608, -0.004483074797496508), (-18.642456383351853, -1.0602519161320525)),
    ((-0.9030405386419587, -0.0008628870945480392, -0.0041009982579337185), (-18.33924554922781, -2.420676581746124)),
    ((-0.6150390444862739, -0.001399098959865455, 0.004610455404165603), (-18.83293326607278, -0.45623645281090613)),
    ((-0.8429695134330242, -0.0038522078034407786, 0.0034877747470339164), (-18.43811669511745, -1.9243416721057534)),
    ((-0.8291200764964747, 0.0018069684807198987, 0.0027786850047307847), (-18.46532291020169, -1.8218438647868562)),
    ((-0.8360893940517707, -0.0001594812532027879, 0.0003631616168591782), (-18.459359356993566, -1.8895102236685228)),
    ((-0.7353177375096032, 0.00035869463383796096, -0.003443686724406898), (-18.625468801452833, -1.1415332312647042)),
    ((-0.4720443783596142, 0.0029448380695562444, -0.0029161267386965603), (-19.09080442122817, 0.0423811395729744)),
    ((-0.7066967076339687, 0.0009961239109510687, -0.0027252932070470255), (-18.676143666544736, -0.9579303915530616)),
    ((-0.8607017710476657, 0.0066697373744898855, -0.0018374352953356575), (-18.40473970777684, -2.0648402944374373)),
    ((-0.7530300485391701, -0.003916564688372619, 0.0010115623959691296), (-18.593760943885425, -1.257882089363784)),
    ((-0.8539154327590014, 0.0014752837816422897, 0.0034922416760418892), (-18.422462710776635, -2.018376094947858)),
    ((-0.7871279602730887, -0.0061616813773494525, -0.0013075888798520195), (-18.530772739517467, -1.4951828461573928)),
    ((-0.7027198301816493, -0.0007725737478443012, -0.0030108585056863313), (-18.682639024127628, -0.9335072168283751)),
    ((-0.8395966015635549, -0.0025294502791141002, -0.001641838021440474), (-18.448184609773698, -1.9057314880357306)),
    ((-0.9201873752983041, 0.004553552286621992, -0.013910282007894568), (-18.289797085153204, -2.531717515934939)),
    ((-0.8078781555068657, 0.0016750402129218408, 0.0010309195153439098), (-18.50408590964738, -1.6627143618839553)),
    ((-0.7598242865378732, -0.0013437649340630857, 0.0031228392345367534), (-18.58338559246715, -1.3060112425015273)),
    ((-0.7202150437893842, -0.003645975847574391, -0.00300866414905367), (-18.649039425708054, -1.034874039395204)),
    ((-0.8765152476159159, 0.0028862769551151295, -0.00801403861709192), (-18.374997256879205, -2.188006806508176)),
    ((-0.6829848946583245, 0.004992650656850846, 0.003912676621894127), (-18.710507093388347, -0.8027708983558103)),
    ((-0.7137510056239028, -0.00257573837885813, -0.002997080893779447), (-18.661797514964334, -0.9966539066704256)),
    ((-0.7366258676008088, 0.0003871819413607128, -0.004008848165090503), (-18.622081090490415, -1.148721179590853)),
    ((-0.6244520301447962, 0.003738465705514216, -0.021106250664749117), (-18.783138680596245, -0.46233547206024944)),
    ((-0.6493440679702964, 0.007449130850962448, 0.017062100477043617), (-18.744865865339413, -0.5856313122519797)),
    ((-0.5227474288611434, 0.00663062302598293, 0.034161789831582544), (-18.937869465019027, -0.03125655051079012)),
    ((-0.7316520518234824, 7.857803057634283e-05, 0.002496772757791449), (-18.633727459493617, -1.1210054842636636)),
    ((-0.7612528924053218, -0.002081223743077766, -0.0011218445777592331), (-18.582998220933334, -1.3194414815304034)),
    ((-1.1081703432844852, -0.0069927369842839385, -0.018451546767358995), (-17.97266308570903, -3.744763932401742)),
    ((-0.602359429514154, 0.009365536976641619, 0.006717187651553429), (-18.84186685069399, -0.37537055207375075)),
    ((-0.9539680931794182, -0.007786890368057824, -0.021953076069400376), (-18.216500465555406, -2.7850885379608683)),
    ((-0.9811515499747617, -0.01826984995342991, -0.03414763016755492), (-18.14079328633755, -2.958621674083618)),
    ((-1.0297808680707372, -0.0040024643869970246, -0.0040156931747927), (-18.127341807500287, -3.3898845635764134)),
    ((-0.8425339037616022, -0.0018019091882103418, 0.0049475482333300284), (-18.438726700843766, -1.9227109077424756)),
    ((-1.140995321031642, 0.0010823660417524777, 0.012866846103238048), (-17.93386587623146, -3.8355194381304822)),
    ((-0.9738520084152242, -0.016963719823844755, -0.024075368745213578), (-18.171262962493884, -2.9208565259099672)),
    ((-0.9650784418226204, -0.012865400719750886, 0.009251308912230478), (-18.212906565478434, -2.886773528010573)),
    ((-0.9235374157932199, 0.001686832059751106, -0.03433573481244921), (-18.244953279939068, -2.5320958548838624)),
    ((-0.9263426871410725, -0.0022637561456141375, 0.04153128984966291), (-18.225965873434056, -2.5418762451566885)),
    ((-0.5143911161508598, 0.01898696590732265, -0.010168891118502318), (-18.978751750616325, -0.023459476584304955)),
    ((-0.10271630766644824, 0.00504210612228323, -0.00838276106033456), (-19.77687532672398, 0.19284001726793668)),
    ((-0.5650534119244255, 0.001761038897028, 0.016418659781336498), (-18.898435099094606, -0.22015924110450596)),
    ((-1.0558996684784314, 0.0027393962026421234, 0.00441215217019468), (-18.08589658672661, -3.551326970213297)),
    ((-1.0318102289741462, 0.03949709564030909, -1.0470762018617674), (-16.24353133403361, -6.873771585839397)),
    ((-1.0224402261757919, -0.009175990587336848, -0.8657118559018209), (-16.560674639782853, -5.472029358375348)),
    ((-1.023879036129195, -0.0007603782873238344, -0.8554260534577663), (-16.57579631076628, -5.418610417929884)),
    ((-1.0382562237807231, 0.0021902337127020395, -0.8877782844776377), (-16.498039154512142, -5.771632101424166)),
    ((-1.0311183761866742, -0.0020502177125460343, -0.8596261183767921), (-16.55692454535827, -5.49647614298129)),
    ((-1.0358760049576046, -0.006368688201377353, -0.8496334626862658), (-16.565966758309795, -5.435988699611594)),
    ((-1.0201837091249757, -0.002849081968164525, -0.8880539822642475), (-16.526992238936394, -5.653863324206247)),
    ((-1.0362317683151179, -0.0037766262531181375, -0.8681325434673867), (-16.53427684305578, -5.593902130924562)),
    ((-1.0356178476876976, -0.0032596717635025585, -0.8403862549181718), (-16.582058217303317, -5.367711916810496)),
    ((-1.035972364660145, -0.0034138233634136515, -0.8524160729601398), (-16.5611673165345, -5.465842869048911)),
    ((-1.035313473650007, -0.004801032045029914, -0.858517369086259), (-16.551934874016098, -5.507563066965198)),
    ((-1.036617256751437, 0.003947882076689285, -0.8533395211231921), (-16.558554757847446, -5.47604713807948)),
    ((-1.0390187622119036, -0.0051780247761157895, -0.8890384609208107), (-16.49465214693847, -5.779383009914149)),
    ((-1.0389381303642853, -0.0005554752649371639, -0.8634559872590393), (-16.537768928264956, -5.581907297510654)),
    ((-1.0339485104186477, -0.0036810049606787482, -0.8714352848482341), (-16.53243991644174, -5.606537705619942)),
    ((-1.0354458956392132, -0.0014016178832703197, -0.8771468847262578), (-16.520434613170806, -5.668870547977966)),
    ((-1.0339658344804725, -0.0030313628084660173, -0.8672230442986532), (-16.539499339116848, -5.573928759955117)),
    ((-1.0355355750496298, 0.002801859252140902, -0.8383996454656543), (-16.585556111144008, -5.352573729324562)),
    ((-1.0173669000583028, -0.007140984333910039, -0.8927206224381043), (-16.523702020539467, -5.662996257992801)),
    ((-1.036384010495879, -0.003306734549046548, -0.8522851140779487), (-16.56072026770035, -5.467662538561807)),
    ((-1.036096389493335, -0.0036974443649010202, -0.880036980224297), (-16.514507979210045, -5.690566255954728)),
    ((-1.0335014353227294, 0.010496789213379598, -0.9649879865592182), (-16.37729230470903, -6.352421564807797)),
    ((-1.038295632323545, -0.0006791410519251754, -0.8843821191343715), (-16.503671845378253, -5.7484934807399295)),
    ((-1.0335928094510831, -0.008475458117127934, -0.8821614808659246), (-16.51491549751985, -5.681369549316939)),
    ((-1.0372063093319253, 0.00045921988799130925, -0.8763039867646775), (-16.518990589867016, -5.676184548386631)),
    ((-1.0334379256108965, -0.0023866397947626032, -0.8833161345144953), (-16.513346741558685, -5.703874210546744)),
    ((-1.0356789721718684, 0.001284350613231228, -0.8668978067213952), (-16.537273765754847, -5.587005169366568)),
    ((-1.0174907471183021, -0.0017392342144283701, -0.9116705019935163), (-16.491940754983975, -5.833049063027074)),
    ((-1.041535227918803, -0.0012935399073500473, -0.8842536740193525), (-16.498622466342923, -5.765574331740082)),
    ((-1.0401511373164252, -0.0050621468052727235, -0.9018552504592829), (-16.47138454612185, -5.892290190210196)),
    ((-1.0320788659947386, 0.0002623721009225909, -0.8757038410488602), (-16.528336248342406, -5.639330077582324)),
    ((-1.0390247902337346, -0.001360276909942424, -0.8774758983729549), (-16.514065866241197, -5.694221021769238)),
    ((-1.0412382050814593, -0.00374354489757387, -0.9292231076582043), (-16.424061922302705, -6.127347192920858)),
    ((-1.0393000067784337, -0.007175447643501271, -0.9124352756456549), (-16.455074563495955, -5.969540529775341)),
    ((-1.0380413179841126, 0.0013225251005744114, -0.8856057664992005), (-16.50203258638895, -5.754897861485548)),
    ((-1.042397152305246, -0.011179640708859271, -0.8955016241668686), (-16.478183534875996, -5.840862800308953)),
    ((-1.016556519984111, -0.0292462092987266, -1.0271549813279015), (-16.301840162376855, -6.662785616401781)),
    ((-1.0338275616725672, 0.004223497252213961, -0.8454866128119977), (-16.576338483648016, -5.394609271306498)),
    ((-1.0278400480583285, -0.010997261308942297, -0.8455750936541317), (-16.585748384958272, -5.341906997019308)),
    ((-1.041727346898214, 0.007747239786125178, -0.899822224055653), (-16.47216153283926, -5.879342772513784)),
    ((-1.0323961526519914, -0.0015753850253576052, -0.8422872299668938), (-16.58409930937488, -5.3667447867876845)),
    ((-1.0360372057331753, 0.0005055167638513139, -0.82670898723535), (-16.604549132071686, -5.27036866676168)),
    ((-1.0406285699801134, -0.009964062021475449, -0.9223717145990586), (-16.436295138450006, -6.0537780623197985)),
    ((-1.0401025648601216, 0.0050418369805049846, -0.8879101857189535), (-16.4947830149654, -5.777152101042844)),
    ((-1.0391193461179649, -0.00398169854737037, -0.848801760379719), (-16.562143117449928, -5.455189070933822)),
    ((-1.0334985374208276, 0.0009152024677680946, -0.8725739453694541), (-16.53128117154436, -5.6205359224588936)),
    ((-1.0449544180801464, 0.009660589770948386, -0.9428014304556409), (-16.395377645001602, -6.247712461617402)),
    ((-1.0138262299622136, 5.7530545534027755e-05, -0.7908198659392125), (-16.701796728602865, -4.850229171305598)),
    ((-1.0355422026723227, 0.008627090626804734, -0.8107375536735988), (-16.632336067276484, -5.123520666553606)),
    ((-1.0270849554368344, 0.001884849957304275, -0.8364435899852029), (-16.602623791311306, -5.284734302788875)),
    ((-1.0319803444946662, -0.0041037273813814825, -0.7168843258776184), (-16.799349242787287, -4.4505361130381385)),
    ((-1.0291135269948117, 0.004049885851458643, -0.8303962654952116), (-16.609535129192682, -5.244788413247344)),
    ((-1.027443974764443, -0.0017455069153173124, -0.8239992223121025), (-16.623120948752053, -5.189676553947821)),
    ((-1.0341265124908383, 0.0024541024342060597, -0.8488505590980853), (-16.570194100645608, -5.427906149850195)),
    ((-1.0324815023127492, -0.0012728073230601489, -0.8273624957191331), (-16.609221468572834, -5.250234325710917)),
    ((-1.0330477409775818, 0.001396392014763344, -0.8334945840791355), (-16.597912315847744, -5.3017283255652226)),
    ((-1.0023983311056683, 0.010315296997910619, -0.8012008634315673), (-16.702572813625792, -4.82120645732346)),
    ((-1.0390592851178482, -0.00943380656950887, -0.8484270920359487), (-16.562743119355446, -5.439863208256046)),
    ((-1.0296303968868021, -0.0026396535913772983, -0.8123300904186794), (-16.63936933539941, -5.111296147752469)),
    ((-1.0239261929180243, 0.008255661877763183, -0.841648448587822), (-16.598851993907648, -5.2900932177809)),
    ((-1.028063852707095, 0.015786800406130733, -0.9816717760178773), (-16.358451184928818, -6.436740005206573)),
    ((-1.0244319552974939, 0.015030791170260323, -0.7700230277099827), (-16.719648294063774, -4.736913554535178)),
    ((-1.0334377208719019, -0.0011503447344140896, -0.7033591261784475), (-16.820478295622074, -4.383561960237674)),
    ((-1.0281773193737118, 0.006947525922910539, -0.8022856055509188), (-16.658752007628504, -5.015123093771171)),
    ((-1.0285898473161046, -0.017189325078141658, -0.6936470357505209), (-16.84465716762035, -4.259169398746148)),
    ((-1.0200881094877785, -0.009550591993179048, -0.8430300418976707), (-16.60273267706037, -5.272501876211975)),
    ((-1.0265794901924525, 0.014189363419440382, -0.7260908057869597), (-16.791836612929814, -4.453256533510836)),
    ((-1.0132085370751553, 0.012677368644414093, -0.8277262075368946), (-16.63972878594545, -5.097790739402829)),
    ((-1.0296748824176227, 0.0002501637423105475, -0.757326137724812), (-16.73333751105306, -4.715583202808672)),
    ((-1.0327322230914375, -0.0022633711108150725, -0.8656396540385881), (-16.544175961759052, -5.555135942872143)),
    ((-1.035265667684088, 0.012998494626563436, -0.767511097588125), (-16.70643165538224, -4.793580081778877)),
    ((-1.01663416786674, 0.0008827191058955984, -0.8036324928845138), (-16.67536285320895, -4.962598639938063)),
    ((-1.0257542098051553, -0.006178869708551315, -0.8682941686396822), (-16.551013426450247, -5.521615904608463)),
    ((-1.0333221096860499, -0.008171457264976987, -0.7795735039116445), (-16.689121154871025, -4.877493916406006)),
    ((-1.034896916088042, -0.00045153188802256046, -0.8341723193999309), (-16.593760748388753, -5.3220100632583325)),
    ((-0.9928024459785303, 0.0172918882177147, -0.8770683234934267), (-16.589667172094753, -5.338156150751772)),
    ((-1.0251615237359362, -0.007894626034735473, -0.9227662599205525), (-16.460860926200695, -5.961777222676907)),
    ((-1.0355442853102086, 0.002521157401487756, -0.8410310075263382), (-16.581095535576843, -5.374277886042872)),
    ((-1.0337999719436153, 0.0010942065190080244, -0.7907788411867083), (-16.669313688950687, -4.9799545113886)),
    ((-1.0054670725999337, -0.006621159327564012, -0.8492302165235148), (-16.61622822998349, -5.2258567499794975)),
    ((-1.0282849452467993, 8.49921528566569e-05, -0.8098516238368413), (-16.645787184467075, -5.091583437014198)),
    ((-1.031651124611245, 0.008941180978836904, -0.7660502522942678), (-16.714986053784507, -4.768040043180917)),
    ((-1.027906874149085, -0.007434219935024564, -0.8209420347123443), (-16.627458764504265, -5.155334666782476)),
    ((-1.0320910353074673, -0.00012264770898687272, -0.8028911788607556), (-16.651439852978328, -5.063256054697702)),
    ((-1.0277225148003275, -0.023480406913505975, -0.6750767346857122), (-16.877913604239744, -4.134733699883271)),
    ((-1.0322785921481488, -0.008290421079980886, -0.8469146499319898), (-16.576355927088535, -5.387062090149595)),
    ((-1.0390370060077827, 0.008411609234552756, -0.7565041852622174), (-16.71938974187416, -4.749115888324604)),
    ((-1.0490846100680769, 0.007018523510718709, -0.7682612022276466), (-16.682935518722743, -4.895642924815586)),
    ((-1.0561878894548227, 0.012001312216678705, -0.9647883519723512), (-16.34075231928835, -6.484648260560022)),
    ((-0.9894247020831126, 0.0054698113456090325, -0.8069398178851054), (-16.7142047882065, -4.77911631105497)),
    ((-1.0023047534236174, -0.02174340000314063, -0.8752947504224752), (-16.57677055441819, -5.385777493624181)),
    ((-1.0224255198634578, -0.013178612073678854, -0.7445483412358308), (-16.76679886733007, -4.5497140122036495)),
    ((-1.0341754354347605, 0.0034039987014305925, -0.729347103849374), (-16.774220059376574, -4.546567381745179)),
    ((-1.0602284633057764, 0.020215699494952517, -0.6468278551006522), (-16.87493754966474, -4.184050538015668)),
    ((-1.044067219805822, 0.015016700603340052, -0.6804415943431334), (-16.842657210624317, -4.283715623925031)),
    ((-1.038735615246371, -0.0031435757890871524, -0.7731336171598078), (-16.691455000452912, -4.876662473109018)),
    ((-1.01953572051325, 0.004759492464857726, -0.7426243414961564), (-16.775122248274904, -4.534545438358424)),
    ((-1.0569214848564643, 0.026449143370303435, -0.7154619355544942), (-16.759986542033484, -4.5497330322954355)),
    ((-1.0394234350647784, 0.026261702085704663, -1.0816097700945466), (-16.17671395633966, -7.124912807186252)),
    ((-1.0509956371733495, -0.035100958593123066, -0.7252627872814948), (-16.751578660058023, -4.565032627325028)),
    ((-1.0280340108164385, 0.01884504322497156, -1.0281464749323812), (-16.282317201752818, -6.76421790182307)),
    ((-1.0440762818461518, -0.04249878582372732, -0.6315310544855777), (-16.924980192343245, -3.978392985491284)),
    ((-0.9869629050388269, -0.022202502789210876, -0.9313401347880585), (-16.508344821769477, -5.732203480501929)),
    ((-0.954342542574184, -0.0212577874960376, -0.9609857997095632), (-16.51307478074765, -5.718543824398436)),
    ((-0.9887987227259273, 0.010453347952999514, -0.9051847806535841), (-16.54952356698597, -5.552428011137133)),
    ((-1.0166427401551743, -0.8167569504072798, -1.1195682878015676), (-15.283495632181541, -8.902147736222332)),
    ((-1.0493147701198344, -0.004108125116333461, -0.9748342089622154), (-16.335545546821173, -6.5405688645862625)),
    ((-0.9883622083137483, 0.009908778014073527, -0.9555325528066911), (-16.466665775643328, -5.961264885174865)),
    ((-1.1054677044360677, -0.004150987003061074, -1.0298207057249225), (-16.155013392131732, -7.198024943338718)),
    ((-1.112700466874349, 0.03321258279274941, -0.5443617731474051), (-16.970669197341238, -3.940315090549754)),
    ((-1.1323738651999566, -0.5999232480085709, -1.0677135347509221), (-15.56663196720855, -7.9038091005283455)),
    ((-1.057466988440725, -0.918821294137326, -1.0370640276206273), (-15.13622412522144, -9.609434677943167)),
    ((-1.1012949610931693, -1.1000966029158503, -1.1127788851808473), (-14.637609297844266, -11.378305942017814)),
    ((-1.0837224053468257, -1.0405078384625075, -1.106374142631512), (-14.785069772298245, -10.99450956576941)),
    ((-1.0433582689536036, -0.907912208225454, -1.1447326899188561), (-15.04955307311775, -9.849808268179995)),
    ((-1.1033832993926045, -1.0843819977241562, -1.0804419232971199), (-14.701550656282862, -11.20388273410403)),
    ((-1.092848673045422, -1.11497701617643, -1.0907148751528222), (-14.638165412040543, -11.317680852100228)),
    ((-1.0824461708627882, -1.063586920546951, -1.0974525882136674), (-14.74865960347128, -11.091395836770918)),
    ((-1.100749439509787, -1.0688588655207332, -1.0927033600553289), (-14.723525121609553, -11.1735511250196)),
    ((-1.0723167523284203, -1.0852764592512476, -1.1083888900629546), (-14.702885052835784, -11.185215028325816)),
    ((-1.0832290556208555, -0.8987068886754437, -1.1437539308125662), (-15.022269572877086, -9.984463689040805)),
    ((-1.092066145221914, -1.0267748583577376, -1.0953113766595122), (-14.815947082730851, -10.902850211354115)),
    ((-1.0676609223525437, -1.0390156440959109, -1.0933210856411233), (-14.819261976794017, -10.86256577907686)),
    ((-1.1005984626458065, -1.0759912773596028, -1.0852345174560003), (-14.716830368455351, -11.177362201206066)),
    ((-1.0907425931662582, -1.0784701538128074, -1.124841138091042), (-14.680413099608685, -11.279148311414657)),
    ((-1.1176793571462331, -1.1091447000333814, -1.076047480786433), (-14.639758594767121, -11.316542256325192)),
    ((-1.129875052645255, -1.1032808699869951, -1.100745986573751), (-14.613809160303589, -11.425519710465311)),
    ((-1.0504611108349815, -0.8631603309927944, -1.0779086245161331), (-15.205888141609037, -9.33842870807645)),
    ((-1.0833332583766282, -1.020282195376912, -1.0466451752977082), (-14.89097289825875, -10.581773686074968)),
    ((-1.0735617563934767, -0.9564878634930141, -1.081389843917736), (-14.99291315928705, -10.241803857644282)),
    ((-1.096733163790602, -1.1119256737323722, -1.107057737732632), (-14.623749416283406, -11.382705990210583)),
    ((-1.0890461006296328, -0.7230359945259559, -1.095017712034649), (-15.391141873350776, -8.569031384921868)),
    ((-1.1071304691838917, -1.1149254677460576, -1.1124343155294445), (-14.601292839647805, -11.442340906448745)),
    ((-1.0698703630618358, -0.8974809197217855, -1.0877481574247407), (-15.105626467711442, -9.768939074545115)),
    ((-1.0908344677027642, -0.9998883453619767, -1.023115694528528), (-14.9499913665857, -10.319483409172948)),
    ((-1.109643641021835, -0.9915099708187938, -1.0635032868022707), (-14.902499040062978, -10.568508809882708)),
    ((-1.0953242340307097, -1.07419158369374, -1.0824473088309203), (-14.729009220865231, -11.137326349216043)),
    ((-1.103637285855881, -1.0378877933855049, -1.0961100884486517), (-14.780072059691266, -11.01971086701251)),
    ((-1.1012529709175936, -0.7442767614944201, -1.0965286619629029), (-15.337311495795682, -8.761183118702238)),
    ((-1.0852710892697415, -0.778087870723952, -1.0459848815811439), (-15.361040258234475, -8.686655576414065)),
    ((-1.0779137818766553, -0.7451018178446458, -1.011167884388016), (-15.473142852562505, -8.1939644269044)),
    ((-1.1198660414766797, -1.0267302874260777, -1.0826484105750014), (-14.799566603484685, -10.938594378111222)),
    ((-1.1016230296667624, -1.0826187351323597, -1.0874746578353967), (-14.6997216417498, -11.22092715012525)),
    ((-1.0453403216979682, -1.0134509109202514, -1.0593205752675703), (-14.93240722026081, -10.407648857696312)),
    ((-1.1105442978072793, -1.126548612844171, -1.1612666569548256), (-14.523336332560877, -11.534877915945794)),
    ((-1.0440435438111932, -0.9869245894905467, -1.1022036218228917), (-14.941239099482393, -10.399420839182113)),
    ((-1.092375430145988, -0.7666551091412156, -0.9984617690968676), (-15.43165409791612, -8.314383555126778)),
    ((-1.0378171381271721, -0.6855947056111111, -1.0823957445455286), (-15.537102574556917, -8.017044132690163)),
    ((-1.081120646011517, -0.8589151928230526, -1.083264682519609), (-15.171339343519215, -9.487772437525521)),
    ((-1.0895091804017683, -0.8108484203369638, -1.059682629041964), (-15.279175397744872, -9.027492687530376)),
    ((-1.044447232393005, -0.8164887193022099, -1.0013087042009532), (-15.39381760553687, -8.462201646553279)),
    ((-1.0244004684593686, -0.994886922493613, -1.0409907078394691), (-15.013313295407682, -10.033514105247479)),
    ((-1.034015723639383, -0.7622724904078947, -1.0049083473702867), (-15.50468330682622, -8.022517322682408)),
    ((-0.9976306531450823, -0.8618672126606235, -1.0930617716605913), (-15.252224475551852, -9.040835858420877)),
    ((-1.0378206480497554, -0.9069627369311044, -1.0782031841924937), (-15.135082114008938, -9.622662101389121)),
    ((-1.1396040511513965, -0.9222988678010651, -1.0616473125452257), (-15.006933081840748, -10.069303322043568)),
    ((-1.0507685565415872, -0.9153810454052841, -1.0899140234832339), (-15.090235488320047, -9.821544870614712)),
    ((-1.0257146342478503, -0.9024503454165598, -1.1101419989756052), (-15.12071039289641, -9.629420841971822)),
    ((-1.1229175986633764, -0.8795540681572428, -1.053410785825434), (-15.11784601595588, -9.645406749444426)),
    ((-1.0793887789065362, -0.8029744698247495, -1.132928111997047), (-15.21600801139532, -9.190281489984367)),
    ((-1.0194015516520847, -0.9413056927234861, -1.0519241579578134), (-15.117043019016176, -9.645844408622594)),
    ((-1.019538172168831, -0.8710369593703916, -1.066612673496242), (-15.240166960944675, -9.150353999305585)),
    ((-1.107366986830487, -1.0075203561173622, -1.1263097432229108), (-14.804088319118975, -10.91363902979833)),
    ((-1.0281044952783744, -0.6252210574846478, -1.117645918990276), (-15.601540508844938, -7.756973567839426)),
    ((-1.0810625592325256, -0.7444129041383835, -1.1324215587202748), (-15.317033208226643, -8.776505750136401)),
    ((-1.1369340680218436, -0.9764670754812823, -1.0859755257872374), (-14.877161892068653, -10.619340565546263)),
    ((-1.02859343970034, -0.9247510494300669, -1.0166420679760593), (-15.180085458776835, -9.347301293870537)),
    ((-1.0025815902545163, -0.7850579024214883, -1.018209496894569), (-15.48425697062679, -8.064587211511304)),
    ((-0.9433814756566585, -0.020659679421303895, -0.8370762219996258), (-16.738222323092103, -4.622543164834924)),
    ((-1.1359776000672284, -0.014485149396036234, -1.123201394669456), (-15.95538859980762, -7.674965053054807)),
    ((-1.037342253723149, -0.04782925127745887, -1.0692299181540914), (-16.197598681864278, -7.019854889443284)),
),)
