fronts = ((
    ((-1.088071864022798, -0.9743293262266461, -1.1139938882763607), (-14.904782497811158, -10.566682001502546)),
    ((-1.073644180920859, -0.8911375021006549, -1.0597927515786338), (-15.146016850282326, -9.599826820773309)),
    ((-1.0449612023658224, -0.8330158853899613, -1.1362613266787447), (-15.199040791336447, -9.242933632730157)),
    ((-1.1056545014699537, -1.0384021736659217, -1.1432418026273596), (-14.725935733661267, -11.138253708660478)),
    ((-1.0789650440634495, -0.9094137178152576, -1.0962186034873658), (-15.062223604456175, -9.944802412353711)),
    ((-1.1047583561002288, -0.8397545038386476, -1.095708977277543), (-15.163848881567617, -9.477168531024759)),
    ((-1.0962307505149105, -0.7177892965585306, -1.0974248768058257), (-15.387692346069773, -8.572691167785017)),
    ((-1.0920886933583107, -1.0440682581210334, -1.114008748611309), (-14.760682623527543, -11.073624948607089)),
    ((-1.1118283489599836, -1.0558478931961628, -1.1484407956046305), (-14.678776726838242, -11.263428913967557)),
    ((-1.090955203088579, -0.6465320034023712, -1.054970428986979), (-15.567579182381115, -7.9410393230352145)),
    ((-1.0553690228599735, 0.002197929936012908, -1.0481985937319422), (-16.20589896596107, -7.091694194964372)),
    ((-1.0614338147208258, 0.004525664860424683, -1.0737443073534307), (-16.154736695796142, -7.257478624642259)),
    ((-1.0471486761306148, 0.0018177251430074818, -1.054461746907567), (-16.209073600103494, -7.08138264145975)),
    ((-1.0664614032823543, 0.002209518989645595, -1.0744964017262562), (-16.145419058380753, -7.2935482521222665)),
    ((-1.0614197613375318, 0.000994120362586713, -1.0269351855781352), (-16.2306694782038, -6.995108376378097)),
    ((-1.0603332454748098, 0.0005653281632236732, -1.0580598599107491), (-16.181893932155432, -7.180652990612556)),
    ((-1.0580187133475214, 0.002021288239693288, -1.0165870719296326), (-16.253038629000628, -6.903467469507346)),
    ((-1.0636886953523257, 0.0020400591305420046, -1.045942852943752), (-16.196097185014647, -7.124247023818621)),
    ((-1.0523025303548705, 0.0007932698659074283, -1.0601308561017555), (-16.19154482721251, -7.1462395870701965)),
    ((-1.0572779038011528, 0.0011217408279157153, -1.0595321449937414), (-16.184454377523526, -7.17009614799003)),
    ((-1.058386140408378, 0.001959437887550328, -1.0642883351375259), (-16.174964383303436, -7.199367213581642)),
    ((-1.067511609753288, 0.002030696754865261, -1.0582574407761103), (-16.169963377034406, -7.2152517389053035)),
    ((-1.0551122329985987, 0.0027115815568019555, -0.9766976025677152), (-16.323100431286335, -6.591902861894946)),
    ((-1.0445348357262745, 0.003308256155227765, -1.0378009219492779), (-16.24033355011464, -6.96202886093471)),
    ((-1.049025329046157, -0.00032821441638645164, -1.0909326568865907), (-16.147177167204987, -7.275584599382123)),
    ((-0.9770675804522769, 0.003702233358311804, -1.0300882665270161), (-16.363109459054115, -6.439474603351084)),
    ((-1.0483737344754736, 0.0028378875806392423, -1.0469031177675787), (-16.219331453242056, -7.041896057631611)),
    ((-1.0788485144117983, -0.0024127271073500264, -1.0467476858666902), (-16.170316682276024, -7.203404516857031)),
    ((-1.0373910876361887, -0.010179304865367542, -1.0118230510624309), (-16.294115228203065, -6.729533365330491)),
    ((-1.0655324198764027, 0.0023213427920079467, -1.0744270283873028), (-16.147031434499517, -7.28807455298716)),
    ((-1.0555756135607393, 0.00254466227123152, -0.6777465463611856), (-16.829156211006847, -4.362049563265442)),
    ((-1.0555919607181405, 0.002681578302389757, -0.9878469337514971), (-16.304002440106665, -6.679878574200094)),
    ((-1.0517705627061233, 0.005316406743101996, -1.0538204366079396), (-16.202580342688698, -7.096120575895026)),
    ((-1.0597873412207264, 0.004000810503463092, -1.0557710711844452), (-16.18645853442584, -7.155352273532606)),
    ((-1.1080693722719526, 0.002246644367018252, -1.0680017226300895), (-16.08895041963143, -7.435028389426521)),
    ((-1.0665571792444204, 0.00023634882318201468, -1.0475339629146732), (-16.18888609793629, -7.154569284850625)),
    ((-0.9412797402269388, 0.005912916797059631, -1.015903984715904), (-16.44527440551105, -6.054433663688134)),
    ((-1.0537576060149445, 0.0017947547644716778, -1.0399507268580916), (-16.22189845147839, -7.033672735734173)),
    ((-1.0232664018922812, -0.0011572636108071258, -1.0491203002791587), (-16.256564821039227, -6.900697873945696)),
    ((-1.0631808650302081, 0.0026535317134073273, -1.0588055095674849), (-16.176071269788018, -7.193935476987872)),
    ((-1.0694562605437643, 0.00263742716914406, -1.0643432730882363), (-16.156974255798573, -7.256417190159514)),
    ((-1.058771898651187, 5.517245231727395e-05, -1.0491522062975451), (-16.19885118896898, -7.123372316281476)),
    ((-1.0412805929287883, 0.005437065994444341, -1.0351758983134347), (-16.249854638870318, -6.920514632514321)),
    ((-1.029765840214529, 0.0030859452218152247, -1.0582850547619826), (-16.2311192090836, -6.990752726041229)),
    ((-1.0550498157060062, 0.002770908596580851, -1.0744802689724613), (-16.1639011480316, -7.230078555080255)),
    ((-1.0396967185377695, 0.0002936025715055135, -0.995795537611717), (-16.316757969986575, -6.652250984748438)),
    ((-1.065480795677592, 0.004455939256539517, -1.0849087024709858), (-16.13020117404196, -7.330481824723465)),
    ((-1.0527714362927827, 0.0025781296976551873, -1.0629833415323244), (-16.18616214869327, -7.159135829996568)),
    ((-1.0587456601997203, 0.0021240986152850925, -1.0862728074696397), (-16.138920784938474, -7.3060556018007645)),
    ((-1.0513069232924999, 0.0031610873480902345, -1.0180027087207542), (-16.261590078071382, -6.872160927980205)),
    ((-1.0726740341319638, 0.0029882319491281424, -0.6717054527135493), (-16.812066921251137, -4.417106865425058)),
    ((-1.0698704626319544, 0.0017951342972294922, -1.0779630598754937), (-16.13432433156798, -7.3285780542654475)),
    ((-0.9967848129868759, 0.0014650157768879325, -1.0670823112883183), (-16.27076698761256, -6.8119734424064875)),
    ((-1.050057916466751, -0.0003821391415185244, -1.0410914647986422), (-16.22604591110974, -7.0238726567057945)),
    ((-1.1221419263640067, 0.0045940729801355815, -1.0800379100853557), (-16.046989084456545, -7.524506164408804)),
    ((-1.0749950858650577, 0.0036380065367642546, -1.0722837450238247), (-16.13519957484995, -7.321720567737531)),
    ((-1.054353132115497, 0.0008973337423210381, -1.1047383870425895), (-16.116373460199895, -7.354676424640254)),
    ((-1.0631038186766102, 0.002093609906378992, -1.0666257896401694), (-16.163554136853282, -7.236819279590532)),
    ((-1.0588961947639897, 0.0029367421083611386, -1.0611901288698438), (-16.179141548811096, -7.1830154805155475)),
    ((-1.0486786952804679, 0.00391021385014928, -1.0576872862314706), (-16.201350928039787, -7.103128035113239)),
    ((-1.0940240549435847, 0.0016394827489567905, -1.0878197587432645), (-16.079542924623006, -7.480452948694082)),
    ((-1.1079625470869994, -0.00013550710561279974, -1.0793718355480393), (-16.070783286960946, -7.496790578255762)),
    ((-1.0512649940733716, 0.001319751446229153, -1.0390767872746722), (-16.227359431542915, -7.015282690272356)),
    ((-1.0715825593293975, -0.0015422560517252852, -1.0653745594009294), (-16.151881295403292, -7.275502666840544)),
    ((-1.0251874501282283, 0.0004711907805202225, -1.0495344911355806), (-16.252764573581373, -6.918290072915377)),
    ((-0.9976682641283762, -0.006875931299035954, -0.9450412129205372), (-16.46884315741641, -5.952463815596391)),
    ((-1.0065259076828437, 0.012384596404943346, -1.0212434697021366), (-16.328977507726904, -6.581950010992587)),
    ((-1.0456902800983194, 0.002781971103121019, -1.0522485677647464), (-16.21501826215856, -7.057397328050906)),
    ((-1.0541234175429992, 0.0028997336008768837, -1.046045811357505), (-16.211402880609004, -7.069963387092288)),
    ((-1.0423819899022533, -0.0018480789383632738, -1.0621946354334213), (-16.20429368039725, -7.095233629913743)),
    ((-1.0565515620874555, 0.001247126262640566, -1.056518835486958), (-16.190507060972685, -7.148970929813119)),
    ((-0.9250254473415965, 0.002112601289054168, -1.0280729925488072), (-16.45246088767623, -6.013170651120552)),
    ((-1.05493338305125, -0.0011500603683843452, -1.0731965857155652), (-16.16617053241145, -7.227729267713397)),
    ((-1.0509186063094345, -7.508497589037069e-05, -1.0161255160166356), (-16.265298524593934, -6.866458094157113)),
    ((-0.9994464075128406, 0.0024153290319313195, -0.9856124641607751), (-16.399104922928256, -6.295421408394678)),
    ((-1.0542277071826769, 0.0007236207888964754, -1.0293019636943324), (-16.238457726671996, -6.97170090036926)),
    ((-1.0731541626168921, 0.006095025938242017, -1.1043923412451888), (-16.086478741475343, -7.4398660578343)),
    ((-1.0427985765555117, 0.0025716743401900605, -1.0012825996479586), (-16.30272263002657, -6.7046283910426805)),
    ((-1.0603241965128372, -0.00010369740066245095, -1.030640402931507), (-16.22641091631212, -7.016797507669724)),
    ((-1.0535924904724339, 0.0009398870993970133, -0.5561796101637088), (-17.04729479950218, -3.7870063360430257)),
    ((-1.074574311867579, -0.0013139682349274763, -1.047310402700845), (-16.176302391337373, -7.18966693742812)),
    ((-1.0571436107654026, 0.005497969091416594, -1.049201818601027), (-16.20135978068566, -7.099469179559925)),
    ((-1.0541542405907671, -1.320551691375016e-05, -1.055584999905455), (-16.195903821202556, -7.134823919956023)),
    ((-1.0461577494418717, 0.005694050138026105, -0.9536714387583756), (-16.375541863947323, -6.3510444804733055)),
    ((-0.9910098719484012, -0.007617251386802006, -1.0110211981712265), (-16.37122747593377, -6.407139572078156)),
    ((-1.049781773440507, -0.003826224267036712, -1.0623658375940206), (-16.19199392504723, -7.135340623916035)),
    ((-1.0562821823242852, -0.001782218036612833, -1.0998778490948709), (-16.121043665833582, -7.34639303342141)),
    ((-1.0752366441131684, 0.0039644538889901226, -1.125097596173828), (-16.050016065866973, -7.5097115986810214)),
    ((-1.0113450726465156, 0.004911654776950997, -0.9656617236339615), (-16.412440046289955, -6.22024715619453)),
    ((-1.067312871789473, 0.0003469282192340578, -1.0932152487612679), (-16.113908886258812, -7.385609546133399)),
    ((-1.018059435345976, 0.0041112234765272, -1.0370300055186923), (-16.284658752722407, -6.7837420013680125)),
    ((-1.036171845613826, -0.0021340125738125333, -0.953483060944189), (-16.392116384099992, -6.296703826129969)),
    ((-1.1602663033907212, 0.0020910762144955063, -1.1435879364387644), (-15.884564646952878, -7.738895876691414)),
    ((-0.9899162532522442, 0.0016521583146884666, -0.9894703699110703), (-16.408398976141953, -6.256007694609848)),
    ((-1.0680679079153956, -0.000926895944917819, -1.077365256195892), (-16.138202853164707, -7.3192409939095775)),
    ((-1.0716702758787566, 3.7196498995716466e-05, -1.0987051484313008), (-16.098053843732927, -7.429627490137085)),
    ((-1.0512302412210788, 0.0024186718814397197, -0.5785228632020781), (-17.011218089068176, -3.8551992152049475)),
    ((-1.0092391268765253, -0.0003976854759848653, -0.9306191383772082), (-16.473900421007187, -5.935378482535227)),
    ((-1.026253415359963, 0.006565270771746029, -1.0515242110269754), (-16.247735648302903, -6.921218969448795)),
    ((-1.0831389933493119, -0.002884843444879874, -1.0676500029449982), (-16.12956300225334, -7.337852698094348)),
    ((-1.0484462811294466, 0.006858611104726339, -1.0028053081391763), (-16.291002163302984, -6.7395074477068135)),
    ((-1.1403614196535428, 0.0032148091567766436, -1.1294278522147856), (-15.938746528297843, -7.7152776055999235)),
    ((-1.0803055051631052, 0.001235854508663316, -1.1253305379882605), (-16.041492823558187, -7.54113109581126)),
    ((-1.1047289916637766, 0.005403556867824463, -1.1252863940846631), (-16.002264269643053, -7.626248753974105)),
    ((-1.104268209392775, 0.006507599862741481, -1.1190846617778805), (-16.012894027910317, -7.60874287182059)),
    ((-1.0357819620063637, 0.016082765936359614, -1.0114842317315245), (-16.297037372124397, -6.705701327449809)),
    ((-1.0218433912669687, 0.0019136985261027318, -0.9896454661854224), (-16.355892125748987, -6.485204714868011)),
    ((-1.0197989550087796, 0.0010747822579749277, -0.9588482332038362), (-16.40991971547035, -6.2348744304655765)),
    ((-1.0368212732466913, 0.0003546076565239557, -0.9988630122390062), (-16.31640489180605, -6.65658054422792)),
    ((-1.0280471310112271, -0.0007205466994084659, -1.0377609482953625), (-16.2672175134324, -6.8648261406344435)),
    ((-1.009194317417048, 0.005178660990920306, -0.9205269850303948), (-16.49070132114229, -5.839323819387859)),
    ((-0.8768207127616757, -0.0016147119539118562, -0.9116384848227871), (-16.724791230760637, -4.722415420372326)),
    ((-0.9757900800476264, 0.0023297657032215063, -0.9019667796608161), (-16.576454047369197, -5.444706125787164)),
    ((-0.8647196600792892, -0.0022308838724203134, -0.9430629729341486), (-16.692911136961733, -4.879321704310915)),
    ((-1.019444322256744, -0.0001566614248445495, -0.9191061589888084), (-16.47637539685136, -5.9129709813995515)),
    ((-0.9727122909161859, -0.004289116904089436, -1.0209339535208366), (-16.385182640609614, -6.34331142244231)),
    ((-0.9990421691432918, -0.004156220774736815, -0.9121413870103338), (-16.52129019554677, -5.699463014357551)),
    ((-1.019133069340287, -0.002528837943008932, -0.9157899566854827), (-16.482392760657962, -5.876090491832601)),
    ((-0.8828658191800011, -0.00696303250277791, -0.9167531473561811), (-16.70604664162159, -4.801154367687856)),
    ((-1.0105728119052262, -0.0061217545456334534, -0.9228681356385402), (-16.48453638626018, -5.866199339567796)),
    ((-0.9866720778325159, 0.0058203122099326765, -0.9158666390044657), (-16.535339885256512, -5.63415432285136)),
    ((-1.0041783841762177, -0.004618963393655518, -0.9110159321348537), (-16.51475135909505, -5.726427728600093)),
    ((-0.9721581010473029, 0.0012195398546744063, -0.8954033639062616), (-16.593406598900742, -5.365539452422262)),
    ((-0.9822953794633356, 0.0029501615320158166, -0.9129056717754913), (-16.547504797890877, -5.583315158877931)),
    ((-0.9406194219948487, -0.004121649930261192, -0.9856848763030798), (-16.49587307953023, -5.8333189620404315)),
    ((-0.9961100410634456, -0.0027453752256857526, -0.9251262133988847), (-16.504499744748184, -5.78822665186793)),
    ((-0.9926842866139803, 0.0012953577013316538, -0.918692694959533), (-16.52082610231725, -5.713969355030656)),
    ((-0.955264891238644, -0.003181902035636979, -0.9108282092812312), (-16.595502928428566, -5.353785874812103)),
    ((-1.0051946044257498, -0.0005143010095196607, -0.8996253899892314), (-16.53213346087932, -5.651029612025921)),
    ((-0.995672561679049, -0.0052926648296835604, -0.9287599050893303), (-16.499143951299352, -5.808621637229256)),
    ((-1.0078154978970668, 0.0012215437341893329, -1.025114835275485), (-16.320803620221678, -6.642347759321527)),
    ((-0.9317034385237862, 0.004486750013669157, -0.9219748549344696), (-16.61594448279667, -5.251530642283914)),
    ((-0.9916559912839011, -0.0008497797682592771, -0.9138564167873531), (-16.530567129789205, -5.667878352814938)),
    ((-1.0454269774904492, 0.0001525021945396176, -0.9244029334868851), (-16.42529479890723, -6.1238849022531054)),
    ((-0.9227041084783372, -0.008377978321296666, -0.9137706640353023), (-16.644462045675418, -5.101669686738599)),
    ((-0.9846556845155243, -0.001762588162457618, -0.9329322164135045), (-16.51033478906111, -5.768954916567288)),
    ((-0.9669944471650067, -0.00826039932849071, -0.932858135075648), (-16.539404015544285, -5.616344900881376)),
    ((-0.9774596108202336, -0.004448858153908866, -0.88207753933644), (-16.60696044111468, -5.288576753077731)),
    ((-0.8925664830656577, -0.00016367271111890173, -0.9927521931180427), (-16.564313434325932, -5.503125219991755)),
    ((-0.9677796601459548, 0.006657828779440683, -0.8779421636007805), (-16.629789377082613, -5.174253054429151)),
    ((-0.8896706336643012, -0.0037865570682025108, -0.9425278746598188), (-16.651908349505625, -5.0752529609653045)),
    ((-0.9556788056053191, -0.0040114409302393055, -0.9224319448564755), (-16.575488554722735, -5.450566208608818)),
    ((-1.0188672419356697, -0.005144859128546257, -0.9539768999197793), (-16.419443734718463, -6.179046664979992)),
    ((-0.962232837185365, -0.0002852956328485189, -0.9292257787945284), (-16.553405493677865, -5.569122122492841)),
    ((-0.9996527210522366, 0.006414565965010582, -0.9312846442183148), (-16.48840884249033, -5.856046805847889)),
    ((-0.8903977844536848, -0.0032923646536266757, -0.9283027567771244), (-16.67429331038744, -4.966437588614637)),
    ((-0.9884725573514251, 0.0028007916237513014, -0.9184827080429022), (-16.528074430620606, -5.676499223329014)),
    ((-0.9116957800546617, 0.0005088399148392812, -0.9274119587307866), (-16.640220832800352, -5.14269258996291)),
    ((-1.050183215832444, 0.00982216759279776, -0.9756082572289273), (-16.332735277761458, -6.539219572933909)),
    ((-0.9809499474972945, -0.004011715664217442, -0.8897903759314417), (-16.588307264825293, -5.379865649779954)),
    ((-1.0088414547629752, 0.003995390095837163, -0.9167909598475822), (-16.49751453764393, -5.808861743372976)),
    ((-1.0378276851649444, -0.001728079693566047, -0.9294396797863012), (-16.42926130667809, -6.113188211725244)),
    ((-0.9457553209119547, -0.005111552859440652, -0.9196344935961699), (-16.596534385599185, -5.345159557418141)),
    ((-0.9999229445872815, 0.0004817826246521755, -0.9480469832340294), (-16.46025541489261, -6.009672545007534)),
    ((-0.9623569319294318, -0.0021235081884771623, -0.9170558069188245), (-16.573429499173308, -5.464340415933695)),
    ((-0.9560327665478031, -0.002326640871944516, -0.905995262970779), (-16.602302779106218, -5.322308372052953)),
    ((-0.9860906813542776, -0.0014581439459598142, -0.9309825491129551), (-16.51121608876042, -5.764785301393641)),
    ((-0.8939345953479731, 0.0011554890172801834, -0.9010312056435723), (-16.713817900552506, -4.776951681314331)),
    ((-1.0244061805743707, 0.0060627819203413445, -1.027969840499341), (-16.289018238133735, -6.763871386153376)),
    ((-0.9983696941868564, 0.0037904764134854916, -0.9169844630112582), (-16.514329717825856, -5.73530557187512)),
    ((-0.9372562017446309, 0.0006557106389769411, -0.9221752981140143), (-16.606434064036932, -5.308894612306239)),
    ((-0.9362349587741176, 0.00017036779053453306, -0.904901488504021), (-16.63690689824908, -5.160174795110879)),
    ((-1.0390156226463307, -0.001724171132496248, -0.9296926623264545), (-16.426910895859386, -6.1227034665638715)),
    ((-0.9988868508497438, -0.005123641019625428, -0.911567525249623), (-16.522485383756923, -5.691328470862855)),
    ((-0.9157183406955205, 0.0056649258778359805, -0.8871001022071916), (-16.70070548459727, -4.8302873264343456)),
    ((-0.9514923631345303, 0.003361462180045953, -0.9170209796573501), (-16.59141960898268, -5.374093097844091)),
    ((-0.9769641490716047, -0.009727855824460105, -0.9322211155091537), (-16.523999466956724, -5.685881295443032)),
    ((-0.9106164751932915, -0.01695356847379798, -0.9463193095680326), (-16.61015243338845, -5.251845125053855)),
    ((-0.9065375320097573, -0.0075413217889823345, -0.9297409216864925), (-16.64485109213847, -5.101528127800404)),
    ((-0.8217309675551445, -0.009184910351784849, -0.048641669723056946), (-18.385881279475523, -1.667578396415948)),
    ((-0.9302785159078648, 0.0009441687529837123, -0.9122043062658424), (-16.634611052843614, -5.168881661137569)),
    ((-0.884379990032882, 0.0015637920798068899, -0.9385329574656198), (-16.667410951801514, -5.005144786222209)),
    ((-0.8953872461043029, -0.011770811723942827, -0.9212772609589177), (-16.677390132929318, -4.931583497286445)),
    ((-0.9489277278235906, -0.01373853878189273, -0.9240854988297608), (-16.58359376152083, -5.38966319330018)),
    ((-0.8971996149691875, -0.000957028260325319, -0.9323705020949742), (-16.656180464619293, -5.062244765527375)),
    ((-0.8953858279182552, -0.01886565235157099, -0.9201444860816554), (-16.678877443873827, -4.909163434399067)),
    ((-0.9202279121831626, -0.0020308075269633305, -1.018991508077018), (-16.4752404530864, -5.912988141998444)),
    ((-0.961427309651588, -0.007831096404580174, -0.9143135524894715), (-16.57942953297795, -5.421005902148368)),
    ((-0.8546063429423684, -0.005271579149150711, -0.9570046503018748), (-16.686842270047514, -4.902160896413319)),
    ((-0.8642141971426662, -0.02086556534322237, -0.9134042975660956), (-16.74221712807175, -4.594756710246976)),
    ((-0.8924819094274333, -0.000412489584316951, -0.9158322495204326), (-16.691566051986626, -4.8894995756355115)),
    ((-0.7759246191017555, -0.014196678156501637, -1.0185492868313355), (-16.719174477168444, -4.741026667855001)),
    ((-0.8404158340986058, 0.002081951684026334, -0.918553332598326), (-16.774592490982272, -4.483729507581013)),
    ((-0.8922381556127655, -0.005007356175134351, -0.9557034156482005), (-16.62579721263004, -5.199654912043622)),
    ((-0.8748557852195888, -0.011484983539176924, -0.9066666091003092), (-16.736137115625837, -4.643134327358847)),
    ((-0.996525900352924, -0.010814585305554996, -0.9340670151504867), (-16.48878341451111, -5.846694388151248)),
    ((-0.023639260628032677, -0.016721844794262503, -0.9239792238074265), (-18.2547441026269, -2.5211582439670583)),
    ((-0.8992775427459728, -0.014448568923448778, -0.9581023631810514), (-16.609736842227598, -5.2575565988244986)),
    ((-0.9953761712556155, -0.004420643591860618, -0.9854875716681362), (-16.405955596666065, -6.259508874333024)),
    ((-0.8266276251062064, -0.0217126935035321, -0.9566868263575095), (-16.733826429945317, -4.645526095411249)),
    ((-0.9851996252514541, -0.005750407111682676, -0.9348500496797018), (-16.506207696839652, -5.778880479041108)),
    ((-0.8811731813970627, -0.014284728195274743, -0.9332486938632203), (-16.681179908718963, -4.9080189478980385)),
    ((-0.8870981087197591, -0.01012979937322742, -0.9076542228545469), (-16.714017138833956, -4.75438623061293)),
    ((-0.909566309958524, 0.0003394847581806443, -0.9882964297568111), (-16.543230406322905, -5.609124782757453)),
    ((-1.0511802416488571, -0.020082861374769143, -0.7230440600313841), (-16.756743270165174, -4.576322858703907)),
    ((-0.8948320749860725, -0.013470349718728451, -0.9106798939731164), (-16.695884169275168, -4.836504209383762)),
    ((-0.9436470017973733, -0.012976331023423103, -0.9308140710254273), (-16.581191707074787, -5.403583482650145)),
    ((-0.9156926863817052, 0.011213446169553387, -0.8715962245075894), (-16.726579227919288, -4.691398686718962)),
    ((-0.8113094986198622, -0.023726592180863322, -0.9522109285975071), (-16.767042088290722, -4.487586287323179)),
    ((-0.8414372050936589, -0.022345871738121588, -0.9433703300775943), (-16.730732704033915, -4.654199954194413)),
    ((-0.9152689906862846, -0.008608908554837806, -0.8702239004395687), (-16.729687268233043, -4.681966415030766)),
    ((-0.9462846219029899, -0.006803303966236671, -0.8855093782704418), (-16.652598687009473, -5.064541753570801)),
    ((-0.929907697414616, 0.0027782962426635, -0.950390097549034), (-16.571821791269926, -5.472536244517874)),
    ((-0.9398871754632483, -0.00324305455291622, -0.8980232142786099), (-16.642320059304886, -5.123958680709961)),
    ((-0.9409926344056925, -0.012069381247193494, -0.8865517798461345), (-16.659434514171203, -5.019497308412813)),
    ((-0.9574674995056596, -0.01051971604478021, -0.9002531091047763), (-16.60933111849438, -5.268087541056478)),
    ((-0.8648249276295428, -0.002707812006330036, -0.9449984901981282), (-16.689524685618764, -4.894587295689177)),
    ((-1.0345383052367025, -0.009980972841436207, -1.0451437099369736), (-16.244510787808707, -6.9303408532363715)),
    ((-1.0234975773368413, -0.02860590362216266, -0.7325098696275413), (-16.784545875461895, -4.449758137018085)),
    ((-1.086223939619681, 0.011897773110580948, -0.5633226360677185), (-16.98150358810237, -3.9523249161758796)),
    ((-0.9124957742310711, 0.007850663199922503, -0.9391961841557421), (-16.6192221090158, -5.227163549633371)),
    ((-0.8206494460855367, -0.004238574862171957, -0.9760044003154383), (-16.7129779808962, -4.784991034302507)),
    ((-0.943234395880457, 0.000755895615160305, -0.8568765253997535), (-16.70584078226139, -4.821527064888398)),
    ((-1.0787554434200324, -0.023352308697509042, -0.6426791117527926), (-16.852026179516017, -4.250965587202132)),
    ((-0.6298819153119726, -0.016582767051593745, -1.0786971274985668), (-16.875219250467993, -4.198570865990842)),
    ((-1.130717396800359, -0.005259719965387426, -1.0914016748369377), (-16.014997134368794, -7.587955368342923)),
    ((-1.037793201443146, -0.020877556544568576, -1.023335674187428), (-16.274152913148313, -6.791521378209504)),
    ((-0.5861821170676171, -0.012710002621863975, -1.094935121059743), (-16.926706827237382, -4.076738023446431)),
    ((-1.1104400415941211, 0.009530697660413864, -1.099013278593238), (-16.03508881499575, -7.56140191503856)),
    ((-1.1160976651041454, -0.016935478040161683, -1.0832066318386178), (-16.05116071189044, -7.499563579537371)),
    ((-1.106884778950875, -0.796827055023894, -1.0603167051232252), (-15.282644020912063, -8.987623046042952)),
    ((-1.0808644770706475, -0.010832878195686235, -1.0864069101418763), (-16.10282076129853, -7.3984304085442085)),
    ((-1.1339474863491976, 0.007884386741442456, -1.130925679112613), (-15.946502295360922, -7.699656667961407)),
    ((-1.136473246583024, -0.013941724498227328, -1.1189074995658035), (-15.961482957309393, -7.66690156484626)),
    ((-0.588416672523128, -0.016665239285820505, -1.0567581220800584), (-16.98403674326218, -3.8976955207081194)),
    ((-0.9069644642692336, -0.0016098331425547716, -1.010325829701705), (-16.51148814404293, -5.74463741520405)),
    ((-1.1148847693850779, -1.0371266667364725, -1.0364345005433515), (-14.833020352591916, -10.74180164676018)),
    ((-1.1210646188949192, -0.005496954331078972, -1.0829524331225966), (-16.04400224917652, -7.533134094074078)),
    ((-0.9275993895754021, -0.0016786920237689684, -1.0332851362697315), (-16.439703906162524, -6.069403683496274)),
    ((-1.0606268483670207, -0.005755381148090859, -1.0727791843383063), (-16.157580224080974, -7.245572183172464)),
    ((-1.0011099165822528, 0.043424617385566106, -0.017400395978109273), (-18.090823467359968, -3.0946231947306075)),
    ((-0.9561043324440427, 0.007007793265861234, -0.9892133930203505), (-16.464407527114776, -5.978282658975502)),
    ((-0.9374697864394158, -0.001982255203811234, -0.9532704411978397), (-16.55451846211649, -5.559572563019066)),
    ((-1.078237560348275, 0.003951093668321748, -0.692737379150311), (-16.766381517456058, -4.56264510101477)),
    ((-0.8744301107607785, -0.011184569675569904, -0.9324731591758401), (-16.693925801422395, -4.852373111363753)),
    ((-0.007934708946645164, -0.0766957183502533, -0.6207818041788464), (-18.671056504053254, -0.3550902052220164)),
    ((0.04955656071150827, -0.00913915917898011, -1.1498442339483068), (-17.84524754791109, -3.761077079970965)),
    ((-1.1739332388351609, -0.007235667232684664, -0.039307288846821775), (-17.827743326078068, -3.763418669105755)),
    ((-0.004567440353522911, 0.025794520620325723, 0.03971967981194225), (-19.853471778123545, 0.14314422562718623)),
    ((0.05601139881487795, 0.029458161259421103, -1.0306459575908753), (-18.01082100895728, -3.259398651339101)),
    ((0.054429295414161756, 0.04020512251058786, -0.7625240107544875), (-18.44930420567581, -1.1648773452744472)),
    ((-0.6385802443558888, 0.019979716200196024, -0.06981573921532322), (-18.656295355505172, -0.4279095070285516)),
    ((-0.03972143296409808, 0.029184693754569387, -1.091278031840857), (-17.940475573068376, -3.61015695880047)),
    ((-0.9374866912185761, 0.03893056657810401, -0.06019891374421596), (-18.146616096437363, -2.540151207166124)),
    ((-0.037677074416596845, -0.025921810706132864, -1.0048187629760958), (-18.087825068843962, -3.1162472775130334)),
    ((-0.042313169610548096, 0.048722672957275136, -0.5207961753302259), (-18.878487045143167, 0.05846553134562105)),
    ((-0.6893183317727962, -0.002544816671765676, 0.08201169450043277), (-18.549403222158816, -0.719587923790733)),
    ((-0.008713203385282475, -0.05965158242586319, -0.7916794503594107), (-18.411954902268917, -1.4245825904619318)),
    ((-0.06782695579850484, -0.008403851066084683, -0.5788764105093128), (-18.77088364399595, -0.18160289908795868)),
    ((-1.1019556469150575, -0.9247093840872621, -1.1174737401160109), (-14.981754338775218, -10.229845001730972)),
    ((-1.1375022452833394, -0.5434708532110899, -1.1185732965761228), (-15.569383042479991, -7.885257023551903)),
    ((-1.1306430329684458, -1.0147672799907703, -1.1118140952602082), (-14.780078222209509, -10.985561475746938)),
    ((-1.1248800232456073, -0.9640968574100699, -1.1416381883593296), (-14.852333410547644, -10.651452235161923)),
    ((-1.1253327248339398, -0.908202122134004, -1.1176963324358171), (-14.985842607894213, -10.157990430533765)),
    ((-1.105976759048671, -1.0114337573328487, -1.1176557442249366), (-14.807344799172451, -10.91800801788711)),
    ((-1.128200035937259, -0.9033078002230681, -1.1017942946401549), (-15.01023715585637, -10.076010989582514)),
    ((-1.0637996478181384, -0.7969204265023646, -1.1242177136644118), (-15.256759773609305, -9.052113556337178)),
    ((-1.1038185045713007, -0.9165698186016111, -1.050485797698412), (-15.072191873338168, -9.881080181308583)),
    ((-1.1300810687408287, -0.9819188540854143, -1.1268238662351433), (-14.828664051512822, -10.779445991262826)),
    ((-1.1017832309851736, -0.559733957596075, -1.1054943929656085), (-15.615112294455184, -7.823842477644831)),
    ((-1.0841824539424092, -0.8775461952261809, -1.1153822002252185), (-15.09451446558257, -9.767034027350597)),
    ((-1.0754511533959974, -0.7620094789199353, -0.9810531544843086), (-15.482859453455118, -8.07692462480153)),
    ((-1.1230925495736541, -0.7381295781777018, -1.1074313253426329), (-15.30609788052357, -8.818372921308047)),
    ((-1.149016220347416, -0.8910997037667608, -1.0937762642978055), (-15.018063060359529, -9.968031109097854)),
    ((-1.0190341388587913, -0.8450560989603512, -1.1274722880001895), (-15.218068863938285, -9.1577163471541)),
    ((-1.1165473138164415, -0.7629419953622876, -1.0839397007218585), (-15.301520089618124, -8.88502770075528)),
    ((-1.0740829942056944, -0.9975949608460212, -1.0401804019238183), (-14.954642875190757, -10.338664985597738)),
    ((-1.1035418570640794, -0.9913537700713149, -1.0415801168337395), (-14.93346802313754, -10.42219080899539)),
    ((-1.1114897568102948, -1.0029009496136674, -1.113454415101125), (-14.822885157334445, -10.862772544782693)),
    ((-1.115103780049484, -0.9499934809332913, -1.1169953336559777), (-14.91858010402845, -10.474326851252979)),
    ((-1.0920426249351018, -0.9187250541657416, -1.117644509886103), (-15.004435104705891, -10.144501493907203)),
    ((-1.132262822562475, -1.1307958834886984, -1.1348023711120037), (-14.519718192055993, -11.581414552674739)),
    ((-1.0989508319869394, -0.9675479079887765, -1.0252142995767204), (-15.00464663856846, -10.118437429710045)),
    ((-1.1202333444653418, -1.0995713936518399, -1.1220701631027714), (-14.609320975141966, -11.454353899477915)),
    ((-1.1296310263971354, -0.5614354144861959, -1.1392403501398394), (-15.526990575499884, -7.974758294466759)),
    ((-1.101368422575921, -1.1518650668555956, -1.1115276625342536), (-14.531132239314042, -11.472727517350757)),
    ((-1.1257238818881101, -0.9391618140593843, -1.08248898473583), (-14.966620010629038, -10.289550611456123)),
    ((-1.144542604308275, -0.6214823471439332, -1.1130881550014642), (-15.456252010868216, -8.197290518826968)),
    ((-1.1257882209256842, -1.0283825272776868, -1.0366498931850856), (-14.838922028398805, -10.711943889047026)),
    ((-1.1084152942500363, -0.7803873926293722, -1.1338833025935386), (-15.218758970701213, -9.135512533242306)),
    ((-1.1399923325853538, -1.0574996266127266, -1.1089178332106067), (-14.687653650949999, -11.258686317728378)),
    ((-1.1126342158453715, -0.5421712362247606, -1.1091871127609079), (-15.619214328196684, -7.806018998231977)),
    ((-1.042690365081243, -0.7565632512621551, -1.111626098219016), (-15.370612888503263, -8.608759994553385)),
    ((-1.0867763613682102, -1.017459725942817, -1.1377504528359856), (-14.79416899142205, -10.924934917413005)),
),)
