fronts = ((
    ((-1.0592614962923137, 0.042125416018023026, -0.6867318700186911), (-16.803919599611785, -4.363049436977779)),
    ((-1.1196797899488689, -1.064404987048563, -0.9515521509637879), (-14.8580297752078, -10.288705439044023)),
    ((-1.0383890180587168, -0.04816254070019094, -1.0536891478514152), (-16.220955842772305, -6.942122947330206)),
    ((-1.0052819101400816, -0.6831213286767965, -1.0739430162206216), (-15.594638290604426, -7.743428973979084)),
    ((-1.0764122885423826, -0.8680888299474119, -1.0321184162634018), (-15.219685235481855, -9.258579113885073)),
    ((-1.036523801254722, -0.009880975965515626, -0.6209240892597908), (-16.95966961057757, -3.935088564991738)),
    ((-1.1422833309336662, -0.8566199417837099, -1.080474352246902), (-15.10581190387107, -9.62670982760931)),
    ((-0.7739762038454743, -0.0743317807820503, 0.06559707470881293), (-18.363485031670127, -1.183894417074274)),
    ((-1.0735723960347365, -1.1348744596089233, -1.075542560268539), (-14.631181573605991, -11.205573660841083)),
    ((-1.0858357691016753, -0.05808442804282743, -0.6260515274049165), (-16.86382588519535, -4.147761213137834)),
    ((-1.1213226211678768, -1.0079069557891245, -1.067945558658809), (-14.85179833179425, -10.741965541666925)),
    ((-1.0823923248131768, -0.0032215301597939977, -1.139927614751218), (-16.014841664118336, -7.566661403114223)),
    ((-1.1913436210968433, -1.128171221788461, -1.103000371658081), (-14.496382305394597, -11.454966775125518)),
    ((-1.0741715742683997, 0.07460016528891567, -0.6877821150249978), (-16.770401234552473, -4.398599275428086)),
    ((-1.1049837337078348, -0.6403208530074088, -1.0985964992083932), (-15.500363160775342, -8.164899275695898)),
    ((-0.9907448195530058, 6.618536039703672e-05, -0.016004984635253017), (-18.17051749894877, -3.101840023886167)),
    ((-0.9412202456315245, 0.014904224784495292, -0.9053498301817203), (-16.627494674677614, -5.1708226789027485)),
    ((-1.1404597720057463, -0.9137687845679929, -1.0316111482370083), (-15.056623354924199, -9.820953867615428)),
    ((-1.153776083550323, -0.9950139975079542, -0.9696000992508325), (-14.947364841931133, -10.023042484742263)),
    ((-1.122314845982419, -0.721963174783411, -1.1022783811351045), (-15.340854264642434, -8.694157256629595)),
    ((-0.8805918445413079, 0.08218703390843424, -0.01945092442940788), (-18.211275525204172, -2.0707700668772837)),
    ((-1.0301514765743278, -0.0388252978189636, -1.0451894252233531), (-16.249369168551556, -6.85332414533651)),
    ((-0.998398424666144, -0.8889826573274291, -1.0423669463861336), (-15.25730880122072, -9.010079989310178)),
    ((-1.1183287509018638, -1.0503300593662437, -1.1060990080862476), (-14.728382658569252, -11.172035739097183)),
    ((-0.5254841848284102, -0.015515202623645977, -1.1636700197568275), (-16.92544033645078, -3.960665273967596)),
    ((-1.0515333461863952, -0.021636719479358302, -1.0785784462391608), (-16.16229066662759, -7.191820712680107)),
    ((-0.9571660596340978, 0.013073364466220483, -1.0849975527107123), (-16.306777151260846, -6.565880646932065)),
    ((-0.9298465979105838, -0.013222593412723901, -0.8824783249799388), (-16.684692648748932, -4.892905421327926)),
    ((-1.0995391650000894, -1.0744995506810167, -1.067183858403442), (-14.739871877727158, -11.08087611428653)),
    ((-1.1296019576753147, -0.7536184400203774, -1.0817269467942618), (-15.30396987656039, -8.837928480163558)),
    ((-0.9759383343809791, 0.04051522705229735, -0.7745129559537594), (-16.788591768238177, -4.3739882830037455)),
    ((-1.0188287663889293, 0.052484206609495515, -0.9077198469753645), (-16.49161803809286, -5.720516205503919)),
    ((-1.0042951002167668, -0.07148896562398693, -0.9423121634081243), (-16.453952894626394, -5.877883860425321)),
    ((-1.1027607001282902, -0.011635686356357589, -1.1537838902490267), (-15.959891989037885, -7.63459278068163)),
    ((-0.9924141250846731, 0.08092919110957544, -0.7970455406420904), (-16.713826810720768, -4.6057826869036145)),
    ((-1.0560739044920333, -0.7149432259552876, -1.1006373216208754), (-15.440000263085532, -8.37643777199661)),
    ((-0.9717104532602742, -0.0396756341418074, -1.0085194233637398), (-16.404522701158193, -6.186584694880411)),
    ((-1.0535991096937534, -0.91318551282532, -1.0122099206721746), (-15.180086638031014, -9.375273606893305)),
    ((-1.1242813469362491, -0.669686298622476, -1.004821775528335), (-15.551662523443103, -7.841785324701025)),
    ((-1.0777394983492354, -0.9675338046399043, -1.0036233283185818), (-15.051976720124353, -9.880173883724769)),
    ((-0.9646385132642561, -0.0024147443293373178, -0.8693976579017166), (-16.649386550877722, -5.08974908601167)),
    ((-0.8676566503938538, -0.05975428791185647, 0.015199211142498559), (-18.280896432278574, -2.0069548648411963)),
    ((-1.0788129328703084, -0.04651824557643547, -0.7316355655545204), (-16.693849111942598, -4.735329087893698)),
    ((-1.0354036612871755, -0.011335176151505588, -1.0648991060556439), (-16.211066221714418, -7.0447943118582845)),
    ((-0.7642963751333929, -0.04876458485313395, -1.032827427380264), (-16.71169622628322, -4.69755875435265)),
    ((-1.0966941417360563, -1.114273203479074, -1.1027069760078922), (-14.623387281910912, -11.37490644013306)),
    ((-0.7027240826057886, 0.025139510310951935, 0.04371748200557937), (-18.587712465580033, -0.8116173719759313)),
    ((-1.0687957888660087, 0.011104590233644854, 0.07358864710134289), (-17.927594043789448, -3.4890709186646314)),
    ((-0.9954493712601105, 0.053054282745407466, -0.9012430407645075), (-16.540467623380167, -5.499403540658434)),
    ((-1.0246381512834262, -0.9317264181595726, -1.0847069246383947), (-15.093399053150705, -9.769991735263996)),
    ((-0.7512536662938355, 0.06791794979044741, -0.9755282261659444), (-16.823243272428407, -4.166509894154849)),
    ((-1.1423751189057403, 0.0010718019133586498, 0.044895858031599234), (-17.868045769512364, -3.78347946112166)),
    ((-1.0743743848720304, 0.029184248228382687, -0.6650749743358202), (-16.81918342495394, -4.338935166535801)),
    ((-1.0526674795608328, -0.0320040523585583, -1.0756202257557153), (-16.16437737198092, -7.167427309972061)),
    ((-1.0480351047660301, -0.01656234023990656, -0.9690764816791855), (-16.346683621975483, -6.462853543126983)),
    ((-1.0953271032657703, 0.037944160119138426, -0.6071032918380002), (-16.886151317843847, -4.1260231648422225)),
    ((-1.0291737551424558, -0.014147152267335622, -0.8771200042784142), (-16.530337647765826, -5.600246441252344)),
    ((-1.0759522672765798, -0.0773710259030159, -1.1024122405227859), (-16.076366994085724, -7.336905634242129)),
    ((-1.0881301002662425, -1.0757572633404013, -1.0794379452406078), (-14.73645687196245, -11.10264628219982)),
    ((-1.0030834758498854, -0.9711629989145724, -1.0937254664658105), (-15.027309515657127, -9.973141174240832)),
    ((-1.1246396796375069, -0.10223231918042508, -1.0774839636071183), (-16.031945480956058, -7.375457538143252)),
    ((-1.1688333050805588, -1.1269588672066644, -1.1991190185705918), (-14.422838915909802, -11.501390373631171)),
    ((-0.9456441260362529, -0.05182012813055387, -0.9525610212066162), (-16.537479188638763, -5.534145895760422)),
    ((-1.019787753401068, 0.07461022601430764, -0.9721049532567336), (-16.37893138874444, -6.216077868736862)),
    ((-1.0444634802193256, 0.03700735023954552, -1.009285355212744), (-16.28476818148046, -6.708926313454252)),
    ((-1.1231679072088305, -0.735611042964668, -0.9961413832396804), (-15.451301449446003, -8.178465399441981)),
    ((0.033801341222440495, 0.03312667964859978, -0.6990569920687291), (-18.59964927970625, -0.7916909234075903)),
    ((-1.1169152319380862, -0.7942855202941853, -1.0024643569988982), (-15.345472769573252, -8.624545667035196)),
    ((-1.031904302285953, -0.03366523288909455, 0.03688708899271559), (-18.03495568461774, -3.2901038777410294)),
    ((-1.0962963971248438, -0.7702366117931538, -1.0159968811266542), (-15.398578374616257, -8.48008236545682)),
    ((-0.8958926480730385, -0.057315534415261965, -0.9828084110642961), (-16.569268099787493, -5.355840514344958)),
    ((-0.9987061088524516, -0.7811029715387696, -1.0902261260846322), (-15.407498571458671, -8.411507490570596)),
    ((-0.5169961887098395, -0.05471125863493964, 0.030925136764582417), (-18.88755736615558, 0.06032190814406426)),
    ((-1.0857095180328822, 0.029444917316995056, -0.9621465815034023), (-16.29629810038253, -6.579975963387346)),
    ((-1.0328010483425731, -0.02909346604330896, -1.129724892492535), (-16.110128781246242, -7.230738188930428)),
    ((-1.1335055244022392, -0.7381751247998538, -1.0448134199857397), (-15.372254118252815, -8.543474759362365)),
    ((-1.1201502143484732, -0.8407798950288764, -1.0814679038784583), (-15.16050018016291, -9.469409636025933)),
    ((-0.96358319273198, 0.06891602737998417, -0.91167844431794), (-16.57197923030664, -5.317723990924934)),
    ((-1.0365340004077046, -0.010146005193825428, -0.9667219097941628), (-16.36951492230105, -6.3861109180919025)),
    ((-0.7640698516400757, -0.007107604117898514, 0.09614578516826022), (-18.39186772612622, -1.1736406077573878)),
    ((-0.8680129205356184, -0.03414472956739589, -0.9950952640977138), (-16.599563493575538, -5.253281045352426)),
    ((-1.1945494712817988, -0.9125016094237237, -1.0873589947143307), (-14.931847899556628, -10.045825319317935)),
    ((-0.949223103328923, 0.039794741197973604, -0.8938096694219138), (-16.631066068873295, -5.098869188111633)),
    ((-1.035099145513401, 0.010203726146321257, -1.0778145435071622), (-16.190751235074117, -7.109245070663722)),
    ((-0.7958415110573677, -0.015464330932511122, -1.0268226688204776), (-16.671586242424066, -4.940903628033865)),
    ((-1.076884983052864, -1.1261865339838892, -1.1569208629951688), (-14.562850029400394, -11.406737975372351)),
    ((-0.9795825505314708, 0.0032238178126808154, -1.0788835632527625), (-16.27994451179407, -6.735350375781052)),
    ((0.06065794056976648, -8.94322559540639e-05, -0.7439888212928579), (-18.496850615575035, -1.1040951078595689)),
    ((-0.6653606278253479, 0.010482592970133542, -1.1099213723642685), (-16.76307524761636, -4.513508541668005)),
    ((0.01133258114238822, 0.048620027749855306, -0.07836016214832825), (-19.717903997029723, 0.24535128933522773)),
    ((0.03127113582533425, 0.01878630629740191, -0.5833702585053512), (-18.82551879349864, -0.23207552798032327)),
    ((-0.8348642851317952, -0.021922739375039524, -0.052159951420399864), (-18.34921711727587, -1.7420406584770505)),
    ((-1.1441011179892406, -0.5824370237587082, -1.0436430922494182), (-15.609389681659582, -7.707005328754419)),
    ((-0.4721083000545071, -0.05035436670986759, 0.03609605165205487), (-18.97097192766065, 0.18469080972955468)),
    ((-1.1356323470715421, -1.0167541551872352, -1.1339797196649755), (-14.746385958547563, -11.053722489611207)),
    ((-0.9641350317978804, 0.0077459633643585935, -0.9987348820472224), (-16.435525026428614, -6.111265514303261)),
    ((-1.096137080437563, -0.030752114848189883, -1.1215414491731128), (-16.02071165429148, -7.542094418029116)),
    ((-1.119018433967585, 0.04714015097900393, -0.5293680932083633), (-16.984749295236128, -3.8846277784214194)),
    ((-1.0008140620913737, -0.01762479371828718, -0.9303956910164514), (-16.487522349026158, -5.8353604512571025)),
    ((-1.1122700397876262, -0.8300006777243935, -1.1203193175088888), (-15.142758624796542, -9.498008177498793)),
    ((-1.0676654310107243, -0.0031135593756193014, -0.5589848488312766), (-17.019489448761185, -3.86767865365119)),
    ((-1.1082025954631245, 0.04622629442568443, -0.5089710306674667), (-17.038859811252763, -3.7934794819821285)),
    ((-1.041500427112567, -0.10739617258775166, -0.7426676709374002), (-16.7170739683349, -4.529950215876175)),
    ((-1.0402503745944773, -0.025971602657537507, -0.9578647776972313), (-16.37714970200654, -6.310776255139574)),
    ((-1.0064121106105173, -0.7660424290369727, -1.0955363418814716), (-15.418991924985196, -8.379876540907958)),
),)
