fronts = ((
    ((-0.014555360075442891, -1.134033092303087, -1.1740585308631062), (-15.185314293203371, -7.686062349165011)),
    ((-0.7918470893601705, -0.11314124737487774, -1.0888916380401663), (-16.555239406697602, -5.119562694526755)),
    ((-0.6458306669920455, 0.005047131297140073, 0.26677518194736793), (-18.268587955497527, -0.16886367688348664)),
    ((-1.1345668755316003, 0.10712890507837156, -0.08082940307287079), (-17.69702560289557, -3.5586702200935227)),
    ((-1.2805372386403726, -0.9296933565114218, -0.9144415965390089), (-14.991323309841244, -8.28414574774766)),
    ((-0.9221016958277105, 0.03977727283053256, -0.05331513571758584), (-18.1822793610037, -2.422348418465966)),
    ((-0.9734471036682464, -0.534194410057045, -1.1893774160936161), (-15.713137302235168, -6.980366032755731)),
    ((-0.46099494371932703, -0.3455623697394199, -1.1525844127524771), (-16.77277328876653, -3.6054849088530956)),
    ((-0.4311017177468084, 0.15845964847988137, 0.1992052214576533), (-18.625980376998314, 0.6734794732478238)),
    ((-0.6878318921012557, -0.9393642397072954, -1.1844209099173555), (-15.313553927917255, -7.426426717409331)),
    ((-0.7360450489467768, -0.09274441784301823, -1.0598071896669916), (-16.704502892109126, -4.608542242665066)),
    ((-0.5172988672791474, 0.15175039867334994, -0.10748236796618083), (-18.612809769846702, 0.3006913326376738)),
    ((-1.1225330669878106, -0.18850369025690714, -0.6259465534886995), (-16.73846202692973, -4.1390370899296345)),
    ((-1.0138928561744311, -1.0672302796670188, -1.930832023227972), (-13.882144646825788, -9.211592603831479)),
),)
