fronts = ((
    ((0.013558241953648825, 0.08407846398491614, -0.6470253220941321), (-18.607738999201125, -0.4589801159351937)),
    ((0.006963383687772912, 0.1310716912409982, -0.8111449117417514), (-18.22549445257961, -1.470923179496818)),
    ((-0.07587970591683382, -0.08201448410955416, -0.6691087225663941), (-18.517717104613382, -0.4930343620617923)),
    ((-0.09168220017373202, 0.056069096573876265, -0.620216634215407), (-18.61630587881583, -0.25456649442784096)),
    ((0.010189656264928015, 0.1556600210210638, -0.7737186824909166), (-18.2326574967068, -1.1493481145652615)),
    ((-0.04237159461967595, 0.016694649442488885, -0.9521188763605006), (-18.175175469392435, -2.720649905399526)),
    ((-1.1503328830969481, 0.002490382885956932, 0.05614383602797951), (-17.833034007936767, -3.7665202965008193)),
    ((-0.011431946275579863, 0.09754662122893443, -0.7464425504803934), (-18.407767649733636, -1.0407042142725713)),
    ((0.008997847820101545, 0.015149420151392534, -1.0432553237524262), (-18.08142746373015, -3.441059058624396)),
    ((-0.9110225710215841, 0.12204631187659976, -1.1734868554097784), (-16.218850482206072, -6.165737142436549)),
    ((-1.0874917419198367, -0.2673339901657209, -1.1870167834570813), (-15.833334766690928, -7.3039668885503115)),
    ((-0.47874049849019784, -0.033227776083421534, -1.1434153774878524), (-17.039874287510703, -3.799760648990576)),
    ((-1.0566193103876218, -0.6211367948693931, -1.0813725082970762), (-15.618580869339763, -7.7836303485940395)),
    ((-0.9359813627117284, -0.8879831773386331, -1.0274180380728295), (-15.34729318700963, -8.41821588580618)),
    ((-0.4739058365218909, -0.014846495584029756, 0.035857706614314644), (-19.01797767188165, 0.12352364986954915)),
    ((-1.1309489425041837, -0.7069574194133895, -0.0054275175935334374), (-16.340134193382124, -4.814975256223139)),
    ((-0.8899921664513135, -0.6108633242117668, -1.0679357235589706), (-15.87697010181257, -6.422742149027287)),
    ((-1.3140981752056824, -1.1980077298538536, -0.9265963986731307), (-14.393900487228116, -9.004766773325958)),
    ((2.226014889236951, -1.1995209476472883, -2.4505751575156176), (-11.825146090029412, -9.01927101326628)),
    ((2.209599739701101, -1.1995735185374319, -2.7227563650378395), (-11.563380587458653, -9.423695562112014)),
    ((0.1183122368878744, -0.01421777769555796, 0.005695102949184905), (-19.733905532810322, 0.23887457515862312)),
    ((-0.044206929711191556, 0.0177024705761758, -0.43355882681894586), (-19.073963860315587, 0.22714904272472042)),
    ((-0.9310020120812208, 0.07890542799474126, -0.8468030097148505), (-16.73138567004829, -4.510447114506517)),
    ((0.004990371755253964, -0.060203479802912574, -0.5855851541083417), (-18.769228686988765, -0.22662226718302503)),
),)
