fronts = ((
    ((-1.0807883429481842, 0.040167314901627699, -0.55423530696961676), (-17.00303508195357, -3.8468325441738211)),
    ((-0.8196103956143499, 0.035150090885209123, -0.91946426274547588), (-16.805934667490693, -4.2660126400189924)),
    ((-0.67603269447933734, -0.035499815743230578, -1.078107305444812), (-16.79318931738352, -4.40803571675964)),
    ((-0.93991721749481627, 0.048597940343553969, -0.86843738986249286), (-16.687515445511277, -4.8020503532366003)),
    ((-0.038955609029471483, -0.006047706099881478, -1.1938141012010495), (-17.797458001160294, -3.714097536139775)),
    ((-0.032693897401743444, -0.0019154208547947221, -0.94609457367214256), (-18.210764037205507, -2.7180113970612778)),
    ((-0.068746383335169636, -0.0086280722899164802, -1.1568512471346528), (-17.79678960424526, -3.7369693596217832)),
    ((0.018106353247125145, 0.028380174231372901, -0.96432016499238593), (-18.178150155895167, -2.8367130744599631)),
    ((-0.94462465793161432, -0.027148237787150975, -0.90092587770661314), (-16.62831327582644, -5.1407832846739234)),
    ((-0.0096324167369171709, -0.075964009155876838, -0.088859335401367034), (-19.616926545232758, 0.29007188593057187)),
    ((-0.92836126289701215, 0.015696134073590606, -0.98292836967706476), (-16.520340750298224, -5.6886122245420765)),
    ((-1.0490939267125008, -0.94358222557722948, -1.0221449159029867), (-15.112534888401381, -9.6664552037677556)),
    ((-0.99341560943111662, -0.91819408651244694, -1.1000158814006669), (-15.1379006166685, -9.4979672731937903)),
    ((-1.1912602632989713, -0.85875429485828536, -1.1369821047749746), (-14.975340284124124, -9.7540036319388896)),
    ((-1.0742098077129072, -0.7918532553639932, -0.99681596748090973), (-15.40963456405859, -8.4053939915688822)),
    ((-1.1108619999787284, -1.1534929936920579, -1.0729862465980708), (-14.556745120923047, -11.351656030603596)),
    ((-1.0618011973863819, -0.79242087416609264, -0.94232188042296494), (-15.489532649260811, -7.920913716178946)),
    ((-1.0690205367550571, -0.935876874842688, -0.97091413593677534), (-15.162499144554733, -9.3368140379012665)),
    ((-1.0310212172283786, -0.93438861094544556, -0.93290097212151091), (-15.249959222955262, -8.7984051463534314)),
    ((-1.1103716839457742, -0.89269215669991797, -0.89897244125586195), (-15.282284544036655, -8.5653950145750599)),
    ((-1.0716000360043036, -0.89028367800363428, -0.97336883097059879), (-15.249265671437287, -8.9939462403455028)),
    ((-1.114999887112359, -0.99475709259128009, -1.0530513362307448), (-14.90143718795905, -10.549954502312268)),
    ((-1.1633332358715585, -0.97393784146979256, -1.0742080045353588), (-14.865387393017329, -10.551058306987574)),
    ((-1.1300338677336832, -1.0600580273724145, -1.1187674980012172), (-14.682679712615915, -11.286394310131167)),
    ((-1.0662982687760956, -0.80012377599925788, -0.97920417061397413), (-15.425028081614407, -8.2948067943415928)),
    ((-1.0767482805551334, -1.0732208768596543, -1.1428942826974897), (-14.686624212592232, -11.217909724456053)),
    ((-1.1584836284600455, -0.89008685974367729, -1.0481428252472849), (-15.06187753999144, -9.7327756265967622)),
    ((-1.1680706260340195, -1.0647627121777394, -0.98391509790312348), (-14.772798800803217, -10.575161069376156)),
    ((-1.1284644975561207, -1.002602539697186, -1.1692658321154068), (-14.742867808944595, -10.944910044589811)),
    ((-1.1684501666218488, -1.1678599274002379, -1.1713201481693272), (-14.36974604731242, -11.594347676089782)),
    ((-1.1352032295812844, -0.91110339324562584, -1.1270116743536731), (-14.958036863875796, -10.218340886577476)),
    ((-0.99686526140232257, -0.74405749863806359, -1.020794724709714), (-15.564961722647713, -7.7510176440176792)),
    ((-0.40906457850279843, -0.014336876840777335, -0.030939067761744349), (-19.146013593838113, 0.24250422038985131)),
    ((-0.38696565606772815, 0.016685968818247021, -0.017102203560705763), (-19.206920389775007, 0.25473914001697234)),
    ((-0.49967927177388949, 9.8229773319927216e-06, -0.026885024559333781), (-18.995328862067794, 0.0072873505881380701)),
    ((-0.55637559642033452, 0.042726239990247987, -0.0059267777498651641), (-18.858095253375225, -0.1341045121790348)),
    ((-0.45302322790449395, -0.020067857423184676, -0.0027634352108267535), (-19.09254345159579, 0.11934756724719191)),
    ((-0.78415246699363106, 0.0040936086863213421, -0.0084208360862457754), (-18.52976249486965, -1.4611093988625137)),
    ((-0.6885715489182308, -0.015530593132297335, 0.032119073694655664), (-18.642071095004297, -0.76184090161436346)),
    ((-0.56539779662852996, -0.0018590745016318633, 0.038863529321133697), (-18.853276629344908, -0.18386317225515805)),
    ((-0.80540121784736707, -0.030705304596551505, -0.06034838566414949), (-18.376732952297758, -1.4877614076951493)),
    ((-0.51615557047687943, -0.01300136381916786, 0.03352177622284036), (-18.947238121562155, 0.0010253462912239797)),
    ((-0.60054031298073607, -0.014744098792874423, -0.010210785703279213), (-18.83212014834473, -0.34966658945012796)),
    ((-0.83857689973245975, -0.037217422083207316, 0.076011565603954306), (-18.286705568834655, -1.7108360442131996)),
    ((-0.72960615117673411, -0.0021771413878112628, 0.026634139483875198), (-18.58894876083594, -1.0538830614451768)),
    ((-0.82857954668114009, -0.0745766746485374, -0.0045351063093656413), (-18.318877213950685, -1.6964027282067291)),
    ((-0.86731471275142757, -0.069363574665319255, 0.023419057080153016), (-18.25747386306608, -1.9769165500142314)),
    ((-0.74213697286028912, -0.037234804494344284, -0.0078180686049491577), (-18.543211983449254, -1.1072675787765136)),
    ((-0.66430676779173536, -0.034234007394700235, 0.021183076527263367), (-18.674128942068073, -0.6110958447804502)),
    ((-0.9881877489465406, 0.030396733916410609, -0.95196709017362791), (-16.471441891992686, -5.895037998537326)),
    ((-0.77561537405087244, -0.010396917326618158, -1.010931771095533), (-16.732317852411676, -4.6931361751760523)),
    ((-0.70575993862694086, -0.036577682251204703, -0.98758600661952711), (-16.888477063527915, -4.0094687209622366)),
    ((-1.0012103677051729, -0.0060913040946465116, -1.0219668861281261), (-16.336682411257463, -6.5613976941361098)),
    ((-0.86978738752406481, -0.0090719095342307252, -0.96972013968831627), (-16.640216957888295, -5.1177182930923664)),
    ((-0.8280935485418508, 0.048099817084413438, -1.0000481936491041), (-16.65666336918585, -4.9480984621486295)),
    ((-0.78428379966559592, 0.013079976525354614, -0.9847984006530317), (-16.760173277191775, -4.5591006067664983)),
    ((-0.67657685034209192, 0.010215426777506538, -1.0358527574829968), (-16.862997513714546, -4.2199319779465689)),
    ((-0.9117071183787302, -0.034665672882317401, -1.0448683188124344), (-16.445303008803222, -5.9492438050586784)),
    ((-1.0332454762442294, -0.043867733276205412, -0.97399978719098701), (-16.35990371010562, -6.365929701505169)),
    ((-0.84509282884954318, 0.044110122438107996, -1.0207306363643953), (-16.594868332035205, -5.2347784754098878)),
    ((-0.8811195424224636, -0.071792390615600665, -0.99186985696124619), (-16.575783870323914, -5.2836320593775996)),
    ((-0.76586756806724554, -0.030896566385607664, -1.030944687447898), (-16.71477952064421, -4.7233489790178442)),
    ((-0.81705157705219722, 0.0042546391887608934, -1.0175066395008778), (-16.65108447529675, -5.0622337126880055)),
    ((-0.65455256714656185, -0.022497286124480556, -1.0142199437091737), (-16.935933282342912, -3.9323396055650126)),
    ((-0.69802292712611713, -0.04546380969655834, -0.99296368371852606), (-16.891580117030614, -3.9894089768721086)),
    ((-0.79022181555344795, 0.008786287565648393, -1.0253856197464637), (-16.683819198998343, -4.9024423345372821)),
    ((-1.0805242999466329, 0.022011644709682893, -1.0511175724196822), (-16.159804340120935, -7.1975912733434395)),
    ((-1.0938595618074858, -0.033886317221264076, -1.0661938310114145), (-16.112968527871192, -7.3175377095893088)),
    ((-1.0931679691088141, 0.040284192685691174, -1.0343251864699028), (-16.164987322377936, -7.1188519082066293)),
    ((-1.0608982814902843, -0.012874337340241959, -1.0334318776490679), (-16.220683686725142, -7.0078719501011681)),
    ((-1.0014499054579531, 0.0097075157733886933, -1.0519371250652012), (-16.28748677014698, -6.7441032810327712)),
    ((-0.96249455498174041, -0.034900154267487632, -1.0300229982598357), (-16.385239977455143, -6.2682502966013551)),
    ((-1.0804595969235362, -0.014744031101681064, -1.0621401142185045), (-16.142470011418403, -7.2719462767855481)),
    ((-1.0438421913670566, 0.03650124465175953, -1.0865641453514825), (-16.160591624853907, -7.1571732623878095)),
    ((-0.99213842897974347, 0.02153494276032638, -1.002142822395943), (-16.38322826061686, -6.3257961112976462)),
    ((-1.097992609496286, 0.012043598648626912, -1.044646249637148), (-16.142718284233112, -7.2489780332674068)),
    ((-1.010228391950978, -0.0097302073364188401, -0.97062390243957608), (-16.40597049434576, -6.240983223255288)),
    ((-1.0223689397177587, 0.032026477381146508, -1.0381568027041979), (-16.27420608977873, -6.7686033030602779)),
    ((-1.0948641202595544, -0.0096019545896947923, -1.051370377857638), (-16.13691793718342, -7.2819873127784209)),
    ((-1.0210631703496309, 0.056528763169149301, -0.98456868417225574), (-16.36029268209331, -6.3469154875179328)),
    ((-0.96918647394431656, 0.014000513968997815, -0.94612599852794144), (-16.513582344066357, -5.7301018187393762)),
    ((-1.0971304260776187, 0.00085828161273852205, -1.1183021416891039), (-16.0256600619944, -7.596269793105181)),
    ((-1.0018261592307913, 0.0024526738412856339, -1.0437369232325289), (-16.30031054357487, -6.7146113105306462)),
    ((-0.94049114601196915, 0.014072968136091261, -1.031753860634721), (-16.420479119467714, -6.1377785696766836)),
    ((-1.0820446632866891, 0.0093697723176235509, -1.0018945942218402), (-16.238127511564166, -6.9030520892673124)),
    ((-1.0686695311847028, -0.0025130265307649266, -1.0258724642492756), (-16.220674440188567, -7.0217323306159436)),
    ((-0.98823672264502649, 0.021158527070496765, -0.98045865459686232), (-16.42521349611335, -6.1350768195173613)),
    ((-1.081924807183348, 0.018139034787889169, -0.98755283860197252), (-16.261448167093338, -6.7795910146585454)),
    ((-1.1328645377305882, -0.038552989547846306, -1.1408751179025569), (-15.930379161228231, -7.6576740524126787)),
    ((-1.0739686949168066, -0.039569981911272402, -1.1046573851819905), (-16.082482670658308, -7.386423233579329)),
    ((-1.072352263619393, 0.021923967641419986, -1.0934526461474516), (-16.104675311097733, -7.3665066632523732)),
    ((-0.97594533299830677, 0.013521713321759839, -1.040527771535078), (-16.347707305533824, -6.4765201129950078)),
    ((-1.0655351939895852, 0.017259665626359832, -1.0459115315374123), (-16.192712706950708, -7.1019269060833263)),
    ((-1.0860881309057069, -0.002771637672101715, -1.0969809337698948), (-16.077571987608003, -7.4812120658277017)),
    ((-0.95720313593009398, -0.038983353639115349, -1.0037154163904194), (-16.436363935267288, -6.0386344775915939)),
    ((-0.99437355516809889, -0.023714335166265157, -1.0459960836147375), (-16.30796232457505, -6.6316184905381821)),
    ((-1.1130346100888149, -0.021685249636064739, -1.0474592257642101), (-16.11355453455893, -7.2966236041311401)),
    ((-0.93306009850860305, 0.053534652687750747, -0.933894580595094), (-16.588837699087264, -5.2766199771848497)),
    ((-1.0322573927731344, 0.0040867091270596761, -0.94455718881319028), (-16.413227717025542, -6.19476538955122)),
    ((-0.99825923781796955, -0.02615290656033073, -1.062188788991357), (-16.27518326290035, -6.7483527920713335)),
    ((-0.90265237715879554, -0.0086990090304352591, -1.0331388971341076), (-16.48136611973036, -5.8466868383687487)),
    ((-0.98573498868803866, 0.045078940769692599, -0.93808090436446412), (-16.496541322258498, -5.7411674348863286)),
    ((-1.0793629716638706, 0.040515497947038154, -1.0114985027387813), (-16.22433046077896, -6.9061773147635837)),
    ((-0.96470699859445175, -0.02522009238209149, -1.00808498317895), (-16.418323115449155, -6.1512803689487141)),
    ((-1.0684732423775132, -0.015815611456052425, -1.0020282498332147), (-16.259543172759948, -6.8266496341594962)),
    ((-1.1138827089445185, 0.0032930027820883279, -1.1155927855672814), (-16.00312100376911, -7.6363571461883062)),
    ((-0.89366841715327949, -0.003809190686739572, -0.99344268255262946), (-16.561312355980228, -5.5066735017990016)),
    ((-0.91442561911528664, -0.018809397380179331, -0.97962020752028012), (-16.548765963933956, -5.5431889570352091)),
    ((-0.86095343417176451, 0.046933757199461523, -1.0165514988656204), (-16.574517169707875, -5.3295669819764075)),
    ((-0.78998068304702607, 0.011455486065098108, -0.96584002826825288), (-16.781711660580786, -4.457339655539875)),
    ((-0.85649483169374219, 0.064503583047496038, -1.0022915741493996), (-16.601773153725006, -5.1665419007680846)),
),)
