fronts = ((
    ((-1.1144258022361537, -0.9484287067370826, -1.1167112183363541), (-14.922699009221414, -10.459200861578537)),
    ((-1.0648310714703442, -0.951039290321193, -1.0885787989124465), (-15.00544384466834, -10.184973679981692)),
    ((-1.1120186708574982, -1.0691814128759458, -1.1148810494011896), (-14.687518841334645, -11.284011484164498)),
    ((-1.104031062677681, -0.9297324414481039, -1.0565900705009987), (-15.039234385736062, -10.024759512925048)),
    ((-1.1078830447552146, -0.9376290060933652, -1.0626016856431395), (-15.012527079633614, -10.134422582752293)),
    ((-1.1008127346147045, -0.9421473254151308, -1.1156512023745504), (-14.951538088585018, -10.363677171096453)),
    ((-1.0857513161013208, -0.9042801518790068, -1.056798704143934), (-15.109843563374856, -9.747049414562944)),
    ((-1.0601372246199714, -0.861862845131563, -1.0965249415288192), (-15.174852616563204, -9.460773738454165)),
    ((-1.051059110997353, -0.9059159099832436, -1.0925359298565753), (-15.10538800004481, -9.755717241195674)),
    ((-1.0909820440979283, -0.7531619226302337, -1.0942698091860257), (-15.33780264157831, -8.774942840292193)),
    ((-1.0666495381760486, -0.9220004707930711, -1.0538174966032872), (-15.100388174251407, -9.785591520337638)),
    ((-1.0885204833883475, -0.8610779394573622, -1.0593905483101345), (-15.186741313251245, -9.418848855246901)),
    ((-1.0892662042331178, -0.9106488014408771, -1.0567735170714356), (-15.093378694518588, -9.814160913671365)),
    ((-1.0697950069229902, -0.9307214072010954, -1.0949393605721907), (-15.032718319968655, -10.07083314513112)),
    ((-1.1117777836284337, -0.9112003555687925, -1.0851079797468617), (-15.033663091841749, -10.03823703000498)),
    ((-1.0622183065469741, -0.9310167235671817, -1.0748663796995397), (-15.063628219736305, -9.947097368536777)),
    ((-1.1133393931163265, -0.9215864914640011, -1.0763433818541825), (-15.021908590312684, -10.08838039465496)),
    ((-1.0392097787309105, -0.8427432050270856, -1.0491162270385483), (-15.292568430452173, -8.9535943180595)),
    ((-1.0336690064940435, -0.8611568521549356, -1.0171350987815644), (-15.30105897685247, -8.861525158676297)),
    ((-1.041462282770226, -0.7625978746803211, -1.0338928336292443), (-15.458820190929558, -8.269281076939457)),
    ((-1.0436993639897476, -0.8611082758336577, -1.054466153142391), (-15.24551116902689, -9.159863176603391)),
    ((-1.0359061216500962, -0.8541830634250004, -1.018795019986029), (-15.310169560579947, -8.830812958759132)),
    ((-1.0335935126034608, -0.8539424255926915, -1.020423660966011), (-15.311454464475853, -8.825244318214558)),
    ((-1.0451557396992008, -0.8638630601600883, -1.0809131524842117), (-15.207223151918367, -9.326492028440843)),
    ((-1.0363032949172193, -0.8538110524868376, -1.021607844205598), (-15.30712278740944, -8.849486434718632)),
    ((-1.0592640666453217, -0.858052074888838, -1.0694342225848317), (-15.215312604240317, -9.30564838174005)),
    ((-1.0422186238717581, -0.8893134101388002, -1.0707719692369553), (-15.173277242424149, -9.46861827201445)),
    ((-1.0535826329294513, -0.8645636576961516, -1.0416430858854537), (-15.242274778764697, -9.170312585842122)),
    ((-1.0366354300060943, -0.8751355746262918, -1.058858169788449), (-15.221363433774696, -9.254912389092986)),
    ((-1.041727728866166, -0.801871987767557, -1.0631730960773957), (-15.34985814699876, -8.730177956660215)),
    ((-1.0372887853696615, -0.9030256395893934, -1.0639369028629755), (-15.1599245519099, -9.515807497177581)),
    ((-1.0209504147925303, -0.8568605489091347, -1.0587441559737254), (-15.275425963495813, -9.00275269458955)),
    ((-1.043478887666162, -0.8497828204869322, -1.0677123091127643), (-15.251855507875677, -9.1387957620879)),
    ((-1.0433833392295104, -0.8337956668296324, -1.0552421655863835), (-15.297379051738954, -8.943618702342135)),
    ((-1.037705622639914, -0.8775091151547249, -1.081230202078095), (-15.189250160451332, -9.39341902675643)),
    ((-1.043085457851376, -0.8439149630514525, -1.0937298583624038), (-15.232353636950783, -9.207069332880478)),
    ((-1.023658510717072, -0.8894571029586418, -1.072499710223319), (-15.192400287924004, -9.359025196599513)),
    ((-1.0357128972222924, -0.8591749053856309, -1.0517948024806554), (-15.26180544561091, -9.079278719170212)),
    ((-1.0350806224652356, -0.8611001828539404, -1.0413636480168285), (-15.271096346066233, -9.028563119331263)),
    ((-1.0467545433118328, -0.878157946597714, -1.0608710411213762), (-15.201323360296978, -9.352829011185019)),
    ((-1.0262226693446634, -0.8544989672868732, -1.032141613732244), (-15.305257020582197, -8.859370230463798)),
    ((-1.0500128567269056, -0.9007093524506088, -1.0981304086476789), (-15.110225831447949, -9.727847174165001)),
    ((-1.0423236329535062, -0.7868749867583366, -1.093708609267227), (-15.339114949450623, -8.763223152356675)),
    ((-1.102237068495521, -0.7261161146607923, -1.0762978959198357), (-15.392959552611387, -8.558390333954142)),
    ((-1.0480811838858948, -0.8961359454620041, -1.092549901495057), (-15.12783546687502, -9.65767603355882)),
    ((-1.0455261239387754, -0.9003393577152466, -1.0970495409509975), (-15.117365511466335, -9.694235109384556)),
    ((-1.0411726496374278, -0.9026315795137898, -1.0917674522118883), (-15.124036693704483, -9.66638914899411)),
    ((-1.0380332010297006, -0.9118056916041646, -1.0845274622622394), (-15.11799902864559, -9.69238282859202)),
    ((-1.0525114257798702, -0.84227858785925, -1.0876754479896473), (-15.231488760516903, -9.225499768129158)),
    ((-1.0321375345798878, -0.9019101651106872, -1.0881930265404882), (-15.139953858758535, -9.588855334967512)),
    ((-1.0398774358485934, -0.8780353566189629, -1.0880242950837617), (-15.17771359652685, -9.440775424851575)),
    ((-1.0555189601832726, -0.9481595776863433, -1.0817844705538437), (-15.029277442231807, -10.081742327139235)),
    ((-1.0578430348072299, -0.8845255493189316, -1.1009983234635532), (-15.129042729981649, -9.649384208998239)),
    ((-1.0457995264060516, -0.8390197052690522, -1.093242195188661), (-15.238935874559697, -9.182615812528471)),
    ((-1.0294542796535462, -0.903900007959294, -1.086192349808302), (-15.141433125528598, -9.579394396418662)),
    ((-1.0864131522861462, -0.8851953657339751, -1.1017017384775514), (-15.09356582647823, -9.79796030324509)),
    ((-1.0332914094830117, -0.8990902417743653, -1.0933709526666284), (-15.138137080655051, -9.593878246876276)),
    ((-1.075683329717952, -0.9171284277201308, -1.0993937555235624), (-15.04739094897575, -10.004533075589473)),
    ((-1.0415728032325737, -0.8806419067331768, -1.1082502611361147), (-15.146888132940516, -9.54589291839797)),
    ((-1.041303194772191, -0.9659522566840005, -1.0739892164104698), (-15.018053188897621, -10.103410212505128)),
    ((-1.0417183658709666, -0.9221393663222607, -1.101060891693284), (-15.074420309959994, -9.865037997701386)),
    ((-1.0450185458586667, -0.9210412968054447, -1.0908191210833367), (-15.084610806536942, -9.837713621943745)),
    ((-1.0595682330875538, -0.8812095870209411, -1.0991205321038653), (-15.135594942315782, -9.625048867346404)),
    ((-1.050573249221685, -0.9201358561209098, -1.070410738355128), (-15.103475509960335, -9.770725717315202)),
    ((-1.0585727677259116, -0.9916811800496356, -1.0839756673873344), (-14.93587293444498, -10.448336067833228)),
    ((-1.035447401482725, -0.8877135049613044, -1.0881883941898067), (-15.16389306263556, -9.49309083092619)),
    ((-1.1008856065056563, -0.93743763855449, -1.1007436889859024), (-14.97759410023832, -10.280180733790615)),
    ((-1.071790263988553, -0.9964026476349515, -1.1103333473115728), (-14.882848929322238, -10.649430084064564)),
    ((-1.0775439595066136, -0.9046443360657148, -1.1125108778728283), (-15.054125695542481, -9.952193243291472)),
    ((-1.0402013145253277, -0.8668580920401059, -1.0692302476745295), (-15.221081994251382, -9.264509325871792)),
    ((-1.0803508814686413, -0.9630612918120606, -1.099883708489014), (-14.951501578531524, -10.400553684337897)),
    ((-1.0559152431335441, -0.9682440933008372, -1.0940822917002477), (-14.9748587236604, -10.295268336786679)),
    ((-1.0441438865257526, -0.9029894425714823, -1.0995859206720797), (-15.110844155371165, -9.716924193164928)),
    ((-1.0605076584885045, -0.9532484841822972, -1.1014102964191803), (-14.991412152233051, -10.228341091431552)),
    ((-1.0553264636735218, -0.9862567545584211, -1.1110635206930477), (-14.9204260341103, -10.488315266392933)),
    ((-1.0701852141339623, -0.9604347238577923, -1.107191714254078), (-14.959835214085746, -10.355323529175726)),
    ((-1.052112681041984, -0.9104109273532056, -1.1043128451854392), (-15.081771599951036, -9.841405007192057)),
    ((-1.0532819130226556, -0.993810459404533, -1.0893427918854928), (-14.931415472575562, -10.457213268575497)),
    ((-1.0829549669020326, -0.9644462445678642, -1.0980963016281544), (-14.947855096490365, -10.416787372687574)),
    ((-1.0500817133338933, -0.9780356364325142, -1.0989202690725044), (-14.956220197841613, -10.356015544910369)),
    ((-1.0527178436139863, -0.9421596143967159, -1.0572335149429277), (-15.072084408568902, -9.893432078942812)),
    ((-1.0517744558642843, -0.8721714107711316, -1.0947355013823599), (-15.167180919307722, -9.490966886964983)),
    ((-1.039348644800836, -0.8913843865765203, -1.0858431949731435), (-15.154980293637006, -9.537944304072635)),
    ((-1.0549022217180468, -0.8644566183987126, -1.0908527930438716), (-15.182836510716566, -9.4307857178519)),
    ((-1.0716887872516105, -0.8657633155323647, -1.1110320659151656), (-15.136582104570758, -9.600599775996447)),
    ((-1.090469708195131, -0.9728843237900298, -1.1092148234349952), (-14.91031818542055, -10.55167289297925)),
    ((-1.0151399122320899, -0.7406562804556627, -1.075100896732416), (-15.479701155971263, -8.178463344935635)),
    ((-1.066730996884865, -0.8235626600217675, -1.101877677757454), (-15.232124608860225, -9.209797486318639)),
    ((-1.0861955434846433, -0.936132899445782, -1.1001995830505031), (-14.997483637089143, -10.210707003034255)),
    ((-1.0448169666976101, -0.8820417979913727, -1.080519845586628), (-15.173027260673997, -9.471177227036678)),
    ((-1.0719336653709701, -0.9397852338689299, -1.0969514936805516), (-15.010204805298326, -10.16299867290537)),
    ((-1.0287218281906028, -0.9077159084182223, -1.0636147452145883), (-15.160790134345762, -9.497676546314771)),
    ((-1.0535936437112423, -0.7425082042854649, -1.0713345762274187), (-15.43272508725672, -8.417427273963945)),
    ((-1.042510677652785, -0.7878784801605553, -1.0788523907563243), (-15.355448427794572, -8.708574818611169)),
    ((-1.0589765893620329, -0.9740485021837428, -1.0792980197649376), (-14.97627532120693, -10.29505021048902)),
    ((-1.0448055032068133, -0.8227244381597298, -1.0468207637063536), (-15.326822868735558, -8.816505132090551)),
    ((-1.0911161707751174, -1.0282591423687524, -1.0794270750319068), (-14.831071985651203, -10.842185553324537)),
    ((-1.057574809097343, -0.7488060372562161, -1.048625710607022), (-15.445163374989523, -8.358814996881613)),
    ((-1.0046220505976091, -0.8326642289203935, -1.0864839299691371), (-15.308117786836036, -8.831111992502755)),
    ((-1.0531654248342301, -0.8115067635881245, -1.0902778097742682), (-15.284942761382847, -8.999168259345637)),
    ((-1.0187966004641535, -0.7614940941923061, -1.0927730561437772), (-15.415355889233517, -8.423973638188954)),
    ((-1.049726235869797, -0.662933413453057, -1.1130546251573363), (-15.518634183131395, -8.073132079230312)),
    ((-1.0681903487151505, -0.9544617811057741, -1.100542188911504), (-14.98139074828308, -10.275582437976134)),
    ((-1.0628027147625674, -0.832633427645431, -1.0947691622216469), (-15.22868286858688, -9.234541285108051)),
    ((-1.0882695067762935, -0.695936812761975, -1.0952340032929104), (-15.437382952622126, -8.39817492348674)),
    ((-1.0710731521992547, -0.7472127082955943, -1.0620867056201957), (-15.414013759913678, -8.495072176332602)),
    ((-1.1098240236846315, -0.5702723964239457, -1.0845182241422406), (-15.61804472654244, -7.810139583219904)),
    ((-1.095720691924408, -0.5845258030122745, -1.0999005726458944), (-15.595567253831764, -7.880614124865804)),
    ((-1.1324403152581077, 0.03229666793314723, -1.0842225034441095), (-16.022331531750503, -7.511320610446501)),
    ((-1.0854963048351363, -0.5527261154120172, -1.1213886926806835), (-15.625512580505367, -7.778504117132319)),
    ((-1.0973398593854071, -0.5690425984070427, -1.0835052905055775), (-15.63853113217267, -7.759481555367312)),
    ((-1.1055806004116602, -0.5204259983326219, -1.120954101388207), (-15.641871481848483, -7.744552820827362)),
    ((-1.0950519905421068, -0.5754312456653287, -1.0908210585974216), (-15.622299725499346, -7.806860733483477)),
    ((-1.1302543392034647, -0.05119412800234879, -0.487781482368004), (-17.040580595533115, -3.780670775337606)),
    ((-1.0857052372145009, -0.6259726804928969, -1.0982846650697633), (-15.548972328088833, -8.020037166739014)),
    ((-1.096184867684281, -0.7202732195143516, -1.0866531612818549), (-15.39740470312476, -8.545717292072144)),
    ((-1.1009596597512339, -0.6100041395521273, -1.063852000884161), (-15.599498592693115, -7.8496044558916225)),
    ((-1.0864154574167253, -0.6434621474432436, -1.0726380073166082), (-15.554996561041753, -8.000026029734116)),
    ((-1.102164239489381, -1.0082262390329393, -1.098666092403053), (-14.838726598661626, -10.82483884086967)),
    ((-1.1283433526770397, -0.04699661717108269, -0.5006680989757264), (-17.021447063435268, -3.8183907771016594)),
    ((-1.1292636826725595, -0.04810103757109302, -0.47199142476219547), (-17.07147709016953, -3.7438190071381805)),
    ((-1.131965947600846, -0.048689349740798936, -0.4712418921189788), (-17.068378127711274, -3.745565259564083)),
    ((-1.1278879841090228, -0.04373342332027746, -0.48117024791503904), (-17.058110706697683, -3.7703049296961737)),
    ((-1.1263696526836005, -0.04779374321375128, -0.49337182516592487), (-17.037549987961423, -3.793490068144958)),
    ((-1.122056058356913, -0.04343526206805164, -0.49780800845740725), (-17.03744062900472, -3.8031143934979363)),
    ((-1.0776574505546839, -0.049183219254482005, -0.6252773915708367), (-16.880392008316022, -4.119780638853827)),
    ((-1.1294495597861562, -0.049563271946504915, -0.47761550388087326), (-17.06063771401669, -3.7557362369781653)),
    ((-1.1295596635627598, -0.04144337738923521, -0.4806713170709796), (-17.05685237008195, -3.775352677654667)),
    ((-1.1208840478911681, -0.04286836143635751, -0.5101031344557211), (-17.01729091263777, -3.83651231414829)),
    ((-1.123737410288341, -0.0356401320473664, -0.585994639546), (-16.878432839725676, -4.122754433307733)),
    ((-1.0853103281986909, -0.03847406334825071, -0.5842411023119856), (-16.942653508061056, -3.986526796677786)),
    ((-1.127992392538541, -0.028199312150842856, -0.5387030533192737), (-16.957102436706744, -3.9643469999243486)),
    ((-1.1229100739647793, -0.02673979920300254, -0.5760247909244232), (-16.898721123124766, -4.0945114204901145)),
    ((-1.1285673443902373, -0.04479150516701499, -0.49581102663033977), (-17.03035097646199, -3.808502864486688)),
    ((-1.1302685065012135, -0.02748742667998215, -0.5464711869804497), (-16.9396469604707, -3.9962676746552677)),
    ((-1.1194042786418974, -0.04000195902205957, -0.5644524100236994), (-16.922917540039972, -4.020752051816888)),
    ((-1.0852710866318294, -0.049605590766363825, -0.5925501969346814), (-16.925787006429406, -4.004910570475166)),
    ((-1.1531887321216303, -0.057052919320648286, 0.015976588732828867), (-17.82023490731356, -3.738957901424387)),
    ((-1.13684892285463, -0.050673526477634276, 0.020516087544168338), (-17.855720497500453, -3.73017184140441)),
    ((-1.039045105271077, -0.043467239941167246, -0.6965945599469392), (-16.81929371530248, -4.301519447626879)),
    ((-1.0480701070503302, -0.014707072333778284, -1.033758600191052), (-16.240849576079285, -6.9337228807032885)),
    ((-1.1585895797277392, -0.021152782269983385, -1.1322747649597718), (-15.904629580395707, -7.688773436914859)),
    ((-1.1102596093627624, -0.009005447656490619, -1.063234534485818), (-16.093033062980453, -7.40120671741811)),
    ((-1.0732820834672074, -0.02350267285727072, -1.1195019821276684), (-16.061323994679928, -7.450368399289617)),
    ((-1.0542242775455766, 0.005973503475644629, -0.6527000443850346), (-16.875135491473316, -4.208810125986648)),
    ((-0.9452628766247579, -0.002498492056658799, -1.0558995583300244), (-16.37370353592755, -6.3476192315588)),
    ((-0.8932236375873432, 0.024425323597462308, -0.8962405743518367), (-16.72189989503304, -4.6846803837282405)),
    ((-0.8805481417657581, 0.018593462819200275, -0.9459162418773511), (-16.660977193886833, -4.997993953397682)),
    ((-0.8949125454739514, 0.0025660559501149965, -0.9738179891642118), (-16.591485530115243, -5.370623895514967)),
    ((-0.8603304595799578, 0.008788561615385958, -0.9005555440379399), (-16.770862163384322, -4.479855205501975)),
    ((-0.9507246864775296, 0.02013352731595149, -0.8982055304983628), (-16.62336371321001, -5.179324483579977)),
    ((-0.8678164896098653, 0.009482717624519101, -0.9373043147250153), (-16.69708837727805, -4.841203375714198)),
    ((-0.969121371691215, 0.010066627104985942, -0.8914744198244929), (-16.604801892551762, -5.288841790458488)),
    ((-0.8775919242641342, 0.011859901385058692, -0.9166236392900486), (-16.71493527367313, -4.746836389616988)),
    ((-0.858676174395388, 0.019445868553501888, -0.9505049877635531), (-16.690077718765252, -4.855188546262618)),
    ((-0.8837209286866683, 0.02321951590048524, -0.9742297937904657), (-16.608588962005612, -5.240854998640458)),
    ((-0.9076544758833032, -0.005564565634247905, -0.9447095950893345), (-16.61821506858967, -5.236985121439685)),
    ((-0.9545073547819753, 0.004770462114336302, -0.8477840766743981), (-16.70248553489941, -4.8284994439909745)),
    ((-0.9129079444345437, 0.024286403525533608, -0.9347675102599659), (-16.624928273742764, -5.164017151520907)),
    ((-0.9794395638984645, 0.005147811899149786, -0.7848175416699498), (-16.7683451553875, -4.538432528959547)),
    ((-0.9144864841054038, 0.001080699833077025, -1.0099841848719109), (-16.49950999652587, -5.805808218132679)),
    ((-0.9636504794661003, 0.013863984451074975, -0.9322939961772546), (-16.545637314471627, -5.574276093999471)),
    ((-0.9006951533505939, 0.01638527422919541, -0.9203646385264728), (-16.66980070378526, -4.959134911945052)),
    ((-0.8817470633920383, 0.016645249273204873, -0.9002698853219887), (-16.73498096664059, -4.63712537805835)),
    ((-0.8643431264464285, 0.025574695807039586, -0.9264357310020683), (-16.71991507456261, -4.694832863912679)),
    ((-0.8954358424473626, -0.00915078515783882, -0.9179617346868185), (-16.682926248603593, -4.909930494692084)),
    ((-0.840851161483241, -0.01170470892353289, -0.9554624253603371), (-16.712405129167987, -4.766189623423179)),
    ((-0.8903813137834123, 0.02271611993933021, -0.8871832052634799), (-16.741954635217787, -4.589609982082347)),
    ((-0.9324503719966443, 0.0008352242213358896, -0.8980775565679666), (-16.654580969506434, -5.070531069207521)),
    ((-1.0258305591921173, 0.0015989382489568563, -0.9935044958309158), (-16.343066491847487, -6.541695963556876)),
    ((-0.9461680974260038, 0.02038700512524527, -0.9271373139834611), (-16.582686499439284, -5.380347970028419)),
    ((-0.934205671832925, 0.01866175314786235, -0.9077315006008928), (-16.63492233519557, -5.126509830284173)),
    ((-0.8865209882212783, 0.022910456134200542, -0.9307071506850233), (-16.675847622716578, -4.915744455110804)),
    ((-0.9520448738720281, 0.02411445404275299, -1.0045271666529307), (-16.445129558354243, -6.026618890404494)),
    ((-0.9370556570908319, 0.0066434420649842015, -0.9771445193993233), (-16.515769929259843, -5.733189597109945)),
    ((-0.9155570969898083, 0.0043840221606897545, -0.9978358765296995), (-16.51757245421983, -5.718206043338569)),
    ((-0.9123512491633419, 0.01484735523052299, -0.9126289419421095), (-16.663323354760127, -4.994386269751512)),
    ((-0.98749715646356, 0.009777968956900314, -0.9982798106110271), (-16.397772931035213, -6.284520289969071)),
    ((-0.850231707479268, 0.023993765382372443, -0.06221177620127816), (-18.303214622225564, -1.8471230090865778)),
    ((-0.9602168366503527, 0.010371205631292922, -0.9180065234582206), (-16.57519641314482, -5.436584963081654)),
    ((-0.9618892867542888, 0.01573115851142326, -0.9475546270079634), (-16.523159272134734, -5.6808857927872225)),
    ((-0.9257101310876409, 0.005855936718851887, -1.0001473795977691), (-16.496869888943273, -5.815227228985833)),
    ((-0.9291080251850447, -0.0026092103546425244, -1.0209160102843038), (-16.457335631339213, -5.9974400241493235)),
    ((-0.9464333640711475, 0.04334268898338691, -1.029126189387009), (-16.41211888255249, -6.120249027387636)),
    ((-1.0498648176560264, 0.022457600635246683, -0.9240151302671155), (-16.41789868060809, -6.099881087237268)),
    ((-1.013863896963623, 0.03921303996121132, -1.0405683199445859), (-16.28334732924762, -6.713874227619222)),
    ((-1.0629941645226477, 0.04575732587913381, -1.0460839607372274), (-16.193783336263955, -7.043167316158431)),
    ((-0.9818335720210618, 0.006836257869669182, -1.031984456138322), (-16.352133881542528, -6.481242767918365)),
    ((-0.9569397758401298, 0.05499148142045986, -1.0240722307079635), (-16.401095278600568, -6.153710953285003)),
    ((-0.9315809668511152, 0.005800777769393438, -1.026530773480132), (-16.44403388447987, -6.0476885916635545)),
    ((-1.0456768471105709, 0.0223383192274215, -0.9919513543695945), (-16.312551983615336, -6.613887984053216)),
    ((-0.9972949571315752, 0.042980828913265545, -1.0356330832838125), (-16.317939397680256, -6.5582296837823275)),
    ((-1.0356252580738066, 0.045736309228953845, -1.0352126118177911), (-16.255747854955093, -6.8155591117493515)),
    ((-1.0198820033316407, 0.026486714293312962, -1.0416702958913522), (-16.273066177369934, -6.782591682650346)),
    ((-1.0720650423455147, 0.053981156004267214, -1.0795031270131958), (-16.123938493413704, -7.25544092371906)),
    ((-1.0631581321103845, -0.014241875872344711, -1.0612419486615359), (-16.17186799701431, -7.182482174579536)),
    ((-1.0674909713206027, 0.029197260274140772, -1.0230028322255804), (-16.22594010468717, -6.945504911934588)),
    ((-1.0414380001575694, 0.024907564020881456, -0.9981692857279061), (-16.309048035774303, -6.629798511169149)),
    ((-0.9662156503289725, 0.0549392472816183, -1.009007916375041), (-16.410371107427274, -6.1233274506006286)),
    ((-0.9706839230637385, -0.014905524427058475, -1.0596250025043572), (-16.325348096208124, -6.5445410362424585)),
    ((-1.0553239063560174, 0.0350795718596862, -1.1034113854191845), (-16.115092556070195, -7.290681863326672)),
    ((-0.8916890515160623, 0.016135240219646324, -1.0152064631731543), (-16.528589230500963, -5.621892818253204)),
    ((-1.0562872655211906, 0.019822273077906086, -1.0393582175523237), (-16.2181609341893, -7.0071919886441005)),
    ((-1.0362131143244149, 0.05089142761359706, -1.0802463888069633), (-16.18121964784592, -7.0600863744685585)),
    ((-1.09931349676823, 0.027404739910916735, -1.0194249262835682), (-16.180702659946494, -7.0637315510233485)),
    ((-1.1162589626328772, -0.04103991559435821, -1.0544307834465405), (-16.095297224564337, -7.314950854780131)),
    ((-1.0569775347468848, 0.03009128123448148, -1.0237984045949358), (-16.241555983745172, -6.893005171903529)),
    ((-0.9702738151385737, -0.010635358177008745, -0.957345072696876), (-16.49338653421136, -5.8352626217903865)),
    ((-1.0236521107664984, 0.03374830274942752, -1.0199740375047026), (-16.301518987380984, -6.655389521724329)),
    ((-1.0882434655219928, -0.00041916781260784367, -1.148812235431739), (-15.991303296596792, -7.60566572493878)),
    ((-1.0457795346188323, 0.01187793494024697, -0.7779471240530951), (-16.671528114973754, -4.935664040425523)),
    ((-1.0197133011494592, -0.010305818396510461, -1.1040490109152494), (-16.173621028970985, -7.112591348095497)),
    ((-0.7214100981888096, -0.011910383949345911, -1.0332674621834237), (-16.789168154486113, -4.471108824324364)),
    ((-0.9576622367418403, 0.019454970503442928, 0.04979861107972411), (-18.150243713774632, -2.748084254915561)),
    ((-0.8696276766072186, -0.005556566818140041, -0.9330067045101963), (-16.701282105362527, -4.829281017688173)),
    ((-0.5270580769075262, 0.004687803684732969, -1.1090861561210308), (-17.01010431991749, -3.924035400650732)),
    ((-0.855070975821878, 0.020735718463740994, -0.9316919055419763), (-16.727216320073445, -4.671063794880063)),
    ((-0.889042340684059, 0.004878977828436312, -0.9930761346973244), (-16.5696382812409, -5.463315605664682)),
    ((-0.9783892579547271, 0.03989743140913415, -0.9583166760201424), (-16.475910767358968, -5.856106861397498)),
    ((-0.9068085090813515, -0.0035168748704262343, -0.930398238665325), (-16.643388233371574, -5.118296756256065)),
    ((-0.6256228279765106, -0.015578446548347502, -1.0579335099584024), (-16.916333038132592, -4.073864627773389)),
    ((-0.5975316983078823, -0.0016580008070722248, -1.1243763194804286), (-16.859736075395595, -4.236364557758087)),
    ((-0.9654457359816778, -0.0029021976678038526, -0.9257352964283949), (-16.553890731034883, -5.558033660543028)),
    ((-0.4332147577267901, 0.011342186608738916, -0.0699942289575548), (-19.028958606270457, 0.25125117057277385)),
    ((-1.0818552100272996, 0.0001639666264817291, -0.0062927520399272616), (-18.041782082922957, -3.686621057782148)),
    ((-1.0831094464718547, -0.02528988310392557, -1.0248377291269726), (-16.198097610425513, -7.039195582375701)),
    ((-1.0478056541758463, 0.019777990888871055, -0.6977439597938246), (-16.806116301277, -4.39932549033915)),
    ((-1.0904101444867573, -0.8985024544193113, -1.1130673926419166), (-15.050285418833507, -9.959322629901209)),
    ((-1.0916013801590165, -1.0337568776531711, -1.1173547441207652), (-14.778471384046696, -11.016051232717885)),
    ((-1.0871617617657825, -1.0289077938209708, -1.108311829702508), (-14.802847309894824, -10.941342798311057)),
    ((-1.1418939487019706, -1.0341163057399672, -1.1167028979426983), (-14.724021266928432, -11.14183034678617)),
    ((-1.0941556497682603, -1.0352355460567113, -1.0975831897585067), (-14.794071062522887, -10.974404637996518)),
    ((-1.1059662906360943, -1.0088012439755831, -1.0861917289469056), (-14.847025101065878, -10.792354324091704)),
    ((-1.0724222348328034, -1.0037392830554073, -1.117095389839368), (-14.859967920057722, -10.724510033204528)),
    ((-1.0914531274763961, -1.0264749321835032, -1.116114348440388), (-14.794667847336207, -10.964829003976133)),
    ((-1.0949676368376426, -1.031322505862061, -1.1183331582624139), (-14.778699207107096, -11.015869722963266)),
    ((-1.0834633055435257, -1.0259355275754074, -1.1159911338075272), (-14.80450797242332, -10.92740277033527)),
    ((-1.0943462046385743, -1.0316035656945242, -1.109101755048253), (-14.788800402236557, -10.99022627234369)),
    ((-1.0853385828340447, -1.016620050478589, -1.1193983278293502), (-14.817531315997636, -10.880827824182502)),
    ((-1.0907623087202096, -1.042440713695566, -1.1191510286932895), (-14.759864569990398, -11.071483645094524)),
    ((-1.0875598392208383, -1.0675191190023665, -1.1152045845011365), (-14.716390302933107, -11.190098021376535)),
    ((-1.1104491642733763, -1.077520874645277, -1.1293686488289674), (-14.656869350686259, -11.3518287881554)),
    ((-1.1038159721257466, -0.6661137580699844, -1.0600047217178086), (-15.512149453353539, -8.120657062818534)),
    ((-1.090264766618692, -1.0270417254314619, -1.1152596376216826), (-14.79573662991897, -10.961584315181858)),
    ((-1.0914465384385614, -1.0275409206087516, -1.0988065039038226), (-14.811284576918485, -10.918345028163532)),
    ((-1.1088064162032623, -1.0314841056960502, -1.1097678654774077), (-14.77271086237855, -11.041086572394796)),
    ((-1.1237282047355779, -1.0348852703706581, -1.1157163109989794), (-14.743293927527917, -11.117634859404754)),
    ((-1.0897663055102584, -1.0315990550743739, -1.1169401623808202), (-14.78525228144155, -10.993713718197803)),
    ((-1.0933731987562436, -1.0286535243969375, -1.1039952959797275), (-14.80134027340143, -10.951143247139514)),
    ((-1.0903379382119478, -1.052826671115751, -1.1173573138425943), (-14.741156509990546, -11.127026754761328)),
    ((-1.0957725502617643, -1.0292202022143278, -1.116234603228528), (-14.784343618125202, -10.999970428598512)),
    ((-1.09210963662909, -1.034062819380794, -1.1131181463205881), (-14.781890810818368, -11.00890570630645)),
    ((-1.089617780985508, -1.0179717118000502, -1.1157344685989659), (-14.814180315294205, -10.8990112878416)),
    ((-1.0773483409772682, -0.9683463330923467, -1.1017075118634212), (-14.942326891407127, -10.434685199160729)),
    ((-1.135193347097455, -1.0904458432416446, -1.1030961368858543), (-14.632092522523834, -11.39401237367827)),
    ((-1.1342323382808528, -1.0249654432715944, -1.116234626118781), (-14.751079338989149, -11.072396677087056)),
    ((-1.0906410557267283, -1.0319796123488163, -1.1177881040327013), (-14.78262356616208, -11.00183709718716)),
    ((-1.0927449523235937, -1.0086460414816647, -1.1184041474039033), (-14.826543772541473, -10.853034085367971)),
    ((-1.1191793518740307, -1.0940979332457803, -1.116655997599186), (-14.627273821795388, -11.41882472748238)),
    ((-1.0972585857941577, -1.0310556668556627, -1.1176543921745188), (-14.777503095134334, -11.021042666119728)),
    ((-1.0871813887988648, -1.0121123859579022, -1.1173145307867738), (-14.826861579066211, -10.852214330420837)),
    ((-1.089787810121493, -1.027584826625419, -1.0983804751740966), (-14.813445458785996, -10.910408071392348)),
    ((-1.0931930993247045, -1.044249602319492, -1.1217538093122743), (-14.750798296265096, -11.098102996359975)),
    ((-1.1359753197866418, -1.1635891479078273, -1.120333883713106), (-14.462956738372082, -11.573481947970693)),
    ((-1.1093160599304102, -1.0322276931809626, -1.117180231156942), (-14.762638986243896, -11.06768838137835)),
    ((-1.0977417802678446, -1.032408166333033, -1.1177792284179628), (-14.774122486446425, -11.031875739670248)),
    ((-1.0932871913858522, -1.0330465552023367, -1.1178444815950557), (-14.777561856751646, -11.019342471565917)),
    ((-1.1010218440695727, -1.027489655031619, -1.1090954783869558), (-14.789901686151097, -10.987695292910558)),
    ((-1.118988228351849, -1.055272180968737, -1.1100228936092607), (-14.713488169742721, -11.214012021447978)),
    ((-1.097057615402092, -1.0436431969059823, -1.1202469890788176), (-14.749514815668231, -11.10567971552834)),
    ((-1.133451540769056, -1.0546504160193764, -1.1137365618460633), (-14.6952719321716, -11.248692104310404)),
    ((-1.0807892772197343, -0.9971471787246232, -1.1167852339678443), (-14.864380087354807, -10.715202086065366)),
    ((-1.0836601884540815, -1.0616321716389212, -1.1138180336030414), (-14.734029319749734, -11.138660627804143)),
    ((-1.077263677243292, -0.9857029521060503, -1.1063913934362861), (-14.90263255106933, -10.583765305282212)),
    ((-1.124957626657119, -1.0592988940390065, -1.133872761100774), (-14.673485826464995, -11.301748410684228)),
    ((-1.0636725658653787, -1.0218349585212185, -1.1015506577408665), (-14.849808036821662, -10.760096522664139)),
    ((-1.1043378808853348, -1.0319279934770031, -1.1140192666704738), (-14.772045736749426, -11.041924969476685)),
    ((-1.0950336432026917, -1.0273865083687737, -1.096301660281658), (-14.810432382939053, -10.92212648635591)),
    ((-1.1169188809473063, -1.0852298503883797, -1.1186125412723047), (-14.645712968549828, -11.381928710352813)),
    ((-1.0910130250223582, -0.9383659623923128, -1.1099906774538213), (-14.976480081494362, -10.280495174164749)),
    ((-1.0934275990688251, -1.0324057145769516, -1.1206142728106687), (-14.775700872704299, -11.022335583102725)),
    ((-1.1013206690073403, -1.0010381812366038, -1.1123890582753968), (-14.838946041074658, -10.814192332731595)),
    ((-1.085659623882029, -1.0666408227826238, -1.1187089110780943), (-14.716467596786902, -11.186331834714416)),
    ((-1.090962971855248, -1.0004551900067216, -1.1151857562221756), (-14.848393140292078, -10.778827493048492)),
    ((-1.0787427316531089, -1.020329148142196, -1.0810914048214755), (-14.858811482307503, -10.743191252929957)),
    ((-1.0821381246470736, -1.021822324213141, -1.113674595912504), (-14.81676478829787, -10.887803430060082)),
    ((-1.117612089866138, -1.1269452050801612, -1.1021755633863313), (-14.576125460125258, -11.467034379820387)),
    ((-1.0899307436540109, -1.0289008542068547, -1.1098796835982447), (-14.798179910109107, -10.957467648032232)),
    ((-1.1011770531989793, -1.0345126407835878, -1.113806150804773), (-14.770479532649256, -11.04730512383697)),
    ((-1.0839717362044672, -1.005450494609556, -1.0667485337420688), (-14.898992857875527, -10.592998195114877)),
    ((-1.1032895896579473, -1.062778087491198, -1.1180422465869537), (-14.706434978208767, -11.231811838955752)),
    ((-1.0649215733547124, -0.9812098415838448, -1.1126315459563896), (-14.9182587370662, -10.506616910090292)),
    ((-1.0976718812263158, -1.0146338156857282, -1.1144114115908113), (-14.813569710483701, -10.90363328473752)),
    ((-1.0817852070966345, -1.0259513318959348, -1.1077094653969182), (-14.815278456957241, -10.89659912676926)),
    ((-1.1001229210720578, -1.0774758354264509, -1.1180094972836483), (-14.679831902410921, -11.29468315632379)),
    ((-1.137107415532679, -1.061365427681372, -1.1165659586195302), (-14.674821357312924, -11.298054889195193)),
    ((-1.0916538733323307, -1.0052217569025794, -1.1196725207587972), (-14.833179231962923, -10.8272717386922)),
    ((-1.0959624741846548, -1.0388636852760686, -1.1153040790242374), (-14.765682573625629, -11.05997381575694)),
    ((-1.0572815421308803, -0.9618738053501776, -1.0586429213053818), (-15.025687934336503, -10.085342407812615)),
    ((-1.1253283675280503, -1.0735674722806703, -1.1278466551848914), (-14.650771650727451, -11.366796828140247)),
    ((-1.0618566183022569, -0.9648742305948156, -1.0809911957730653), (-14.9896571239267, -10.246570439381916)),
    ((-1.1522055827990885, -1.1038265533591902, -1.1562329942742802), (-14.531471954630284, -11.541814672642408)),
    ((-1.1212605806110874, -0.9931883077675041, -1.0762677147325987), (-14.872281902744792, -10.675598281129044)),
    ((-1.1254883252123697, -1.035310463770831, -1.1101197852328013), (-14.746582132733712, -11.108413489377376)),
    ((-1.0914765096680394, -1.0586995634775387, -1.12309507968529), (-14.721859808045458, -11.177898270471777)),
    ((0.007220115797180515, -0.020173274124275054, -0.7341858720159868), (-18.59110591836803, -1.0831457619697606)),
    ((-1.0935299698072578, -0.990858159445479, -1.0766984044484031), (-14.907159136607305, -10.574616897448212)),
    ((0.03373192622412133, 0.025605359157514385, -0.925029845938148), (-18.22606305601137, -2.4975768541626833)),
    ((-0.0010658510549889644, 0.03392032408241674, -0.5856853568840343), (-18.825242610997165, -0.27483887136202023)),
    ((0.037975578834076706, 0.017507266798773152, -0.6217399170323898), (-18.747004745649093, -0.39376680356780525)),
    ((0.02308129146970911, -0.014052267352937853, -0.8248030471948782), (-18.42516895316416, -1.7213805347905273)),
    ((-0.7743870447556574, 0.0160642616121349, -0.9975669749824696), (-16.755996933126056, -4.577126826609363)),
    ((-0.08386114776391518, -0.04458994602686631, -0.021871324383364976), (-19.712996976385845, 0.264266661670368)),
    ((-0.5352262930055698, -0.04379751491491779, -0.037414317474465), (-18.86709187944015, -0.0037480260562613226)),
    ((-0.029243404435877585, 0.03749232816501419, -0.9852282679469748), (-18.115714284243236, -2.9655496330477114)),
    ((-0.42333094105216085, 0.029905879723310602, 0.04087739852822714), (-19.08546420480649, 0.26207537634627054)),
    ((-1.1235865802367355, -0.5410546324470602, -1.0933962152361425), (-15.627540066397634, -7.774472135836184)),
    ((-1.0616667662134165, -0.7566655416242039, -1.100294919403486), (-15.360961769682445, -8.682721444024901)),
    ((-1.0252902235472974, -0.012076932050600675, -1.1176848319203634), (-16.14263338962875, -7.186146045381847)),
    ((-1.0318205586152278, -0.7259529877036262, -1.1050674359807031), (-15.446319151799603, -8.314779889299285)),
    ((-1.1224242526403847, -0.002161067584783849, -1.1214230482847982), (-15.980146886714952, -7.674268152511541)),
    ((-1.046070713881834, -0.6395950780370059, -1.1028120947461622), (-15.574684803616226, -7.8975482683752745)),
    ((-1.0593931707271325, -0.7897901817705818, -1.050092943294329), (-15.366628416504332, -8.669528089898282)),
    ((-1.0817240981850245, -0.7525085044861589, -1.0021184343951333), (-15.46625727707511, -8.197262795071643)),
    ((-1.059430239985609, -0.8337117115082034, -1.0620617146484173), (-15.270126860222696, -9.073472905455187)),
    ((-1.0456813486546968, -0.804244568906127, -1.0984564538610513), (-15.297388011395565, -8.93122859750272)),
    ((-1.102430745334721, -0.5937290788513624, -1.1003295747503972), (-15.572214305136988, -7.944854349237975)),
    ((-1.0933448276309106, -0.9152466711163794, -1.0882195495469897), (-15.043602070281962, -10.022541824454407)),
),)
