fronts = ((
    ((-1.0019500570415993, -0.53785062583938792, -1.0653475154583611), (-15.842367010767594, -7.0121042101625157)),
    ((-0.95737237970374767, -0.5177251601524413, -1.0991762613117708), (-15.886551226236367, -6.7557652746408845)),
    ((-1.0568284355970345, -0.70693601361365233, -1.046406455522922), (-15.522690796537276, -8.0689588728474302)),
    ((-1.0573633269670608, -0.73392077783530008, -1.0899609366768568), (-15.419338701868256, -8.4657806367918091)),
    ((-1.0567478550815725, -0.57031096106978962, -1.1363795844951621), (-15.619639102782493, -7.7277639488921999)),
    ((-1.0507082872706248, -0.66702392556414991, -1.0753821298585076), (-15.560476417865196, -7.9573835298019828)),
    ((-1.0598986068975862, -0.55888697262584464, -1.0593156865303024), (-15.738959290936263, -7.4282992899803535)),
    ((-1.0518600819924029, -0.58069378157240448, -1.1159051009797425), (-15.639538579051539, -7.7021364578312763)),
    ((-1.0650826487626255, -0.64770732814464171, -1.0637895186298392), (-15.588440179006444, -7.8751133920350194)),
    ((-1.0558882857486558, -0.58193677766569352, -1.0554422232691449), (-15.715457392767416, -7.4744657027721022)),
    ((-1.0533197818876943, -0.53328049573150826, -1.0243385570255226), (-15.83446993550999, -7.0873859501919885)),
    ((-1.0624374654703046, -0.71865106602598972, -1.0860838790484337), (-15.44423157912951, -8.378296313352747)),
    ((-1.0482533308471136, -0.65166806753152906, -1.1045462847028578), (-15.550112200640017, -7.9785205988748249)),
    ((-1.0586472949924337, -0.68245123679560249, -1.0689011164621602), (-15.532878935848206, -8.0574767119494535)),
    ((-1.0568117599660369, -0.60536961391693578, -1.0550816246042591), (-15.678633259703771, -7.5779768654157706)),
    ((-1.0575727748984831, -0.62328260165262273, -1.1077403984485781), (-15.578302943587069, -7.8997117707453715)),
    ((-1.0584136017738706, -0.54378960460172987, -1.0383218013947459), (-15.79242313319258, -7.2423179554876409)),
    ((-1.0634844116821813, -0.74992333616427787, -1.0983962308970423), (-15.372924689550198, -8.6391679804966621)),
    ((-1.0536960747953326, -0.78549503140998178, -1.0887202401514411), (-15.333807361678804, -8.8004231499638941)),
    ((-1.0591714462800719, -0.53466054879982727, -1.0620469872343805), (-15.771144226045731, -7.3538106724925711)),
    ((-1.0642266065284587, -0.43959028594270833, -0.96699262985796541), (-16.02909912292421, -6.4809796748024233)),
    ((-1.05478029127554, -0.51260903680753023, -1.0559552792417672), (-15.816879664902164, -7.2261310612166492)),
    ((-1.0586653849638237, -0.49478081165223686, -0.96461976808965844), (-15.966594100250335, -6.5607731283963293)),
    ((-1.0502710155741544, -0.59130081305295734, -1.0555985061257167), (-15.708647719915236, -7.4821746723187683)),
    ((-1.0526755047395633, -0.60986708237461329, -1.0848464184187057), (-15.636787800895537, -7.7242322005211825)),
    ((-1.0629587539613286, -0.58115603090061019, -1.0441061109048084), (-15.7225085726276, -7.4436579783821282)),
    ((-1.0733209291133554, -0.72067869652454719, -1.0511700463856333), (-15.4715373645331, -8.269870069571386)),
    ((-1.0629312981722281, -0.46338074667177209, -0.94256321207167137), (-16.03552578742533, -6.3287933516098454)),
    ((-1.0550644281554666, -0.48762541543031457, -0.97853488722818949), (-15.961761611296948, -6.6301406416297546)),
    ((-1.1053645470823952, -0.0097888479428201135, -0.13434636683241644), (-17.750704356189903, -3.5825192086282005)),
    ((-1.096847122963245, -0.04147097851345502, -0.066005216713365067), (-17.87429628190207, -3.576050506530454)),
    ((-1.1320715396924856, -0.01023623663885152, -0.3527485031687273), (-17.292340378995974, -3.6190681370073601)),
    ((-1.1412470541707591, -0.024875245412183111, -0.41516283762797662), (-17.1606671255198, -3.6812440887640232)),
    ((-1.146617550545217, 0.020814096816046686, -0.45462312369475721), (-17.080408120057417, -3.7659844959486324)),
    ((-1.1285907304411666, 0.0010332736604337228, -0.38802969397837583), (-17.2327163419965, -3.672992990723134)),
    ((-1.1138947373679535, -0.040319402310502343, -0.56639781487723151), (-16.92820072342887, -4.0137335873795399)),
    ((-1.1340846631197476, 0.0083411060385165381, -0.4002327676264662), (-17.201191248594952, -3.6805991707258472)),
    ((-1.1066689913371501, 0.013195161166925963, -0.59901352030950761), (-16.885061631757285, -4.1713419702419596)),
    ((-1.1472530630526168, -0.0013908919014972015, -0.46483415375132908), (-17.061934402825944, -3.8289593805492936)),
    ((-1.1418556817929901, 0.014433700310660151, -0.51355074995332073), (-16.98166218547474, -3.9259004683598624)),
    ((-1.1241660101386763, 0.030744713710557953, -0.4453342163492563), (-17.13172792464064, -3.7012505278971886)),
    ((-1.1191068711934788, -0.041992479246491611, -0.63910740157076174), (-16.79099964201069, -4.347078149127058)),
    ((-1.1263774857098781, -0.054764816949261844, -0.62901589025688387), (-16.794526896009906, -4.2943480673808097)),
    ((-1.1446015790681139, 0.0077331416034354949, -0.58331637365778954), (-16.852634223282344, -4.1889395289359133)),
    ((-1.0736043029466409, 0.0024536932208533702, -0.58181047526674945), (-16.969180805453952, -3.9881588995823387)),
    ((-1.1224200316339232, 0.0077560456819049522, -0.5320188589749244), (-16.979754664325583, -3.9679055218858217)),
    ((-1.1572494544346932, -0.00045706691362427943, -0.58097868492157578), (-16.836833452817977, -4.1994385461018231)),
    ((-1.0830406430094395, 0.056617113653372964, -0.60957924883589931), (-16.89765808266018, -4.0586034060634812)),
    ((-1.1267107680099919, 0.051110702107596634, -0.71927711197874111), (-16.637569679141983, -4.8070046364957388)),
    ((-1.0460353850157749, -0.031661412631680555, -0.7303072149603993), (-16.751355732789726, -4.5739657730238994)),
    ((-1.1308558603622689, -0.037710057872767391, -0.64737542411169025), (-16.75844979977679, -4.4192556667372358)),
    ((-1.0471143589391152, -0.0039843582494514251, -0.75329331178046188), (-16.711903968829613, -4.7859796514383)),
    ((-1.1218944064822014, -0.19762168197711447, -0.8777952110981857), (-16.31566221358174, -5.8348610334494326)),
    ((-1.0948251362466528, 0.039086671939066016, -0.81279796257708581), (-16.530435349583172, -5.3941263047946464)),
    ((-1.1145768802679707, -0.25857704719876756, -0.90878945051740334), (-16.232689580918038, -6.0544077060373045)),
    ((-1.0642247837780399, -0.010205264796566638, -0.86155662031776536), (-16.49980447367963, -5.6895899020093896)),
    ((-1.1000093464698968, -0.36039404597109115, -0.94141768635385625), (-16.10750732334627, -6.3211357237861829)),
    ((-1.0172166995861849, -0.098643423221980164, -0.89572970064171176), (-16.502171033903075, -5.5539690362032434)),
    ((-1.037842609591703, -1.0005405796595406, -0.97932117563296106), (-15.05297889285681, -9.7291275818493137)),
    ((-1.0841930897902692, -0.8841209041842657, -1.025115716817967), (-15.18751176953688, -9.3792132282488652)),
    ((-1.0855374669255056, -0.67210521129308864, -1.0108288378305852), (-15.590912083164422, -7.7733086646958913)),
    ((-1.0859860703739743, -1.0315780842556033, -1.0236271297270996), (-14.889143953456383, -10.522025697155691)),
    ((-1.0278024854697287, -0.93384157493224795, -0.95129492370594715), (-15.234682055203573, -8.9220790043952061)),
    ((-0.9484509682157225, -0.9796744259232788, -1.0753459605696096), (-15.088722172120427, -9.5379266283785213)),
    ((-1.1026342537020808, -0.88560904866834655, -0.97109439732216141), (-15.22485534560947, -9.0680805661016457)),
    ((-1.0977242933421141, -1.0875188504421289, -1.0975377762894141), (-14.683172409797066, -11.267845183702363)),
    ((-1.0643765226557096, -1.0120992931552075, -0.98367619604627776), (-14.99529150738126, -9.9990311143627384)),
    ((-1.1013390065985491, -0.93999995014940563, -0.95698066961537476), (-15.132613563089752, -9.3991066903898517)),
    ((-0.99949000403956578, -1.1256428032429904, -1.0800469464877989), (-14.720100675924524, -10.748909208704177)),
    ((-0.57241271396672866, -0.076101732486157897, 0.00012965509563981487), (-18.7582446739737, -0.16634622487502912)),
    ((-0.63321760172454966, -0.038242630175399653, 0.057818832872392617), (-18.67075712969251, -0.38568776434139601)),
    ((-0.31516409485477681, -0.054938483647440819, 0.020566647813800271), (-19.26356808630024, 0.38262726163379562)),
    ((-0.79130446340353378, 0.011880113394265878, 0.039543008090465889), (-18.45388013377267, -1.4434660763995404)),
    ((-0.68351458624137851, -0.055126442939464455, -0.0075894391166406311), (-18.607746478104758, -0.71437747533188178)),
    ((-0.73054940536071511, -0.033974439958733837, -0.080081815137388435), (-18.466786758688475, -0.92582338794131047)),
    ((-0.54431150773004766, -0.092505014373981481, 0.015994623216337055), (-18.76854719564784, -0.0065681230720491595)),
    ((-0.20020837848080569, -0.11091489890656478, 0.073987165999568977), (-19.289430331565953, 0.52798212621238483)),
    ((-0.89086748020793327, -0.0063033607909780409, -0.019002160412930125), (-18.32797433240809, -2.2768962904491188)),
    ((-0.50483904500924393, -0.063891672860467888, 0.032836422604389036), (-18.889699446737787, 0.11189425543841598)),
    ((-0.025960728860192517, 0.032644299076327349, -0.44380434482796266), (-19.065379376944655, 0.20428299531670174)),
    ((-0.94005566790397066, -0.014326680737314045, -0.92579406890647686), (-16.595412728321314, -5.3307558947783802)),
    ((-0.98169269332904463, -0.15375887269938499, -0.02766582370072973), (-17.890068842786643, -2.8082956285513965)),
    ((-0.46875891566680578, 0.0072323130716670514, 0.051565112237090524), (-19.00138650273825, 0.14472371100149284)),
),)
