fronts = ((
    ((-1.2740642191766192, -1.0505425271691309, -1.097052161373084), (-14.567510983838226, -10.490206161665055)),
    ((-1.1304947841205026, -0.7760105485750408, -0.7779809455001518), (-15.628536272566697, -6.743594429222842)),
    ((-0.48185788779549066, -0.5734745889666066, -0.28115740582411414), (-17.40957590718812, -0.04585515346390916)),
    ((0.3554754648531637, -0.17318466694053414, -0.23590394249065325), (-18.671126804103565, 1.130914560942889)),
    ((-0.9132765848858877, -0.4052925173674062, -1.0027244776854531), (-16.243549918911974, -5.595183311353045)),
    ((-0.23311643427819917, -0.3666070658529468, -0.03128920380144473), (-18.458329321522115, 0.5128241729621873)),
    ((-0.7924783379277254, -0.5695405170122514, -0.9358583738706998), (-16.259200930705525, -4.544057447149452)),
    ((-1.2262618770491138, -0.9780064531201367, -1.223011275435716), (-14.618456420550487, -10.338457571809162)),
    ((-0.6051050765198447, -0.1889076573674746, -0.7800593077384056), (-17.326257282572904, -1.6651681503631552)),
    ((0.006110522409955965, -0.6970733798648208, -0.016247765131650355), (-17.3969688412083, -0.8581829821012277)),
    ((-1.0701085974704139, -0.45558790796327187, -0.06757008355302568), (-17.044629775643017, -3.473692120821218)),
    ((-1.3381338716586437, -0.15389863939584258, 0.15621441990623786), (-17.20934590158032, -1.6783379157560858)),
    ((-0.5990783597730083, -0.842058798283271, -1.115517120412457), (-15.694147065077395, -6.168069049466808)),
    ((-0.5977236225330844, 0.18605304673938328, 0.06428227911203299), (-18.437144429429495, 0.008130160086136396)),
),)
