fronts = ((
    ((4, -4, 4), (-6.451814594072729, 13.694429590046344)),
    ((4, -4, 4), (-6.451814594072729, 13.694429590046344)),
    ((-4, -4, 4), (-6.451814594072729, 4.494169208078436)),
    ((4, 4, -4), (-6.451814594072729, 13.694429590046344)),
    ((4, -4, -4), (-6.451814594072729, 4.494169208078437)),
    ((-4, 4, 4), (-6.451814594072729, 13.694429590046344)),
    ((4, -4, 4), (-6.451814594072729, 13.694429590046344)),
    ((-4, -4, 4), (-6.451814594072729, 4.494169208078436)),
    ((-4, -4, 4), (-6.451814594072729, 4.494169208078436)),
    ((4, 4, -4), (-6.451814594072729, 13.694429590046344)),
    ((4, 4, 4), (-6.451814594072729, 22.894689972014252)),
    ((4, 4, -4), (-6.451814594072729, 13.694429590046344)),
    ((-4, -4, 4), (-6.451814594072729, 4.494169208078436)),
    ((-4, -4, 4), (-6.451814594072729, 4.494169208078436)),
    ((-4, -4, 4), (-6.451814594072729, 4.494169208078436)),
    ((-4, 4, -4), (-6.451814594072729, 4.494169208078437)),
    ((4, -4, -4), (-6.451814594072729, 4.494169208078437)),
    ((-4, -4, 4), (-6.451814594072729, 4.494169208078436)),
    ((-4, -4, 4), (-6.451814594072729, 4.494169208078436)),
    ((-4, -4, -4), (-6.451814594072729, -4.706091173889471)),
    ((-4, -4, -4), (-6.451814594072729, -4.706091173889471)),
    ((4, -4, -4), (-6.451814594072729, 4.494169208078437)),
    ((4, -4, -4), (-6.451814594072729, 4.494169208078437)),
    ((-4, -4, 4), (-6.451814594072729, 4.494169208078436)),
    ((4, 4, -4), (-6.451814594072729, 13.694429590046344)),
    ((-4, -4, 4), (-6.451814594072729, 4.494169208078436)),
    ((4, 4, 4), (-6.451814594072729, 22.894689972014252)),
    ((-4, 4, -4), (-6.451814594072729, 4.494169208078437)),
    ((-4, 4, -4), (-6.451814594072729, 4.494169208078437)),
    ((4, 4, -4), (-6.451814594072729, 13.694429590046344)),
    ((-4, 4, -4), (-6.451814594072729, 4.494169208078437)),
    ((4, 4, -4), (-6.451814594072729, 13.694429590046344)),
    ((4, -4, -4), (-6.451814594072729, 4.494169208078437)),
    ((-4, 4, -4), (-6.451814594072729, 4.494169208078437)),
    ((4, 4, -4), (-6.451814594072729, 13.694429590046344)),
    ((4, 4, -4), (-6.451814594072729, 13.694429590046344)),
    ((-4, -4, -4), (-6.451814594072729, -4.706091173889471)),
    ((4, -4, -4), (-6.451814594072729, 4.494169208078437)),
    ((4, 4, -4), (-6.451814594072729, 13.694429590046344)),
    ((4, 4, -4), (-6.451814594072729, 13.694429590046344)),
    ((4, 4, -4), (-6.451814594072729, 13.694429590046344)),
    ((4, -4, 4), (-6.451814594072729, 13.694429590046344)),
    ((4, 4, -4), (-6.451814594072729, 13.694429590046344)),
    ((4, 4, -4), (-6.451814594072729, 13.694429590046344)),
    ((4, 4, 4), (-6.451814594072729, 22.894689972014252)),
    ((4, 4, 4), (-6.451814594072729, 22.894689972014252)),
    ((-4, 4, 4), (-6.451814594072729, 13.694429590046344)),
    ((-4, -4, -4), (-6.451814594072729, -4.706091173889471)),
    ((-4, 4, 4), (-6.451814594072729, 13.694429590046344)),
    ((4, 4, -4), (-6.451814594072729, 13.694429590046344)),
    ((-4, -4, 4), (-6.451814594072729, 4.494169208078436)),
    ((4, 4, -4), (-6.451814594072729, 13.694429590046344)),
    ((-4, -4, -4), (-6.451814594072729, -4.706091173889471)),
    ((4, -4, 4), (-6.451814594072729, 13.694429590046344)),
    ((4, -4, 4), (-6.451814594072729, 13.694429590046344)),
    ((-4, -4, 4), (-6.451814594072729, 4.494169208078436)),
    ((4, 4, -4), (-6.451814594072729, 13.694429590046344)),
    ((4, -4, -4), (-6.451814594072729, 4.494169208078437)),
    ((-4, 4, 4), (-6.451814594072729, 13.694429590046344)),
    ((4, -4, 4), (-6.451814594072729, 13.694429590046344)),
    ((-4, -4, 4), (-6.451814594072729, 4.494169208078436)),
    ((-4, -4, 4), (-6.451814594072729, 4.494169208078436)),
    ((4, 4, 4), (-6.451814594072729, 22.894689972014252)),
    ((-4, 4, 4), (-6.451814594072729, 13.694429590046344)),
    ((4, 4, -4), (-6.451814594072729, 13.694429590046344)),
    ((-4, -4, 4), (-6.451814594072729, 4.494169208078436)),
    ((-4, -4, 4), (-6.451814594072729, 4.494169208078436)),
    ((-4, 4, -4), (-6.451814594072729, 4.494169208078437)),
    ((4, -4, -4), (-6.451814594072729, 4.494169208078437)),
    ((-4, -4, 4), (-6.451814594072729, 4.494169208078436)),
    ((-4, -4, 4), (-6.451814594072729, 4.494169208078436)),
    ((4, -4, -4), (-6.451814594072729, 4.494169208078437)),
    ((4, 4, -4), (-6.451814594072729, 13.694429590046344)),
    ((-4, -4, -4), (-6.451814594072729, -4.706091173889471)),
    ((-4, -4, -4), (-6.451814594072729, -4.706091173889471)),
    ((4, -4, -4), (-6.451814594072729, 4.494169208078437)),
    ((4, -4, -4), (-6.451814594072729, 4.494169208078437)),
    ((-4, -4, 4), (-6.451814594072729, 4.494169208078436)),
    ((4, 4, -4), (-6.451814594072729, 13.694429590046344)),
    ((-4, -4, 4), (-6.451814594072729, 4.494169208078436)),
    ((4, 4, 4), (-6.451814594072729, 22.894689972014252)),
    ((-4, 4, -4), (-6.451814594072729, 4.494169208078437)),
    ((-4, 4, -4), (-6.451814594072729, 4.494169208078437)),
    ((-4, 4, -4), (-6.451814594072729, 4.494169208078437)),
    ((4, 4, -4), (-6.451814594072729, 13.694429590046344)),
    ((4, 4, 4), (-6.451814594072729, 22.894689972014252)),
    ((-4, 4, -4), (-6.451814594072729, 4.494169208078437)),
    ((4, 4, -4), (-6.451814594072729, 13.694429590046344)),
    ((-4, 4, 4), (-6.451814594072729, 13.694429590046344)),
    ((4, -4, -4), (-6.451814594072729, 4.494169208078437)),
    ((-4, 4, -4), (-6.451814594072729, 4.494169208078437)),
    ((4, 4, -4), (-6.451814594072729, 13.694429590046344)),
    ((4, 4, -4), (-6.451814594072729, 13.694429590046344)),
    ((-4, 4, 4), (-6.451814594072729, 13.694429590046344)),
    ((-4, -4, -4), (-6.451814594072729, -4.706091173889471)),
    ((4, -4, -4), (-6.451814594072729, 4.494169208078437)),
    ((4, 4, -4), (-6.451814594072729, 13.694429590046344)),
    ((4, 4, -4), (-6.451814594072729, 13.694429590046344)),
    ((4, 4, -4), (-6.451814594072729, 13.694429590046344)),
    ((4, 4, -4), (-6.451814594072729, 13.694429590046344)),
    ((4, 4, -4), (-6.451814594072729, 13.694429590046344)),
    ((4, 4, -4), (-6.451814594072729, 13.694429590046344)),
    ((4, 4, -4), (-6.451814594072729, 13.694429590046344)),
    ((4, 4, -4), (-6.451814594072729, 13.694429590046344)),
    ((4, 4, 4), (-6.451814594072729, 22.894689972014252)),
    ((4, 4, 4), (-6.451814594072729, 22.894689972014252)),
    ((-4, 4, 4), (-6.451814594072729, 13.694429590046344)),
    ((-4, -4, -4), (-6.451814594072729, -4.706091173889471)),
    ((-4, 4, 4), (-6.451814594072729, 13.694429590046344)),
    ((4, 4, -4), (-6.451814594072729, 13.694429590046344)),
    ((-4, -4, 4), (-6.451814594072729, 4.494169208078436)),
    ((4, 4, -4), (-6.451814594072729, 13.694429590046344)),
    ((-4, -4, -4), (-6.451814594072729, -4.706091173889471)),
    ((4, -4, 4), (-6.451814594072729, 13.694429590046344)),
    ((4, -4, 4), (-6.451814594072729, 13.694429590046344)),
    ((4, -4, 4), (-6.451814594072729, 13.694429590046344)),
    ((-4, -4, 4), (-6.451814594072729, 4.494169208078436)),
    ((4, 4, -4), (-6.451814594072729, 13.694429590046344)),
    ((4, -4, -4), (-6.451814594072729, 4.494169208078437)),
    ((-4, 4, 4), (-6.451814594072729, 13.694429590046344)),
    ((4, -4, 4), (-6.451814594072729, 13.694429590046344)),
    ((-4, -4, 4), (-6.451814594072729, 4.494169208078436)),
    ((-4, -4, 4), (-6.451814594072729, 4.494169208078436)),
    ((4, 4, 4), (-6.451814594072729, 22.894689972014252)),
    ((-4, 4, 4), (-6.451814594072729, 13.694429590046344)),
    ((4, 4, -4), (-6.451814594072729, 13.694429590046344)),
    ((-4, -4, 4), (-6.451814594072729, 4.494169208078436)),
    ((-4, -4, 4), (-6.451814594072729, 4.494169208078436)),
    ((-4, 4, -4), (-6.451814594072729, 4.494169208078437)),
    ((-4, -4, 4), (-6.451814594072729, 4.494169208078436)),
    ((-4, -4, 4), (-6.451814594072729, 4.494169208078436)),
    ((-4, -4, 4), (-6.451814594072729, 4.494169208078436)),
    ((-4, -4, 4), (-6.451814594072729, 4.494169208078436)),
    ((-4, -4, -4), (-6.451814594072729, -4.706091173889471)),
    ((-4, -4, -4), (-6.451814594072729, -4.706091173889471)),
    ((4, -4, -4), (-6.451814594072729, 4.494169208078437)),
    ((4, 4, -4), (-6.451814594072729, 13.694429590046344)),
    ((4, -4, -4), (-6.451814594072729, 4.494169208078437)),
    ((-4, -4, 4), (-6.451814594072729, 4.494169208078436)),
    ((4, 4, -4), (-6.451814594072729, 13.694429590046344)),
    ((-4, -4, 4), (-6.451814594072729, 4.494169208078436)),
    ((4, 4, 4), (-6.451814594072729, 22.894689972014252)),
    ((-4, 4, -4), (-6.451814594072729, 4.494169208078437)),
    ((-4, 4, -4), (-6.451814594072729, 4.494169208078437)),
    ((-4, 4, -4), (-6.451814594072729, 4.494169208078437)),
    ((4, 4, -4), (-6.451814594072729, 13.694429590046344)),
    ((4, -4, -4), (-6.451814594072729, 4.494169208078437)),
    ((-4, 4, -4), (-6.451814594072729, 4.494169208078437)),
    ((4, 4, -4), (-6.451814594072729, 13.694429590046344)),
    ((4, 4, -4), (-6.451814594072729, 13.694429590046344)),
    ((-4, -4, -4), (-6.451814594072729, -4.706091173889471)),
    ((4, -4, -4), (-6.451814594072729, 4.494169208078437)),
    ((4, 4, -4), (-6.451814594072729, 13.694429590046344)),
    ((4, 4, -4), (-6.451814594072729, 13.694429590046344)),
    ((4, -4, 4), (-6.451814594072729, 13.694429590046344)),
    ((4, 4, -4), (-6.451814594072729, 13.694429590046344)),
    ((-4, 4, -4), (-6.451814594072729, 4.494169208078437)),
    ((4, 4, -4), (-6.451814594072729, 13.694429590046344)),
    ((4, 4, -4), (-6.451814594072729, 13.694429590046344)),
    ((4, 4, -4), (-6.451814594072729, 13.694429590046344)),
    ((4, 4, 4), (-6.451814594072729, 22.894689972014252)),
    ((4, 4, 4), (-6.451814594072729, 22.894689972014252)),
    ((-4, 4, 4), (-6.451814594072729, 13.694429590046344)),
    ((-4, 4, 4), (-6.451814594072729, 13.694429590046344)),
    ((4, 4, -4), (-6.451814594072729, 13.694429590046344)),
    ((4, 4, -4), (-6.451814594072729, 13.694429590046344)),
    ((-4, -4, 4), (-6.451814594072729, 4.494169208078436)),
    ((4, 4, -4), (-6.451814594072729, 13.694429590046344)),
    ((-4, -4, -4), (-6.451814594072729, -4.706091173889471)),
    ((4, -4, 4), (-6.451814594072729, 13.694429590046344)),
    ((4, -4, 4), (-6.451814594072729, 13.694429590046344)),
    ((4, -4, 4), (-6.451814594072729, 13.694429590046344)),
    ((4, -4, 4), (-6.451814594072729, 13.694429590046344)),
    ((-4, -4, 4), (-6.451814594072729, 4.494169208078436)),
    ((4, 4, -4), (-6.451814594072729, 13.694429590046344)),
    ((4, -4, -4), (-6.451814594072729, 4.494169208078437)),
    ((-4, 4, 4), (-6.451814594072729, 13.694429590046344)),
    ((4, -4, 4), (-6.451814594072729, 13.694429590046344)),
    ((-4, -4, 4), (-6.451814594072729, 4.494169208078436)),
    ((-4, -4, 4), (-6.451814594072729, 4.494169208078436)),
    ((4, 4, -4), (-6.451814594072729, 13.694429590046344)),
    ((4, 4, 4), (-6.451814594072729, 22.894689972014252)),
    ((-4, 4, 4), (-6.451814594072729, 13.694429590046344)),
    ((-4, -4, 4), (-6.451814594072729, 4.494169208078436)),
    ((-4, -4, 4), (-6.451814594072729, 4.494169208078436)),
    ((-4, 4, -4), (-6.451814594072729, 4.494169208078437)),
    ((-4, -4, 4), (-6.451814594072729, 4.494169208078436)),
    ((-4, -4, 4), (-6.451814594072729, 4.494169208078436)),
    ((-4, -4, 4), (-6.451814594072729, 4.494169208078436)),
    ((-4, -4, -4), (-6.451814594072729, -4.706091173889471)),
    ((-4, -4, -4), (-6.451814594072729, -4.706091173889471)),
    ((4, -4, -4), (-6.451814594072729, 4.494169208078437)),
    ((4, 4, -4), (-6.451814594072729, 13.694429590046344)),
    ((-4, -4, 4), (-6.451814594072729, 4.494169208078436)),
    ((-4, -4, 4), (-6.451814594072729, 4.494169208078436)),
    ((4, 4, -4), (-6.451814594072729, 13.694429590046344)),
    ((-4, -4, 4), (-6.451814594072729, 4.494169208078436)),
    ((4, 4, 4), (-6.451814594072729, 22.894689972014252)),
    ((-4, 4, -4), (-6.451814594072729, 4.494169208078437)),
    ((-4, 4, -4), (-6.451814594072729, 4.494169208078437)),
    ((-4, 4, -4), (-6.451814594072729, 4.494169208078437)),
    ((-4, 4, -4), (-6.451814594072729, 4.494169208078437)),
    ((4, 4, -4), (-6.451814594072729, 13.694429590046344)),
    ((-4, -4, 4), (-6.451814594072729, 4.494169208078436)),
    ((-4, 4, 4), (-6.451814594072729, 13.694429590046344)),
    ((4, -4, -4), (-6.451814594072729, 4.494169208078437)),
    ((-4, 4, -4), (-6.451814594072729, 4.494169208078437)),
    ((4, 4, -4), (-6.451814594072729, 13.694429590046344)),
    ((4, 4, -4), (-6.451814594072729, 13.694429590046344)),
    ((-4, -4, 4), (-6.451814594072729, 4.494169208078436)),
    ((-4, -4, -4), (-6.451814594072729, -4.706091173889471)),
    ((4, -4, -4), (-6.451814594072729, 4.494169208078437)),
    ((4, 4, -4), (-6.451814594072729, 13.694429590046344)),
    ((4, 4, -4), (-6.451814594072729, 13.694429590046344)),
    ((4, 4, -4), (-6.451814594072729, 13.694429590046344)),
    ((4, -4, 4), (-6.451814594072729, 13.694429590046344)),
    ((4, 4, -4), (-6.451814594072729, 13.694429590046344)),
    ((-4, 4, -4), (-6.451814594072729, 4.494169208078437)),
    ((4, 4, -4), (-6.451814594072729, 13.694429590046344)),
    ((4, 4, -4), (-6.451814594072729, 13.694429590046344)),
    ((4, 4, -4), (-6.451814594072729, 13.694429590046344)),
    ((4, 4, 4), (-6.451814594072729, 22.894689972014252)),
    ((4, 4, 4), (-6.451814594072729, 22.894689972014252)),
    ((-4, 4, 4), (-6.451814594072729, 13.694429590046344)),
    ((4, 4, -4), (-6.451814594072729, 13.694429590046344)),
    ((4, 4, -4), (-6.451814594072729, 13.694429590046344)),
    ((4, 4, -4), (-6.451814594072729, 13.694429590046344)),
    ((-4, -4, -4), (-6.451814594072729, -4.706091173889471)),
    ((4, -4, 4), (-6.451814594072729, 13.694429590046344)),
    ((4, 4, -4), (-6.451814594072729, 13.694429590046344)),
    ((4, -4, 4), (-6.451814594072729, 13.694429590046344)),
    ((4, -4, 4), (-6.451814594072729, 13.694429590046344)),
    ((4, -4, 4), (-6.451814594072729, 13.694429590046344)),
    ((-4, -4, 4), (-6.451814594072729, 4.494169208078436)),
    ((4, 4, -4), (-6.451814594072729, 13.694429590046344)),
    ((4, -4, -4), (-6.451814594072729, 4.494169208078437)),
    ((-4, 4, 4), (-6.451814594072729, 13.694429590046344)),
    ((4, -4, 4), (-6.451814594072729, 13.694429590046344)),
    ((-4, -4, 4), (-6.451814594072729, 4.494169208078436)),
    ((-4, -4, 4), (-6.451814594072729, 4.494169208078436)),
    ((4, 4, -4), (-6.451814594072729, 13.694429590046344)),
    ((4, 4, 4), (-6.451814594072729, 22.894689972014252)),
    ((-4, 4, 4), (-6.451814594072729, 13.694429590046344)),
    ((-4, -4, 4), (-6.451814594072729, 4.494169208078436)),
    ((-4, -4, 4), (-6.451814594072729, 4.494169208078436)),
    ((-4, 4, -4), (-6.451814594072729, 4.494169208078437)),
    ((-4, -4, 4), (-6.451814594072729, 4.494169208078436)),
    ((-4, -4, 4), (-6.451814594072729, 4.494169208078436)),
    ((-4, -4, 4), (-6.451814594072729, 4.494169208078436)),
    ((-4, -4, -4), (-6.451814594072729, -4.706091173889471)),
    ((-4, -4, -4), (-6.451814594072729, -4.706091173889471)),
    ((4, -4, -4), (-6.451814594072729, 4.494169208078437)),
    ((4, 4, -4), (-6.451814594072729, 13.694429590046344)),
    ((-4, -4, 4), (-6.451814594072729, 4.494169208078436)),
    ((-4, -4, 4), (-6.451814594072729, 4.494169208078436)),
    ((4, 4, -4), (-6.451814594072729, 13.694429590046344)),
    ((-4, -4, 4), (-6.451814594072729, 4.494169208078436)),
    ((4, 4, 4), (-6.451814594072729, 22.894689972014252)),
    ((-4, 4, -4), (-6.451814594072729, 4.494169208078437)),
    ((-4, 4, -4), (-6.451814594072729, 4.494169208078437)),
    ((4, -4, 4), (-6.451814594072729, 13.694429590046344)),
    ((4, 4, 4), (-6.451814594072729, 22.894689972014252)),
    ((-4, 4, -4), (-6.451814594072729, 4.494169208078437)),
    ((4, 4, -4), (-6.451814594072729, 13.694429590046344)),
    ((-4, -4, 4), (-6.451814594072729, 4.494169208078436)),
    ((-4, 4, -4), (-6.451814594072729, 4.494169208078437)),
    ((4, 4, -4), (-6.451814594072729, 13.694429590046344)),
    ((4, 4, -4), (-6.451814594072729, 13.694429590046344)),
    ((-4, -4, 4), (-6.451814594072729, 4.494169208078436)),
    ((-4, -4, -4), (-6.451814594072729, -4.706091173889471)),
    ((4, -4, -4), (-6.451814594072729, 4.494169208078437)),
    ((4, 4, -4), (-6.451814594072729, 13.694429590046344)),
    ((4, 4, -4), (-6.451814594072729, 13.694429590046344)),
    ((4, -4, 4), (-6.451814594072729, 13.694429590046344)),
    ((4, 4, -4), (-6.451814594072729, 13.694429590046344)),
    ((-4, 4, -4), (-6.451814594072729, 4.494169208078437)),
    ((4, 4, -4), (-6.451814594072729, 13.694429590046344)),
    ((4, 4, -4), (-6.451814594072729, 13.694429590046344)),
    ((4, -4, -4), (-6.451814594072729, 4.494169208078437)),
    ((-4, 4, 4), (-6.451814594072729, 13.694429590046344)),
    ((4, 4, 4), (-6.451814594072729, 22.894689972014252)),
    ((4, 4, 4), (-6.451814594072729, 22.894689972014252)),
    ((-4, 4, 4), (-6.451814594072729, 13.694429590046344)),
    ((4, 4, -4), (-6.451814594072729, 13.694429590046344)),
    ((4, 4, -4), (-6.451814594072729, 13.694429590046344)),
    ((4, 4, -4), (-6.451814594072729, 13.694429590046344)),
    ((4, -4, 4), (-6.451814594072729, 13.694429590046344)),
    ((4, -4, 4), (-6.451814594072729, 13.694429590046344)),
    ((-4, -4, -4), (-6.451814594072729, -4.706091173889471)),
    ((4, -4, 4), (-6.451814594072729, 13.694429590046344)),
    ((-4, -4, 4), (-6.451814594072729, 4.494169208078436)),
    ((4, 4, -4), (-6.451814594072729, 13.694429590046344)),
    ((4, -4, -4), (-6.451814594072729, 4.494169208078437)),
    ((-4, -4, 4), (-6.451814594072729, 4.494169208078436)),
    ((-4, -4, 4), (-6.451814594072729, 4.494169208078436)),
    ((4, 4, -4), (-6.451814594072729, 13.694429590046344)),
    ((4, 4, 4), (-6.451814594072729, 22.894689972014252)),
    ((-4, 4, 4), (-6.451814594072729, 13.694429590046344)),
    ((4, 4, -4), (-6.451814594072729, 13.694429590046344)),
    ((-4, -4, 4), (-6.451814594072729, 4.494169208078436)),
    ((-4, -4, 4), (-6.451814594072729, 4.494169208078436)),
    ((-4, 4, -4), (-6.451814594072729, 4.494169208078437)),
    ((-4, -4, 4), (-6.451814594072729, 4.494169208078436)),
    ((-4, -4, 4), (-6.451814594072729, 4.494169208078436)),
    ((-4, 4, 4), (-6.451814594072729, 13.694429590046344)),
    ((-4, -4, -4), (-6.451814594072729, -4.706091173889471)),
    ((-4, -4, -4), (-6.451814594072729, -4.706091173889471)),
    ((-4, -4, 4), (-6.451814594072729, 4.494169208078436)),
    ((-4, -4, 4), (-6.451814594072729, 4.494169208078436)),
    ((-4, -4, 4), (-6.451814594072729, 4.494169208078436)),
    ((4, 4, 4), (-6.451814594072729, 22.894689972014252)),
    ((-4, 4, -4), (-6.451814594072729, 4.494169208078437)),
    ((4, -4, 4), (-6.451814594072729, 13.694429590046344)),
    ((4, 4, 4), (-6.451814594072729, 22.894689972014252)),
    ((-4, 4, -4), (-6.451814594072729, 4.494169208078437)),
    ((4, 4, -4), (-6.451814594072729, 13.694429590046344)),
    ((-4, 4, -4), (-6.451814594072729, 4.494169208078437)),
    ((4, 4, -4), (-6.451814594072729, 13.694429590046344)),
    ((4, 4, -4), (-6.451814594072729, 13.694429590046344)),
    ((-4, -4, 4), (-6.451814594072729, 4.494169208078436)),
    ((-4, -4, -4), (-6.451814594072729, -4.706091173889471)),
    ((4, -4, -4), (-6.451814594072729, 4.494169208078437)),
    ((4, 4, -4), (-6.451814594072729, 13.694429590046344)),
    ((4, 4, -4), (-6.451814594072729, 13.694429590046344)),
    ((4, -4, 4), (-6.451814594072729, 13.694429590046344)),
    ((4, 4, -4), (-6.451814594072729, 13.694429590046344)),
    ((4, 4, -4), (-6.451814594072729, 13.694429590046344)),
    ((4, 4, -4), (-6.451814594072729, 13.694429590046344)),
    ((4, 4, 4), (-6.451814594072729, 22.894689972014252)),
    ((-4, -4, -4), (-6.451814594072729, -4.706091173889471)),
    ((4, 4, -4), (-6.451814594072729, 13.694429590046344)),
    ((4, 4, -4), (-6.451814594072729, 13.694429590046344)),
    ((-4, 4, 4), (-6.451814594072729, 13.694429590046344)),
    ((4, 4, -4), (-6.451814594072729, 13.694429590046344)),
    ((4, -4, 4), (-6.451814594072729, 13.694429590046344)),
    ((4, 4, -4), (-6.451814594072729, 13.694429590046344)),
    ((4, -4, 4), (-6.451814594072729, 13.694429590046344)),
    ((-4, 4, -4), (-6.451814594072729, 4.494169208078437)),
    ((4, -4, 4), (-6.451814594072729, 13.694429590046344)),
    ((4, 4, -4), (-6.451814594072729, 13.694429590046344)),
    ((4, -4, -4), (-6.451814594072729, 4.494169208078437)),
    ((4, -4, 4), (-6.451814594072729, 13.694429590046344)),
    ((-4, -4, 4), (-6.451814594072729, 4.494169208078436)),
    ((-4, -4, 4), (-6.451814594072729, 4.494169208078436)),
    ((4, 4, -4), (-6.451814594072729, 13.694429590046344)),
    ((4, 4, 4), (-6.451814594072729, 22.894689972014252)),
    ((-4, -4, 4), (-6.451814594072729, 4.494169208078436)),
    ((-4, -4, 4), (-6.451814594072729, 4.494169208078436)),
    ((-4, 4, -4), (-6.451814594072729, 4.494169208078437)),
    ((-4, -4, 4), (-6.451814594072729, 4.494169208078436)),
    ((-4, -4, 4), (-6.451814594072729, 4.494169208078436)),
    ((-4, -4, 4), (-6.451814594072729, 4.494169208078436)),
    ((-4, -4, 4), (-6.451814594072729, 4.494169208078436)),
    ((-4, -4, -4), (-6.451814594072729, -4.706091173889471)),
    ((4, 4, -4), (-6.451814594072729, 13.694429590046344)),
    ((4, -4, -4), (-6.451814594072729, 4.494169208078437)),
    ((-4, -4, 4), (-6.451814594072729, 4.494169208078436)),
    ((-4, -4, 4), (-6.451814594072729, 4.494169208078436)),
    ((-4, -4, 4), (-6.451814594072729, 4.494169208078436)),
    ((-4, 4, -4), (-6.451814594072729, 4.494169208078437)),
    ((4, -4, 4), (-6.451814594072729, 13.694429590046344)),
    ((4, 4, -4), (-6.451814594072729, 13.694429590046344)),
    ((-4, 4, -4), (-6.451814594072729, 4.494169208078437)),
    ((4, 4, -4), (-6.451814594072729, 13.694429590046344)),
    ((-4, 4, 4), (-6.451814594072729, 13.694429590046344)),
    ((-4, 4, -4), (-6.451814594072729, 4.494169208078437)),
    ((4, 4, -4), (-6.451814594072729, 13.694429590046344)),
    ((4, 4, -4), (-6.451814594072729, 13.694429590046344)),
    ((-4, -4, 4), (-6.451814594072729, 4.494169208078436)),
    ((-4, -4, -4), (-6.451814594072729, -4.706091173889471)),
    ((4, 4, -4), (-6.451814594072729, 13.694429590046344)),
    ((4, 4, -4), (-6.451814594072729, 13.694429590046344)),
    ((4, -4, 4), (-6.451814594072729, 13.694429590046344)),
    ((4, 4, -4), (-6.451814594072729, 13.694429590046344)),
    ((4, 4, -4), (-6.451814594072729, 13.694429590046344)),
    ((4, 4, -4), (-6.451814594072729, 13.694429590046344)),
    ((4, 4, -4), (-6.451814594072729, 13.694429590046344)),
    ((4, 4, 4), (-6.451814594072729, 22.894689972014252)),
    ((-4, -4, -4), (-6.451814594072729, -4.706091173889471)),
    ((4, 4, -4), (-6.451814594072729, 13.694429590046344)),
    ((4, 4, -4), (-6.451814594072729, 13.694429590046344)),
    ((-4, 4, 4), (-6.451814594072729, 13.694429590046344)),
    ((4, 4, -4), (-6.451814594072729, 13.694429590046344)),
    ((4, -4, 4), (-6.451814594072729, 13.694429590046344)),
    ((4, -4, 4), (-6.451814594072729, 13.694429590046344)),
    ((-4, -4, 4), (-6.451814594072729, 4.494169208078436)),
    ((4, 4, -4), (-6.451814594072729, 13.694429590046344)),
    ((4, -4, -4), (-6.451814594072729, 4.494169208078437)),
    ((4, -4, 4), (-6.451814594072729, 13.694429590046344)),
    ((-4, -4, 4), (-6.451814594072729, 4.494169208078436)),
    ((-4, -4, 4), (-6.451814594072729, 4.494169208078436)),
    ((4, 4, -4), (-6.451814594072729, 13.694429590046344)),
    ((4, 4, 4), (-6.451814594072729, 22.894689972014252)),
    ((-4, 4, -4), (-6.451814594072729, 4.494169208078437)),
    ((-4, -4, 4), (-6.451814594072729, 4.494169208078436)),
    ((-4, -4, 4), (-6.451814594072729, 4.494169208078436)),
    ((-4, 4, -4), (-6.451814594072729, 4.494169208078437)),
    ((-4, -4, 4), (-6.451814594072729, 4.494169208078436)),
    ((-4, -4, 4), (-6.451814594072729, 4.494169208078436)),
    ((4, 4, -4), (-6.451814594072729, 13.694429590046344)),
    ((4, -4, -4), (-6.451814594072729, 4.494169208078437)),
    ((-4, -4, 4), (-6.451814594072729, 4.494169208078436)),
    ((-4, -4, 4), (-6.451814594072729, 4.494169208078436)),
    ((4, -4, -4), (-6.451814594072729, 4.494169208078437)),
    ((-4, 4, -4), (-6.451814594072729, 4.494169208078437)),
    ((4, 4, -4), (-6.451814594072729, 13.694429590046344)),
    ((-4, 4, -4), (-6.451814594072729, 4.494169208078437)),
    ((4, 4, -4), (-6.451814594072729, 13.694429590046344)),
    ((-4, 4, 4), (-6.451814594072729, 13.694429590046344)),
    ((4, 4, -4), (-6.451814594072729, 13.694429590046344)),
    ((-4, 4, -4), (-6.451814594072729, 4.494169208078437)),
    ((4, 4, -4), (-6.451814594072729, 13.694429590046344)),
    ((4, 4, -4), (-6.451814594072729, 13.694429590046344)),
    ((-4, -4, -4), (-6.451814594072729, -4.706091173889471)),
    ((4, 4, -4), (-6.451814594072729, 13.694429590046344)),
    ((4, 4, -4), (-6.451814594072729, 13.694429590046344)),
    ((4, 4, -4), (-6.451814594072729, 13.694429590046344)),
    ((-4, -4, -4), (-6.451814594072729, -4.706091173889471)),
    ((4, 4, -4), (-6.451814594072729, 13.694429590046344)),
    ((4, 4, -4), (-6.451814594072729, 13.694429590046344)),
    ((4, 4, -4), (-6.451814594072729, 13.694429590046344)),
    ((4, 4, -4), (-6.451814594072729, 13.694429590046344)),
    ((4, 4, -4), (-6.451814594072729, 13.694429590046344)),
    ((-4, 4, 4), (-6.451814594072729, 13.694429590046344)),
    ((4, 4, -4), (-6.451814594072729, 13.694429590046344)),
    ((4, -4, 4), (-6.451814594072729, 13.694429590046344)),
    ((-4, -4, 4), (-6.451814594072729, 4.494169208078436)),
    ((4, -4, -4), (-6.451814594072729, 4.494169208078437)),
    ((4, -4, 4), (-6.451814594072729, 13.694429590046344)),
    ((-4, -4, 4), (-6.451814594072729, 4.494169208078436)),
    ((-4, -4, 4), (-6.451814594072729, 4.494169208078436)),
    ((4, 4, -4), (-6.451814594072729, 13.694429590046344)),
    ((4, 4, -4), (-6.451814594072729, 13.694429590046344)),
    ((-4, -4, 4), (-6.451814594072729, 4.494169208078436)),
    ((-4, -4, 4), (-6.451814594072729, 4.494169208078436)),
    ((-4, -4, 4), (-6.451814594072729, 4.494169208078436)),
    ((-4, 4, -4), (-6.451814594072729, 4.494169208078437)),
    ((4, 4, -4), (-6.451814594072729, 13.694429590046344)),
    ((4, -4, -4), (-6.451814594072729, 4.494169208078437)),
    ((-4, 4, -4), (-6.451814594072729, 4.494169208078437)),
    ((4, -4, 4), (-6.451814594072729, 13.694429590046344)),
    ((4, 4, -4), (-6.451814594072729, 13.694429590046344)),
    ((-4, 4, -4), (-6.451814594072729, 4.494169208078437)),
    ((4, 4, -4), (-6.451814594072729, 13.694429590046344)),
    ((-4, 4, 4), (-6.451814594072729, 13.694429590046344)),
    ((-4, 4, -4), (-6.451814594072729, 4.494169208078437)),
    ((4, 4, -4), (-6.451814594072729, 13.694429590046344)),
    ((4, 4, -4), (-6.451814594072729, 13.694429590046344)),
    ((4, -4, -4), (-6.451814594072729, 4.494169208078437)),
    ((4, 4, -4), (-6.451814594072729, 13.694429590046344)),
    ((4, 4, -4), (-6.451814594072729, 13.694429590046344)),
    ((4, 4, -4), (-6.451814594072729, 13.694429590046344)),
    ((4, 4, -4), (-6.451814594072729, 13.694429590046344)),
    ((4, 4, -4), (-6.451814594072729, 13.694429590046344)),
    ((-4, 4, 4), (-6.451814594072729, 13.694429590046344)),
    ((-4, 4, 4), (-6.451814594072729, 13.694429590046344)),
    ((4, -4, 4), (-6.451814594072729, 13.694429590046344)),
    ((4, -4, 4), (-6.451814594072729, 13.694429590046344)),
    ((-4, -4, 4), (-6.451814594072729, 4.494169208078436)),
    ((-4, -4, 4), (-6.451814594072729, 4.494169208078436)),
    ((-4, -4, 4), (-6.451814594072729, 4.494169208078436)),
    ((-4, 4, -4), (-6.451814594072729, 4.494169208078437)),
    ((4, -4, -4), (-6.451814594072729, 4.494169208078437)),
    ((4, -4, -4), (-6.451814594072729, 4.494169208078437)),
    ((4, 4, -4), (-6.451814594072729, 13.694429590046344)),
    ((4, 4, -4), (-6.451814594072729, 13.694429590046344)),
    ((4, -4, 4), (-6.451814594072729, 13.694429590046344)),
    ((-4, 4, -4), (-6.451814594072729, 4.494169208078437)),
    ((4, 4, -4), (-6.451814594072729, 13.694429590046344)),
    ((4, 4, -4), (-6.451814594072729, 13.694429590046344)),
    ((-4, 4, 4), (-6.451814594072729, 13.694429590046344)),
    ((4, 4, -4), (-6.451814594072729, 13.694429590046344)),
    ((4, 4, -4), (-6.451814594072729, 13.694429590046344)),
    ((4, 4, -4), (-6.451814594072729, 13.694429590046344)),
    ((4, 4, -4), (-6.451814594072729, 13.694429590046344)),
    ((4, 4, -4), (-6.451814594072729, 13.694429590046344)),
    ((-4, 4, 4), (-6.451814594072729, 13.694429590046344)),
    ((-4, 4, 4), (-6.451814594072729, 13.694429590046344)),
    ((4, 4, -4), (-6.451814594072729, 13.694429590046344)),
    ((-4, 4, 4), (-6.451814594072729, 13.694429590046344)),
    ((4, 4, -4), (-6.451814594072729, 13.694429590046344)),
    ((-4, 4, 4), (-6.451814594072729, 13.694429590046344)),
    ((-1.1579610349512726, -1.1392254844623331, -1.1088549759478195), (-14.502476854887771, -11.550191294674839)),
    ((-4, -4, 4), (-6.451814594072729, 4.494169208078436)),
    ((-4, 4, -4), (-6.451814594072729, 4.494169208078437)),
    ((4, -4, -4), (-6.451814594072729, 4.494169208078437)),
    ((4, 4, -4), (-6.451814594072729, 13.694429590046344)),
    ((4, 4, -4), (-6.451814594072729, 13.694429590046344)),
    ((4, 4, -4), (-6.451814594072729, 13.694429590046344)),
    ((-1.2233162769000943, -0.82401154456310977, -1.2469629587780007), (-14.861526549676801, -8.9262690626579104)),
    ((-4, 4, 4), (-6.451814594072729, 13.694429590046344)),
    ((-1.1424313862137256, 0.012198933013143037, -1.1655300944281968), (-15.877863338647856, -7.7114843026405584)),
    ((4, 4, -4), (-6.451814594072729, 13.694429590046344)),
    ((4, 4, -4), (-6.451814594072729, 13.694429590046344)),
    ((-1.1569416810262994, 0.028908010376405918, -0.51399942138660937), (-16.955349382699428, -3.9059430142917821)),
    ((-4, -4, 4), (-6.451814594072729, 4.494169208078436)),
    ((-0.9469177722786436, -0.06693714041799026, -0.69824824771132576), (-16.96184379125022, -3.6017428252055468)),
    ((4, 4, -4), (-6.451814594072729, 13.694429590046344)),
    ((4, 4, -4), (-6.451814594072729, 13.694429590046344)),
    ((0.18291416135208172, 0.084773909926029178, -0.034388915937468401), (-19.42350938527688, 0.49670612944814768)),
    ((-0.89186291445975119, 0.19738698445689096, -1.2735011433947965), (-16.058222376561012, -5.2203572971075758)),
    ((-4, -4, 4), (-6.451814594072729, 4.494169208078436)),
    ((0.045421600601961432, 0.11306495216153156, -1.1918241174810871), (-17.629974484029994, -3.5451997110688991)),
    ((4, 4, -4), (-6.451814594072729, 13.694429590046344)),
    ((4, 4, -4), (-6.451814594072729, 13.694429590046344)),
    ((4, 4, -4), (-6.451814594072729, 13.694429590046344)),
    ((-1.1431763512110891, -0.3354647888830829, -0.79307436196619152), (-16.2977795800302, -5.2048338041677145)),
    ((-0.94878443490841302, -0.094288120317231883, -0.11578181416231742), (-17.969654399960653, -2.4935926584446277)),
    ((-4, -4, 4), (-6.451814594072729, 4.494169208078436)),
    ((-0.65477299978518044, -0.2728080813828952, 0.020572757629163441), (-18.144906517890416, -0.37558264858933299)),
    ((-0.4803927935944422, -0.21765944773199022, -0.1271256846633837), (-18.507288295495847, 0.42855476384035407)),
    ((4, 4, -4), (-6.451814594072729, 13.694429590046344)),
    ((-0.98682249493832264, -0.0022297027549695869, 0.17668261471337865), (-17.86168757655736, -2.824307703801511)),
    ((4, 4, -4), (-6.451814594072729, 13.694429590046344)),
    ((-4, -4, 4), (-6.451814594072729, 4.494169208078436)),
    ((4, 4, -4), (-6.451814594072729, 13.694429590046344)),
    ((4, 4, -4), (-6.451814594072729, 13.694429590046344)),
),)
