fronts = ((
    ((-5, 5, -5), (-4.8623346886842835, 13.951897251108717)),
    ((5, 5, 5), (-4.8623346886842835, 1.631088067335587)),
    ((5, 5, -5), (-4.8623346886842835, 7.791492659222151)),
    ((5, -5, -5), (-4.8623346886842835, 13.951897251108717)),
    ((5, 5, -5), (-4.8623346886842835, 7.791492659222151)),
    ((-5, -5, -5), (-4.8623346886842835, 20.11230184299528)),
    ((-5, -5, 5), (-4.8623346886842835, 13.951897251108717)),
    ((-5, 5, 5), (-4.8623346886842835, 7.791492659222152)),
    ((-5, -5, 5), (-4.8623346886842835, 13.951897251108717)),
    ((-5, 5, -5), (-4.8623346886842835, 13.951897251108717)),
    ((5, 5, 5), (-4.8623346886842835, 1.631088067335587)),
    ((5, -5, -5), (-4.8623346886842835, 13.951897251108717)),
    ((5, 5, -5), (-4.8623346886842835, 7.791492659222151)),
    ((-5, -5, -5), (-4.8623346886842835, 20.11230184299528)),
    ((-5, -5, 5), (-4.8623346886842835, 13.951897251108717)),
    ((-5, 5, 5), (-4.8623346886842835, 7.791492659222152)),
    ((-5, -5, 5), (-4.8623346886842835, 13.951897251108717)),
    ((-5, 5, -5), (-4.8623346886842835, 13.951897251108717)),
    ((5, -5, -5), (-4.8623346886842835, 13.951897251108717)),
    ((5, 5, -5), (-4.8623346886842835, 7.791492659222151)),
    ((-5, -5, 5), (-4.8623346886842835, 13.951897251108717)),
    ((-5, -5, 5), (-4.8623346886842835, 13.951897251108717)),
    ((-5, -5, 5), (-4.8623346886842835, 13.951897251108717)),
    ((-0.24023576840516014, 0.6267272176666205, -1.0066057305532947), (-16.632517389427335, -1.0983412604388643)),
    ((4.292122593745516, -2.369144640306774, -1.0372761331044522), (-9.712739140315461, -4.132275998080618)),
),)
