fronts = ((
    ((-0.8963266550471074, 0.20954158134851525, -0.0550040784851511), (-17.89450761297838, -1.951329372374068)),
    ((-0.016388866074065978, 0.024925955549641776, -0.41042006669215503), (-19.151067795089794, 0.23455409003895517)),
    ((-1.036026019989757, -0.09224029551615912, 0.12094814080216348), (-17.822234303384025, -3.1162239577580655)),
    ((0.13131031539547858, -0.1591585643123944, -0.852109388601624), (-18.00400158850214, -1.601991888169001)),
    ((-1.1338314393211226, -0.9453557382619273, -1.0878406814531052), (-14.939273656846046, -10.376475259222342)),
    ((-1.114415299385322, 0.04014179150443398, -0.12294248758597748), (-17.745584438752118, -3.568146505553459)),
    ((0.16694537168756673, 0.055075160873348517, -0.8062437162387877), (-18.162123968153438, -1.299099169459646)),
    ((0.011437226153690805, -0.030095817339436837, -0.2626636774638938), (-19.420787256859825, 0.34105993607993135)),
    ((-0.983435045322193, 0.3402696456472401, -0.8964962855633866), (-16.37591840967864, -4.847110261109833)),
    ((-0.019625709823892, -0.05288842106932923, -0.7734045605111105), (-18.45160007921226, -1.279749518925618)),
    ((-1.0427753830173843, -0.17889842786933263, -1.0364888779052932), (-16.195768612859013, -6.729669159905785)),
    ((-1.1402155774275116, -0.8189983687700069, -1.1002836552536657), (-15.152825437227527, -9.406787102731728)),
    ((0.11352032883787588, -0.03391387963475667, 0.051198167014426144), (-19.64375722399864, 0.34269863090804126)),
),)
