fronts = ((
    ((-0.98363003783591685, -1.035013027145494, -1.1218780258135412), (-14.885031276955846, -10.373651284654292)),
    ((-1.0832012714314119, -1.1153005860753509, -1.0961703423036027), (-14.64176554218472, -11.299523459416804)),
    ((-1.0270646559426453, -1.0446989462215435, -1.123193527430526), (-14.818276428138308, -10.747721440311159)),
    ((-1.0870104788482973, -0.69621393090022976, -1.1073209844530278), (-15.422815148670477, -8.4362824841080322)),
    ((-1.083763878504358, -0.71185002907449979, -1.1080026154598521), (-15.4000958703384, -8.5202427577278321)),
    ((-1.0661036529491246, -0.67497008713677065, -1.1131228466214254), (-15.477409841835927, -8.2307794748222296)),
    ((-1.0842918754135065, -0.74199156565132807, -1.0919274297235493), (-15.368634272028505, -8.6616729429160095)),
    ((-1.1066858200318208, -0.61325314478054993, -1.1151416939991925), (-15.517124381825354, -8.0911430660017434)),
    ((-1.0628328983031929, -0.72239826249897576, -1.1281316695905694), (-15.3832156975046, -8.5342056814667426)),
    ((-1.0598258301009609, -0.56282933146967096, -1.1083098840480687), (-15.66514292592538, -7.6554345806428978)),
    ((-1.073800067176272, -0.69379511661532689, -1.1011280913639363), (-15.452084835007255, -8.3414285517441584)),
    ((-1.0717677972316026, -0.73333019665734334, -1.1374344124018576), (-15.341313912091946, -8.6650469574625184)),
    ((-1.1168263796178548, -0.75403850323199861, -1.1123671358976122), (-15.280734575791719, -8.9264012338112178)),
    ((-1.0662842870856817, -0.75277545607458884, -1.1293286475093063), (-15.32522555378748, -8.7568123354899843)),
    ((-1.0689354062968031, -0.6934848357388772, -1.0752009598116956), (-15.492709951346871, -8.2078012531113025)),
    ((-1.0909641108026265, -0.7147152399742146, -1.0665052709905489), (-15.439465571472896, -8.3950260070546321)),
    ((-1.0813476809457578, -0.72998034374793674, -1.133898382141096), (-15.339309161486439, -8.6838649149883231)),
    ((-1.0613581348384378, -0.89932040977467165, -1.1303481273159286), (-15.062179764091452, -9.8662582975420889)),
    ((-1.0796545607505501, -0.85241650880971498, -1.1238997351363822), (-15.136660589425054, -9.5625412974683783)),
    ((-1.0733164286887025, -0.71386208837825116, -1.0689081834900698), (-15.460563204863293, -8.3233039450930235)),
    ((-1.0624736379631621, -0.69850228039102269, -1.111588701147213), (-15.445313665878725, -8.3448296134773372)),
    ((-1.0489028902385087, -0.75027239267157597, -1.0764195775261518), (-15.418437685275762, -8.4676733848576013)),
    ((-1.0669529765672325, -0.48475879902245533, -1.1385970266163896), (-15.718100970670724, -7.5091575173988181)),
    ((-1.0651408545173486, -0.84026556283496678, -1.0709179985297326), (-15.240296830963878, -9.2019353701598945)),
    ((-1.0643611421406713, -0.68884682286694254, -1.0492105519043897), (-15.540317026663441, -8.0174625635165899)),
    ((-1.0597310318024327, -0.76326228974698762, -1.0524090321045252), (-15.411726825818342, -8.4930654085421775)),
    ((-1.0854671852766566, -0.66648256181194832, -1.1165927865394636), (-15.461038775410747, -8.2848395017899321)),
    ((-1.0939487263248571, -1.0508434598508192, -1.131259028352799), (-14.72641661426059, -11.158215678644)),
    ((-1.0611300772374048, -0.84357684724441495, -1.1229556762214568), (-15.176289818344536, -9.3969309611044434)),
    ((-1.0633371150484665, -0.68728877457512472, -1.0880526664258887), (-15.493620840505198, -8.1997619116281619)),
    ((-1.0679730937818621, -0.6269734377740227, -1.1027315066855399), (-15.565312626936691, -7.956848240958073)),
    ((-1.1209110351396108, -0.50196812625761333, -1.1135503953148469), (-15.65466460758553, -7.713303911122666)),
    ((-1.0603482242535271, -0.72578603081685744, -1.121926878519464), (-15.388617032511348, -8.5302788258311431)),
    ((-1.0904722575272778, -0.53173349334217423, -1.1310097130892014), (-15.63389573667757, -7.7452670377616055)),
    ((-1.0883848782886338, -1.045753912865466, -1.1294676189539308), (-14.744571494328822, -11.102919577334482)),
    ((-1.0658754596402988, -0.68856260249159695, -1.0400501860865643), (-15.550736057040352, -7.9683864297660243)),
    ((-1.0774612203350009, -0.50843389261287875, -1.1313661335496099), (-15.682861089165318, -7.6165971051926409)),
    ((-1.0731108033957588, -0.66867310817416714, -1.1197572955506585), (-15.46963762431086, -8.2478323521045542)),
    ((-1.0976338456368406, -0.58532723565572953, -1.1117537443748915), (-15.575445570395676, -7.9288428059804188)),
    ((-1.0812357632459277, -0.57530893877213696, -1.1259792068595571), (-15.592959957615006, -7.8550958891247049)),
    ((-1.0632910921027889, -0.86736922443396469, -1.1584697993772681), (-15.086814953091427, -9.6318736785449808)),
    ((-1.0663311438434122, -0.81953071692372492, -1.1234004097399124), (-15.213740377991122, -9.2361618929169342)),
    ((-1.0584016737126345, -0.69303395904485354, -1.081660971191704), (-15.498750840554461, -8.1792407059998098)),
    ((-1.0720362826286416, -0.53374261296627656, -1.1268597348900775), (-15.663001755753317, -7.6617132413609443)),
    ((-1.0690411588828117, -0.93423733963510092, -1.0912263985634754), (-15.030908972511856, -10.081266388915548)),
    ((-1.0854190742936281, -0.39985434531261044, -1.1363183427939023), (-15.793670817190964, -7.4252331533863307)),
    ((-1.0779528422499429, -0.76389250871372005, -1.1353119385378923), (-15.283708639203647, -8.9008891305812696)),
    ((-1.0824487333819122, -0.82353555112609989, -1.0676644530365698), (-15.254645770617078, -9.1377213683773828)),
    ((-1.0683042690506537, -0.68689145412106489, -1.047065194555225), (-15.541281659957136, -8.0137756124042152)),
    ((-1.0992060777529673, -0.64496355865845967, -1.0903616301071839), (-15.511844270446932, -8.1373883806399068)),
    ((-1.1216038002294528, -0.90935462279218493, -1.0684437124645239), (-15.044988088059434, -9.9693113513412293)),
    ((-1.0808978271191114, -0.84061374872041084, -1.1212835034332962), (-15.160120298387689, -9.4680987232876426)),
    ((-1.1009385683732116, -0.66022537271785908, -1.0586476803780227), (-15.52731425274001, -8.0713651088886813)),
    ((-1.1659277680532845, -0.91997449319475189, -1.1412097856845269), (-14.889137136804965, -10.315566220713688)),
    ((-1.0740399596663808, -0.64480545310992099, -1.1000653811510082), (-15.532741555095534, -8.0668884672620749)),
    ((-1.1242088058973274, -0.90590853290433682, -1.1261045415552162), (-14.981671934141298, -10.155319759859264)),
    ((-1.0367602291133293, -0.02894537893144794, -1.0989900051040293), (-16.152875577896786, -7.1743449936575407)),
    ((-1.0842552586515035, -0.60569083939108703, -1.0666688257280896), (-15.625016869071917, -7.779307595912698)),
    ((-1.0024292076721708, -0.89510061348917036, -1.0780001570733189), (-15.199175171265665, -9.2833825076339096)),
    ((-1.0587994594869083, -0.63151791129873369, -1.120524601438174), (-15.546575258148252, -7.9808180377657738)),
    ((-1.1656077062554244, -0.28703833219751829, -1.1364039685759775), (-15.77590624359898, -7.4846435512488698)),
    ((-1.1023818972572346, -0.79986266173204601, -1.0721040228271503), (-15.268248293376107, -9.0569723069538526)),
    ((-1.0533585183188665, -0.94217547862812068, -1.1095901663526413), (-15.01204607920414, -10.125354194260577)),
    ((-1.0897620546267026, -0.30988066905367173, -1.1235910664612212), (-15.893134236026441, -7.3402066962597541)),
    ((-0.90748112761722688, -0.13408931055199003, -1.0765424998819173), (-16.37331809361563, -5.965218509626939)),
    ((-1.041715234356948, -0.81615236819356207, -1.0682146654413678), (-15.31705702344586, -8.8654818163933982)),
    ((-0.81432167990042092, 0.012773028522962027, -1.1183037564306109), (-16.49264114679597, -5.5240583259382747)),
    ((-1.072868873006656, -0.85896832777381282, -1.1116659368270885), (-15.147185533287441, -9.5530943007304145)),
    ((-1.0822591168785678, -0.47684524283249352, -1.1086073958937368), (-15.749189709025789, -7.5007308041875067)),
    ((-1.0762771235714952, -0.095678029314998775, -0.74863226316748988), (-16.65546859145762, -4.7741514715534601)),
    ((-1.1065696400117928, 0.028054295576813271, -0.87691808563342977), (-16.40467807554443, -5.9638342478760134)),
    ((-1.2173748405992058, 0.043454202537775322, -1.0940310240937383), (-15.871163576664333, -7.3679655313908388)),
    ((-1.0643466025323616, -0.10893236973507348, -1.1965563097111351), (-15.937546673695433, -7.2511268802374289)),
    ((-0.81674786877212346, -0.20618430092438833, -0.96131388238998206), (-16.66443198066121, -4.4132678489719295)),
    ((-0.96602519029832035, -0.083881125256029976, -0.9664464333522782), (-16.473586627245282, -5.7656962729370882)),
    ((-0.84184683659608095, 0.105822823626045, -1.0599649644306297), (-16.520409584153832, -5.3619838253972283)),
    ((-1.1303212194862011, -1.1382766672023981, -1.121446837371304), (-14.519990775609731, -11.564575735645089)),
    ((-1.1459321693535278, 0.07814660920613159, -0.71752702827761428), (-16.60338387025974, -4.7800484027324188)),
    ((-0.96220833813172701, 0.18658177558783606, -0.79545964375837386), (-16.71233750236121, -4.2039126435019583)),
    ((-0.080368984126747756, 0.023214633053015521, -0.56693395008053327), (-18.76128699676294, -0.091185563685067694)),
    ((0.022999810226577988, 0.0026431528302203189, -0.79436371867208277), (-18.48484630054499, -1.5132040635654964)),
    ((0.13300110121316522, -0.020242668035525768, 0.025124602338763236), (-19.67020042356826, 0.30755604443939888)),
    ((0.032473865347839775, -0.0049891686831393667, -1.1961250086566646), (-17.806866581838154, -3.7176538254418867)),
    ((0.02680664186034698, 0.082503999452509247, -0.64768493972814112), (-18.60382728179207, -0.4413117178244772)),
    ((0.0007458080869544581, 0.066245129135214686, -0.81536961180737155), (-18.359095628327474, -1.6116446877258457)),
    ((-0.92685433013718244, 0.084343557004794845, 0.1205420217816876), (-18.011647382955942, -2.2984503011129216)),
    ((-0.72047836053501979, 0.02498847614904498, -0.021110295496610421), (-18.592088733924953, -0.95941226438330074)),
    ((-0.80148064198331315, -0.0036338849220614589, -0.049494831131254968), (-18.42013564924762, -1.5234017364189825)),
    ((-1.0809323878872481, 0.0066687145904912315, -0.57752592627110599), (-16.964908424657906, -3.9952118631775639)),
    ((-0.57168089864335325, 0.027599241863088202, -1.1024925442008702), (-16.939027049146247, -4.0190510905457666)),
    ((-1.1085754193836723, 0.15485886036783625, -0.67072328224232247), (-16.708037478110406, -4.3217901602937143)),
    ((-0.97537186490481798, -1.016323508717011, -1.1240968903864479), (-14.930156230728192, -10.19060018761601)),
),)
