fronts = ((
    ((-1.0526623325064415, 0.012073065852441958, -0.75713842808162), (-16.69605022316849, -4.827897930122755)),
    ((-1.0110845602546146, 0.0007537907498179116, -0.7779613207796341), (-16.728257046523154, -4.733914853168944)),
    ((-0.9867449238521253, 0.004245332639747466, -1.0710899294591334), (-16.28073656371081, -6.750035925973742)),
    ((-0.979952538016159, 0.00919310126852361, -0.7269837766179859), (-16.86682055901407, -4.132785736837685)),
    ((-1.0036972943022129, -0.004159715726841851, -0.7528626433369621), (-16.783375091891113, -4.494372701846716)),
    ((-0.9927466918746107, -0.009101500415290478, -0.7885945334465622), (-16.739933306037905, -4.658523280520177)),
    ((-1.0033437009704986, -0.004316867520809687, -0.7825203060822084), (-16.733079067320865, -4.702173307572277)),
    ((-0.9893196112148721, 0.022944659919484536, -0.8196019724626322), (-16.69192920372673, -4.842273111065213)),
    ((-0.9917442219661095, -0.009913681364636611, -0.7892806266324082), (-16.74037599901242, -4.654467564291768)),
    ((-0.9813924006691157, -0.0070813242679297495, -0.016281147172499788), (-18.182345582023927, -3.0118790377053277)),
    ((-1.016135530107605, -0.0031920999249587176, -0.725978826721624), (-16.80943816857213, -4.4049230557454715)),
    ((-0.9854428608800241, -0.018493254038471553, -0.9208468943309328), (-16.528534222209338, -5.641064682059749)),
    ((-0.950219664438232, -0.018013398259889242, -0.897223884185999), (-16.625984498435805, -5.1709837102107254)),
    ((-0.9957498009826169, -0.008541128212315282, -0.8385495074990085), (-16.65012749455829, -5.06567837632589)),
    ((-0.9718783765681375, -8.3357077826033e-05, -0.824681541974049), (-16.712962426577057, -4.796415249286582)),
    ((-1.0056974667220882, -0.016285777177719212, -0.8801103846845708), (-16.563509808364785, -5.459331077059362)),
    ((-1.0755396145976146, -0.004600999183138416, -0.5999088082486232), (-16.933862963981575, -4.068843829411287)),
    ((-0.9965187194612576, -0.006729835929916411, -0.8920992614434952), (-16.558841321400045, -5.50984805840163)),
    ((-1.0103570322247426, -0.010532367927851082, -0.8002721662244602), (-16.69113208342985, -4.870772450279717)),
    ((-1.0088709612205002, -0.02041631378813217, -0.694816457854575), (-16.8745347151931, -4.125460094095477)),
    ((-0.996575753035443, -0.011114579044944336, -1.0445470070685616), (-16.30740650645094, -6.6619136016741525)),
    ((-1.0558581360079224, -0.016231792011970708, -0.6987140001322835), (-16.791639758763978, -4.458103453371557)),
    ((-0.9842957278216218, 0.021513081830441146, -0.8195431923668567), (-16.70039340593671, -4.806281274960197)),
    ((-1.0102743686681837, -0.017312485570501635, -0.8378401771009636), (-16.627146806877757, -5.148347662144761)),
    ((-1.0164273802325798, -0.010539363887237724, -0.8181670800928603), (-16.65078016661742, -5.049904408369674)),
    ((-0.9769767280183118, 0.01641849255439582, -0.9209888101820052), (-16.542336772750474, -5.581066057994544)),
    ((-1.0211603774951121, 0.005096344917715434, -0.8883660236890019), (-16.524846000142823, -5.657618929478893)),
    ((-1.0477914451182264, 0.02190455405291183, -0.7724802451999879), (-16.676989075249665, -4.889987334409288)),
    ((-1.0396527631607428, 0.02046993603047768, -0.9174630136454344), (-16.44550734467383, -5.987803842426437)),
    ((-1.0429074765238942, 0.01486385415532439, -0.6256022814245474), (-16.940771339557674, -3.987466073014443)),
    ((-0.9994063669812266, 0.0071608244090879646, -0.7686548439792169), (-16.76320727459212, -4.567065488635793)),
    ((-1.0755148936633239, -0.0037557129681625584, -0.6483299939190457), (-16.848441839717545, -4.3028049077120665)),
    ((-1.0500317153226857, 0.021275823392825455, -0.6616377718192528), (-16.865382402043547, -4.203070091385252)),
    ((-1.0603018027707647, 0.02162715764641341, -0.6322037162744253), (-16.90041380863109, -4.108123274556755)),
    ((-1.0369911968228573, 0.019023267954377227, -0.7892110660747695), (-16.66612946588456, -4.950850797204243)),
    ((-1.0364117757500682, 0.017429753173588955, -1.0658575534112784), (-16.207608124011575, -7.0447573183738)),
    ((-1.045264938199152, 0.027488889961965544, -1.0451087779170436), (-16.226125322926315, -6.965258896224565)),
    ((-1.0414873957779143, 0.021977516201908825, -0.8202847624879597), (-16.60571528257178, -5.209420661239498)),
    ((-0.9906758894451217, 0.01971823428368352, -0.930369458246655), (-16.50404332388979, -5.756422685712848)),
    ((-1.0508071368497742, 0.026915257802591214, -1.0892411020217827), (-16.145915660297703, -7.22521218976771)),
    ((-1.0397521863913268, 0.022065335441646676, -0.6049986478484602), (-16.981721846483392, -3.85949293875745)),
    ((-1.026971846485709, 0.030197064875842, -0.9088438562500697), (-16.479643077333705, -5.819025535101678)),
    ((-1.0392154083166478, 0.025131855864339137, -0.7405032057238643), (-16.745559280005793, -4.610274554859155)),
    ((-1.058175120979237, 0.06347206728570463, -0.8939657093976836), (-16.44854793831495, -5.836255934679647)),
    ((-1.0541991291695432, 0.023964834104435995, -1.0650319716590364), (-16.17967063763859, -7.136015995422713)),
    ((-1.02745211715452, 0.02270019594570491, -1.041542421879388), (-16.261234179119405, -6.839012155202095)),
    ((-1.0377135469727605, 0.025908078738762046, -0.6609937007739752), (-16.886038993848402, -4.116954469100761)),
    ((-1.039975622939246, 0.012238214738451953, -0.9680422405232147), (-16.361670242036663, -6.413916722447036)),
    ((-1.0391576246465406, 0.021811237842772207, -0.6953141282930534), (-16.82420537847854, -4.328587492511895)),
    ((-1.0413021012500956, 0.01816278088503841, -0.7208770944326347), (-16.77666085115152, -4.506622805342637)),
    ((-1.033203268870317, 0.020039247140367818, -0.7073854040819365), (-16.813060538847676, -4.367429383283966)),
    ((-1.0426464656183598, 0.026068320588896916, -0.6931748295000173), (-16.82184795601048, -4.330132627499827)),
    ((-1.0231197081553691, 0.022514774229302554, -0.9467726897141174), (-16.423621364639786, -6.116562033499139)),
    ((-1.0386487385170147, 0.0229069669546752, -0.9757511957179996), (-16.350523389000312, -6.446512216142545)),
    ((-1.006567419126467, 0.018415116339637397, -1.0478134406568769), (-16.285410836972318, -6.740460683869722)),
    ((-1.0221258376847515, 0.023929325167477304, -1.035167832165325), (-16.280174761975452, -6.761438962079843)),
    ((-1.0511058975645782, 0.028481034418252574, -1.0647052592623054), (-16.184846702060455, -7.108988068477252)),
    ((-1.0374340292956463, 0.020707822106583788, -1.0698961946706362), (-16.199231696764713, -7.066089930641538)),
    ((-1.0511707991261483, 0.030460291655437913, -0.9408444578995248), (-16.387160465989666, -6.23168729737994)),
    ((-1.0548691465113622, 0.018514689219260742, -1.1296347306513717), (-16.07521119823484, -7.382168461826338)),
    ((-1.0504471286243657, 0.023186240158104707, -0.9895890653923595), (-16.308630036000558, -6.622976095875374)),
    ((-1.0407964424480272, 0.021101921674560056, -1.0049235478149814), (-16.29931632078681, -6.681454954372343)),
    ((-1.048305594184304, 0.015679868375921932, -0.973061315241328), (-16.339729352661415, -6.497155416918734)),
    ((-1.0616822190297526, 0.015616039398166064, -1.0958228908824637), (-16.11845645331882, -7.331724642757576)),
    ((-1.071618572900254, 0.02351918622284658, -1.1572532806996487), (-16.003893476950655, -7.4816759136778055)),
    ((-1.1532810547086971, 0.020068679628471957, -1.1512704523314272), (-15.882886247807718, -7.707534174124558)),
    ((-1.0667435313682703, 0.021020930008709814, -1.0768826220621708), (-16.140456525193336, -7.268344874392489)),
    ((-1.0425319917598295, 0.019134267255658415, -1.0696204479404545), (-16.191493738595216, -7.099091227451691)),
    ((-1.064609573788791, 0.021487285770507333, -0.9651443998039726), (-16.32602927027855, -6.515979342019184)),
    ((-1.118951813516729, 0.017377724793187683, -0.5036604655433764), (-17.035821834886566, -3.8542756023440186)),
    ((-0.977918644691862, 0.009077425233304771, -1.0181169481131496), (-16.381104952898475, -6.3539416720378785)),
    ((-1.024808933298401, -0.00617892439180788, -1.0737159539815666), (-16.214211378012756, -7.030993371032631)),
    ((-1.0675460407233708, 0.02455935383527342, -0.6489689035212374), (-16.858940265738134, -4.226450604165732)),
    ((-1.093614944198505, 0.021902002831420877, -1.060797634893759), (-16.123081210626744, -7.307332164269463)),
    ((-1.0443815266965766, 0.017784843634821107, 0.008870797960521468), (-18.075040420219395, -3.4433533249296917)),
    ((-1.037462800764782, -0.0008411361209088308, -0.013279464135265207), (-18.099615546466712, -3.428350898704119)),
    ((-1.1231959287622924, -0.011466747539550778, -0.009801484641722702), (-17.957825945428258, -3.7908440099230667)),
    ((-1.1116921660744932, 0.005452911330063026, 0.0037474013774368986), (-17.993197998305135, -3.7880708439782858)),
    ((-1.1371056652053295, -0.019723616886968644, -0.011860142601922224), (-17.919655976991066, -3.794513480109794)),
    ((-1.159542823211011, 0.009035407041175999, -0.007019688579850969), (-17.907273045857757, -3.831848785093472)),
    ((-1.091908656300262, -0.03624105293753546, -0.5591706445167115), (-16.977046619358383, -3.91887448127343)),
    ((-1.1128040746091583, -0.061326884394310784, -0.5362434693653116), (-16.978705166210098, -3.8726157938757515)),
    ((-1.1002155070871118, 0.006776204532452377, -1.1304730962206413), (-16.001202458873987, -7.617284959191646)),
    ((-1.0305793247555997, 0.010544235716258493, -0.8968250539101873), (-16.495204148005907, -5.778339642802396)),
    ((-0.9884000767862761, -0.018751289858962666, -0.8300881497237074), (-16.675986385863702, -4.924603350191576)),
    ((-0.7329063114511013, 0.010038972749345088, -0.017251636206838977), (-18.596596372760303, -1.0740231865770473)),
    ((-0.9450580132211531, 0.009069044281869422, -0.006722286648104741), (-18.25514487871299, -2.739434613684841)),
    ((-0.8681957760108023, 0.00893338434175955, -0.0035519719557035867), (-18.38671563975749, -2.1164576406102045)),
    ((-0.8228712753293438, 0.01106152763107349, -0.01034003965792929), (-18.452183776645622, -1.7353541187107426)),
    ((-0.8274365350388337, 0.010212947056055044, -0.005604323253502602), (-18.451427336172593, -1.782692229042118)),
    ((-0.8481148936556565, 0.009486849208402835, 0.00199509722395691), (-18.420370056059916, -1.9570060502910849)),
    ((-0.8794517294777524, 0.009520916764685182, -0.0014619054267922676), (-18.367766565827743, -2.2128501541226444)),
    ((-0.8331031670607546, 0.008988841737337369, -0.017108853356559615), (-18.426546505148814, -1.806955675777272)),
    ((-0.8718562206049466, 0.008749600814468647, -0.0029667708150313034), (-18.381315512094154, -2.1481667199095225)),
    ((-0.8149827486384952, 0.005699261310047144, -0.0036883469365977806), (-18.482339291940683, -1.6999394024636953)),
    ((-1.0608012500512987, 0.007837315136224599, 0.015763706065699573), (-18.05315681869717, -3.5435281195756607)),
    ((-0.5109276221883577, 0.019533522497459536, -0.0007553929796018655), (-18.988926429521833, -0.03440120357649136)),
    ((-1.1219867156598982, 2.6532587077396363e-05, -0.6351797927814078), (-16.79699598188117, -4.41256602753369)),
    ((-0.9955241377511781, 0.009426478050757844, 0.013239706454113861), (-18.162114214481882, -3.119032877305647)),
    ((-0.8517292077208561, 0.013844482939137587, -0.010496021656327209), (-18.398854583535275, -1.9583305224843086)),
    ((-1.00769355585369, 0.012524086197501694, -0.0002873911443109986), (-18.149568673228508, -3.231342409358326)),
    ((-0.8024250497674166, 0.00929544690896508, -0.0033526502481279544), (-18.49747055750774, -1.597223719751875)),
    ((-0.9074630549871214, 0.011472028514514187, -0.00048030120326239545), (-18.317185318197573, -2.442736185919478)),
    ((-0.9031791663804641, 0.009173392853433288, 0.00023171506054396607), (-18.32897929705298, -2.4129856581580875)),
    ((-0.9388103509989475, 0.005542544971936222, 0.008363085217247164), (-18.268045835756197, -2.69280463235164)),
    ((-0.8882892366264491, 0.00806535289713103, 0.0081188001353193), (-18.349365235953545, -2.272571259262954)),
    ((-1.0921917992075911, 0.008310743948535697, -0.003912472004270771), (-18.019324991282012, -3.714973186843896)),
    ((-0.7415942657575985, -0.008020934363416481, -0.018960299443945124), (-18.580397373156238, -1.132964503456823)),
    ((-1.0190125722977526, 0.011448801730904684, -0.005175948966869667), (-18.131032020252903, -3.2991862047217153)),
    ((-0.7244350169434663, 0.008280839713325352, -0.00030496363539953), (-18.63455936502168, -1.0596523759224656)),
    ((-0.8167016845934351, 0.0007453183085834817, 0.014122824376153031), (-18.46477533537562, -1.7042614197317671)),
    ((-0.7580569244055424, 0.006552024260183363, -0.0009526397874203285), (-18.579939880848183, -1.2868732432025811)),
    ((-0.7743993023897869, 0.009966472480162794, 0.0015816332355741425), (-18.544908841797564, -1.3936164954916683)),
    ((-0.9667975045184664, 0.007855504624094692, -0.01590473457286748), (-18.206388654050834, -2.8975444122859453)),
    ((-0.8924448344365914, 0.0117239622280514, -0.009025419224102386), (-18.335656589297173, -2.2975206840956464)),
    ((-0.47556588270371725, 4.821118428988483e-05, 0.008175352399415636), (-19.076362573001827, 0.036777320162398826)),
    ((-1.0667219450443497, 0.004911392192310382, -1.1345161431405455), (-16.04872248796975, -7.480783222385411)),
    ((-0.7672001098758441, 0.007272731007030939, 0.0026177691890080235), (-18.56201587743763, -1.3448692549066665)),
    ((-0.02652439400445553, 0.020583350000143885, -0.6276953542017697), (-18.75269468002441, -0.43550984132078185)),
    ((-0.007780785314507694, -0.002090820623837584, -0.7980151909455283), (-18.50871593664971, -1.5704405545980726)),
    ((-0.016692926296508273, 0.01937069984457118, -0.61716914139004), (-18.78725252659767, -0.4043966102798807)),
    ((0.0024742737551270433, 0.026886939609891587, -0.6889892300945131), (-18.65797873428727, -0.8003219401310979)),
    ((-0.010645355512746535, 0.018721767888999034, -0.6826274193293288), (-18.680412331556987, -0.759055250576345)),
    ((-0.017143709657895804, -0.011023612920400612, -0.5765438216479319), (-18.87004077267401, -0.24290955008071258)),
    ((-0.0017060796134921175, 0.03748850525074404, -0.5926631143212642), (-18.805350831561952, -0.296666956213556)),
    ((-0.02952455357216071, 0.020232944812948742, -0.588406237573611), (-18.817846923431016, -0.25353963819389147)),
    ((0.020046904255775117, 0.014129176968112205, -0.9135056496422758), (-18.28105741527579, -2.4458077761386035)),
    ((0.01796769619602337, 0.017302421477152434, -0.5654089711995507), (-18.88053922455145, -0.1860031741585022)),
    ((-0.005444227453648809, 0.007485967855898231, -0.8780417711534014), (-18.37091584472301, -2.1954741865081813)),
    ((-0.017412755410715897, 0.0026210822230000597, -0.4422744221709066), (-19.118273941193177, 0.13636529126209823)),
    ((0.008485393208480699, 0.020247895518966018, -0.6415276008294875), (-18.751472326301172, -0.5375179327335182)),
    ((-0.004469595195286669, 0.006588610649648045, -0.0649892294668174), (-19.854294463698334, 0.14208021150272554)),
    ((-0.5522157177720332, -0.007364131526032824, 0.011152354130411934), (-18.92759148933817, -0.16906474204081223)),
    ((-0.9860586949499541, 0.003961789716139141, -0.9870451335845272), (-16.41868974570756, -6.202604197130093)),
    ((-1.0045119686582435, 0.027393012217404894, -0.9240043064823368), (-16.491334940183595, -5.792904675962847)),
    ((-0.9867735827750687, 0.008634818762221025, -0.8634462225592059), (-16.62284970703707, -5.1983817118783495)),
    ((-0.9494770864897026, 0.030568379005029345, -0.8958144024146504), (-16.628468105563854, -5.132031858514622)),
    ((-0.9852900076005257, 0.009856932325534834, -0.9097531570842708), (-16.547684997547705, -5.564766030890192)),
    ((-0.974653759821429, -0.03946950507386504, -0.9869702426009531), (-16.43497780624895, -6.051483326286029)),
    ((-1.0326335701418403, -0.9664110667524264, -1.0484271781577235), (-15.055043270658878, -9.914390557073343)),
    ((-0.9436825914689725, -0.029111932339585422, -0.9313948823083651), (-16.578967957422442, -5.380621016891374)),
    ((-0.9780059545239621, -0.033727164965368525, -0.8445989231371982), (-16.667074658629808, -4.935622446235156)),
    ((-0.9782637006446363, -0.8577619976355313, -0.9335096058706447), (-15.469288245744405, -7.796693522216049)),
    ((-1.0457373287352505, 0.017444526272106298, -0.940845329081891), (-16.396998199866587, -6.221755885435723)),
    ((-1.0302359561578933, -0.9953871668118324, -0.9840898827833464), (-15.067058961643973, -9.679075828601917)),
    ((-1.021450830194835, -0.002562251511314395, -0.8947284553436851), (-16.513759571787347, -5.718171944424848)),
    ((-0.9823099346492605, -1.0502492701479533, -1.0322182818854573), (-14.949474090506214, -10.045839361136297)),
    ((-0.9090467947764813, -0.9634636759512114, -1.0595254846245006), (-15.182136482631325, -9.007808241707274)),
    ((-0.8900518637822556, -1.1509758803963277, -1.154673908265238), (-14.692758751069292, -10.080748837400593)),
    ((-1.0204743149334077, -1.1788848907819414, -1.0301733524421497), (-14.632628628529801, -10.61648577350315)),
    ((-1.032420571391505, -0.8416101569304948, -0.9416915929073025), (-15.429173458376587, -8.120898285207401)),
    ((-0.9528880406521983, -1.0555838165969225, -1.049170771995732), (-14.9501144794678, -9.950167201838566)),
    ((-0.9247644591583464, -0.7951017930002883, -1.118313525968717), (-15.43557694687308, -8.02422108253888)),
    ((-0.9278702396378851, -0.006431855033221818, -0.9326417489326478), (-16.604549789650797, -5.303173327437781)),
    ((-0.9041519980868676, -0.006667365830941935, -0.9236762623023549), (-16.658931329600513, -5.034003278544853)),
    ((-0.9874774068331896, 0.0353364087729849, -0.9957403138921722), (-16.400059409956214, -6.221160298416761)),
    ((-1.0001765171941497, -0.000519791077949, -0.6647499759936588), (-16.94210662537982, -3.932676259718248)),
),)
