fronts = ((
    ((5, -5, -5), (-4.8623346886842835, 13.951897251108717)),
    ((5, -5, -5), (-4.8623346886842835, 13.951897251108717)),
    ((-5, -5, 5), (-4.8623346886842835, 13.951897251108717)),
    ((-5, 5, -5), (-4.8623346886842835, 13.951897251108717)),
    ((-5, -5, 5), (-4.8623346886842835, 13.951897251108717)),
    ((5, -5, -5), (-4.8623346886842835, 13.951897251108717)),
    ((5, -5, -5), (-4.8623346886842835, 13.951897251108717)),
    ((-5, -5, 5), (-4.8623346886842835, 13.951897251108717)),
    ((5, 5, -5), (-4.8623346886842835, 7.791492659222151)),
    ((-5, -5, 5), (-4.8623346886842835, 13.951897251108717)),
    ((-5, -5, 5), (-4.8623346886842835, 13.951897251108717)),
    ((-5, 5, 5), (-4.8623346886842835, 7.791492659222152)),
    ((-5, 5, 5), (-4.8623346886842835, 7.791492659222152)),
    ((5, -5, 5), (-4.8623346886842835, 7.791492659222152)),
    ((5, 5, -5), (-4.8623346886842835, 7.791492659222151)),
    ((-5, 5, 5), (-4.8623346886842835, 7.791492659222152)),
    ((-5, 5, 5), (-4.8623346886842835, 7.791492659222152)),
    ((5, 5, -5), (-4.8623346886842835, 7.791492659222151)),
    ((5, 5, -5), (-4.8623346886842835, 7.791492659222151)),
    ((5, -5, -5), (-4.8623346886842835, 13.951897251108717)),
    ((5, -5, -5), (-4.8623346886842835, 13.951897251108717)),
    ((-5, -5, 5), (-4.8623346886842835, 13.951897251108717)),
    ((-5, 5, -5), (-4.8623346886842835, 13.951897251108717)),
    ((-5, -5, 5), (-4.8623346886842835, 13.951897251108717)),
    ((5, -5, -5), (-4.8623346886842835, 13.951897251108717)),
    ((5, -5, -5), (-4.8623346886842835, 13.951897251108717)),
    ((-5, -5, 5), (-4.8623346886842835, 13.951897251108717)),
    ((-5, -5, 5), (-4.8623346886842835, 13.951897251108717)),
    ((-5, -5, 5), (-4.8623346886842835, 13.951897251108717)),
    ((-5, 5, 5), (-4.8623346886842835, 7.791492659222152)),
    ((-5, 5, 5), (-4.8623346886842835, 7.791492659222152)),
    ((5, -5, 5), (-4.8623346886842835, 7.791492659222152)),
    ((5, 5, -5), (-4.8623346886842835, 7.791492659222151)),
    ((-5, 5, 5), (-4.8623346886842835, 7.791492659222152)),
    ((-5, 5, 5), (-4.8623346886842835, 7.791492659222152)),
    ((5, 5, -5), (-4.8623346886842835, 7.791492659222151)),
    ((5, 5, -5), (-4.8623346886842835, 7.791492659222151)),
    ((5, -5, -5), (-4.8623346886842835, 13.951897251108717)),
    ((5, -5, -5), (-4.8623346886842835, 13.951897251108717)),
    ((-5, -5, 5), (-4.8623346886842835, 13.951897251108717)),
    ((-5, 5, -5), (-4.8623346886842835, 13.951897251108717)),
    ((-5, -5, 5), (-4.8623346886842835, 13.951897251108717)),
    ((5, -5, -5), (-4.8623346886842835, 13.951897251108717)),
    ((5, -5, -5), (-4.8623346886842835, 13.951897251108717)),
    ((-5, -5, 5), (-4.8623346886842835, 13.951897251108717)),
    ((-5, -5, 5), (-4.8623346886842835, 13.951897251108717)),
    ((-5, -5, 5), (-4.8623346886842835, 13.951897251108717)),
    ((-5, 5, 5), (-4.8623346886842835, 7.791492659222152)),
    ((-5, 5, 5), (-4.8623346886842835, 7.791492659222152)),
    ((5, -5, 5), (-4.8623346886842835, 7.791492659222152)),
    ((5, 5, -5), (-4.8623346886842835, 7.791492659222151)),
    ((-5, 5, 5), (-4.8623346886842835, 7.791492659222152)),
    ((-5, 5, 5), (-4.8623346886842835, 7.791492659222152)),
    ((5, 5, -5), (-4.8623346886842835, 7.791492659222151)),
    ((5, 5, -5), (-4.8623346886842835, 7.791492659222151)),
    ((5, -5, -5), (-4.8623346886842835, 13.951897251108717)),
    ((5, -5, -5), (-4.8623346886842835, 13.951897251108717)),
    ((-5, -5, 5), (-4.8623346886842835, 13.951897251108717)),
    ((5, 5, -5), (-4.8623346886842835, 7.791492659222151)),
    ((-5, 5, -5), (-4.8623346886842835, 13.951897251108717)),
    ((-5, -5, 5), (-4.8623346886842835, 13.951897251108717)),
    ((5, -5, -5), (-4.8623346886842835, 13.951897251108717)),
    ((5, -5, -5), (-4.8623346886842835, 13.951897251108717)),
    ((-5, -5, 5), (-4.8623346886842835, 13.951897251108717)),
    ((-5, -5, 5), (-4.8623346886842835, 13.951897251108717)),
    ((-5, -5, 5), (-4.8623346886842835, 13.951897251108717)),
    ((-5, 5, 5), (-4.8623346886842835, 7.791492659222152)),
    ((-5, 5, 5), (-4.8623346886842835, 7.791492659222152)),
    ((5, -5, 5), (-4.8623346886842835, 7.791492659222152)),
    ((5, 5, -5), (-4.8623346886842835, 7.791492659222151)),
    ((-5, 5, 5), (-4.8623346886842835, 7.791492659222152)),
    ((-5, 5, 5), (-4.8623346886842835, 7.791492659222152)),
    ((5, 5, -5), (-4.8623346886842835, 7.791492659222151)),
    ((5, 5, -5), (-4.8623346886842835, 7.791492659222151)),
    ((5, -5, -5), (-4.8623346886842835, 13.951897251108717)),
    ((5, -5, -5), (-4.8623346886842835, 13.951897251108717)),
    ((-5, -5, 5), (-4.8623346886842835, 13.951897251108717)),
    ((-5, 5, -5), (-4.8623346886842835, 13.951897251108717)),
    ((-5, -5, 5), (-4.8623346886842835, 13.951897251108717)),
    ((5, -5, -5), (-4.8623346886842835, 13.951897251108717)),
    ((5, -5, -5), (-4.8623346886842835, 13.951897251108717)),
    ((-5, -5, 5), (-4.8623346886842835, 13.951897251108717)),
    ((-5, -5, 5), (-4.8623346886842835, 13.951897251108717)),
    ((-5, -5, 5), (-4.8623346886842835, 13.951897251108717)),
    ((-5, 5, 5), (-4.8623346886842835, 7.791492659222152)),
    ((-5, 5, 5), (-4.8623346886842835, 7.791492659222152)),
    ((5, -5, 5), (-4.8623346886842835, 7.791492659222152)),
    ((5, 5, -5), (-4.8623346886842835, 7.791492659222151)),
    ((-5, 5, 5), (-4.8623346886842835, 7.791492659222152)),
    ((-5, 5, 5), (-4.8623346886842835, 7.791492659222152)),
    ((5, 5, -5), (-4.8623346886842835, 7.791492659222151)),
    ((5, 5, -5), (-4.8623346886842835, 7.791492659222151)),
    ((5, -5, -5), (-4.8623346886842835, 13.951897251108717)),
    ((5, -5, -5), (-4.8623346886842835, 13.951897251108717)),
    ((-5, -5, 5), (-4.8623346886842835, 13.951897251108717)),
    ((-5, 5, -5), (-4.8623346886842835, 13.951897251108717)),
    ((-5, -5, 5), (-4.8623346886842835, 13.951897251108717)),
    ((5, -5, -5), (-4.8623346886842835, 13.951897251108717)),
    ((5, -5, -5), (-4.8623346886842835, 13.951897251108717)),
    ((-5, -5, 5), (-4.8623346886842835, 13.951897251108717)),
    ((-5, -5, 5), (-4.8623346886842835, 13.951897251108717)),
    ((-5, -5, 5), (-4.8623346886842835, 13.951897251108717)),
    ((-5, 5, 5), (-4.8623346886842835, 7.791492659222152)),
    ((-5, 5, 5), (-4.8623346886842835, 7.791492659222152)),
    ((5, -5, 5), (-4.8623346886842835, 7.791492659222152)),
    ((5, 5, -5), (-4.8623346886842835, 7.791492659222151)),
    ((-5, 5, 5), (-4.8623346886842835, 7.791492659222152)),
    ((-5, 5, 5), (-4.8623346886842835, 7.791492659222152)),
    ((5, 5, -5), (-4.8623346886842835, 7.791492659222151)),
    ((5, -5, 5), (-4.8623346886842835, 7.791492659222152)),
    ((5, 5, -5), (-4.8623346886842835, 7.791492659222151)),
    ((5, -5, -5), (-4.8623346886842835, 13.951897251108717)),
    ((5, -5, -5), (-4.8623346886842835, 13.951897251108717)),
    ((-5, -5, 5), (-4.8623346886842835, 13.951897251108717)),
    ((-5, 5, -5), (-4.8623346886842835, 13.951897251108717)),
    ((-5, -5, 5), (-4.8623346886842835, 13.951897251108717)),
    ((5, -5, -5), (-4.8623346886842835, 13.951897251108717)),
    ((5, -5, -5), (-4.8623346886842835, 13.951897251108717)),
    ((-5, -5, 5), (-4.8623346886842835, 13.951897251108717)),
    ((-5, -5, 5), (-4.8623346886842835, 13.951897251108717)),
    ((-5, -5, 5), (-4.8623346886842835, 13.951897251108717)),
    ((-5, 5, 5), (-4.8623346886842835, 7.791492659222152)),
    ((-5, 5, 5), (-4.8623346886842835, 7.791492659222152)),
    ((5, -5, 5), (-4.8623346886842835, 7.791492659222152)),
    ((5, 5, -5), (-4.8623346886842835, 7.791492659222151)),
    ((-5, 5, 5), (-4.8623346886842835, 7.791492659222152)),
    ((-5, 5, 5), (-4.8623346886842835, 7.791492659222152)),
    ((5, 5, -5), (-4.8623346886842835, 7.791492659222151)),
    ((-5, -5, 5), (-4.8623346886842835, 13.951897251108717)),
    ((5, 5, -5), (-4.8623346886842835, 7.791492659222151)),
    ((5, -5, -5), (-4.8623346886842835, 13.951897251108717)),
    ((5, -5, -5), (-4.8623346886842835, 13.951897251108717)),
    ((-5, -5, 5), (-4.8623346886842835, 13.951897251108717)),
    ((-5, 5, -5), (-4.8623346886842835, 13.951897251108717)),
    ((-5, -5, 5), (-4.8623346886842835, 13.951897251108717)),
    ((5, -5, -5), (-4.8623346886842835, 13.951897251108717)),
    ((5, -5, -5), (-4.8623346886842835, 13.951897251108717)),
    ((-5, -5, 5), (-4.8623346886842835, 13.951897251108717)),
    ((-5, -5, 5), (-4.8623346886842835, 13.951897251108717)),
    ((-5, -5, 5), (-4.8623346886842835, 13.951897251108717)),
    ((-5, 5, 5), (-4.8623346886842835, 7.791492659222152)),
    ((-5, 5, 5), (-4.8623346886842835, 7.791492659222152)),
    ((5, -5, 5), (-4.8623346886842835, 7.791492659222152)),
    ((5, 5, -5), (-4.8623346886842835, 7.791492659222151)),
    ((-5, 5, 5), (-4.8623346886842835, 7.791492659222152)),
    ((-5, 5, 5), (-4.8623346886842835, 7.791492659222152)),
    ((5, 5, -5), (-4.8623346886842835, 7.791492659222151)),
    ((5, 5, -5), (-4.8623346886842835, 7.791492659222151)),
    ((5, -5, -5), (-4.8623346886842835, 13.951897251108717)),
    ((5, -5, -5), (-4.8623346886842835, 13.951897251108717)),
    ((-5, -5, 5), (-4.8623346886842835, 13.951897251108717)),
    ((-5, 5, -5), (-4.8623346886842835, 13.951897251108717)),
    ((-5, -5, 5), (-4.8623346886842835, 13.951897251108717)),
    ((5, -5, -5), (-4.8623346886842835, 13.951897251108717)),
    ((5, -5, -5), (-4.8623346886842835, 13.951897251108717)),
    ((-5, -5, 5), (-4.8623346886842835, 13.951897251108717)),
    ((-5, -5, 5), (-4.8623346886842835, 13.951897251108717)),
    ((-5, -5, 5), (-4.8623346886842835, 13.951897251108717)),
    ((-5, 5, 5), (-4.8623346886842835, 7.791492659222152)),
    ((5, -5, 5), (-4.8623346886842835, 7.791492659222152)),
    ((5, 5, -5), (-4.8623346886842835, 7.791492659222151)),
    ((-5, 5, 5), (-4.8623346886842835, 7.791492659222152)),
    ((-5, 5, 5), (-4.8623346886842835, 7.791492659222152)),
    ((5, 5, -5), (-4.8623346886842835, 7.791492659222151)),
    ((5, 5, -5), (-4.8623346886842835, 7.791492659222151)),
    ((5, -5, -5), (-4.8623346886842835, 13.951897251108717)),
    ((-5, -5, 5), (-4.8623346886842835, 13.951897251108717)),
    ((-5, 5, -5), (-4.8623346886842835, 13.951897251108717)),
    ((-5, -5, 5), (-4.8623346886842835, 13.951897251108717)),
    ((5, -5, -5), (-4.8623346886842835, 13.951897251108717)),
    ((5, -5, -5), (-4.8623346886842835, 13.951897251108717)),
    ((0.020511507790829636, -0.026021476232671925, -0.69164540432579147), (-18.641220363785667, -0.78116662354846744)),
    ((0.0041512584236834127, -0.013696549103074711, -0.78139373493712538), (-18.524419336924794, -1.4303897443846512)),
    ((-5, -5, 5), (-4.8623346886842835, 13.951897251108717)),
    ((-5, -5, 5), (-4.8623346886842835, 13.951897251108717)),
    ((-5, -5, 5), (-4.8623346886842835, 13.951897251108717)),
    ((-5, 5, 5), (-4.8623346886842835, 7.791492659222152)),
    ((5, -5, 5), (-4.8623346886842835, 7.791492659222152)),
    ((5, 5, -5), (-4.8623346886842835, 7.791492659222151)),
    ((-5, 5, 5), (-4.8623346886842835, 7.791492659222152)),
    ((-5, 5, 5), (-4.8623346886842835, 7.791492659222152)),
    ((5, 5, -5), (-4.8623346886842835, 7.791492659222151)),
    ((5, 5, -5), (-4.8623346886842835, 7.791492659222151)),
    ((-1.2887422509253801, -0.84752715895917641, -1.1453851265153028), (-14.865911600582915, -8.8425225848331266)),
    ((5, -5, -5), (-4.8623346886842835, 13.951897251108717)),
    ((-5, -5, 5), (-4.8623346886842835, 13.951897251108717)),
    ((-5, 5, -5), (-4.8623346886842835, 13.951897251108717)),
    ((-5, -5, 5), (-4.8623346886842835, 13.951897251108717)),
    ((5, -5, -5), (-4.8623346886842835, 13.951897251108717)),
    ((5, -5, -5), (-4.8623346886842835, 13.951897251108717)),
    ((-5, -5, 5), (-4.8623346886842835, 13.951897251108717)),
    ((-5, -5, 5), (-4.8623346886842835, 13.951897251108717)),
    ((-5, 5, 5), (-4.8623346886842835, 7.791492659222152)),
    ((5, -5, 5), (-4.8623346886842835, 7.791492659222152)),
    ((5, 5, -5), (-4.8623346886842835, 7.791492659222151)),
    ((-5, 5, 5), (-4.8623346886842835, 7.791492659222152)),
    ((-5, 5, 5), (-4.8623346886842835, 7.791492659222152)),
    ((5, 5, -5), (-4.8623346886842835, 7.791492659222151)),
    ((5, -5, -5), (-4.8623346886842835, 13.951897251108717)),
    ((-5, -5, 5), (-4.8623346886842835, 13.951897251108717)),
    ((-5, 5, -5), (-4.8623346886842835, 13.951897251108717)),
    ((-5, -5, 5), (-4.8623346886842835, 13.951897251108717)),
    ((5, -5, -5), (-4.8623346886842835, 13.951897251108717)),
    ((5, -5, -5), (-4.8623346886842835, 13.951897251108717)),
    ((0.032055082920465758, -0.043254566654068613, -0.6282252484975408), (-18.709557734322985, -0.39299434898669372)),
    ((-5, -5, 5), (-4.8623346886842835, 13.951897251108717)),
    ((-0.036118568391489081, -0.047452950254081444, -0.028071322516864061), (-19.77177574159885, 0.21395427655273341)),
    ((-5, -5, 5), (-4.8623346886842835, 13.951897251108717)),
    ((-5, 5, 5), (-4.8623346886842835, 7.791492659222152)),
    ((5, -5, 5), (-4.8623346886842835, 7.791492659222152)),
    ((5, 5, -5), (-4.8623346886842835, 7.791492659222151)),
    ((-5, 5, 5), (-4.8623346886842835, 7.791492659222152)),
    ((-5, 5, 5), (-4.8623346886842835, 7.791492659222152)),
    ((5, 5, -5), (-4.8623346886842835, 7.791492659222151)),
    ((5, -5, -5), (-4.8623346886842835, 13.951897251108717)),
    ((-5, -5, 5), (-4.8623346886842835, 13.951897251108717)),
    ((-5, 5, -5), (-4.8623346886842835, 13.951897251108717)),
    ((-5, -5, 5), (-4.8623346886842835, 13.951897251108717)),
    ((5, -5, -5), (-4.8623346886842835, 13.951897251108717)),
    ((5, -5, -5), (-4.8623346886842835, 13.951897251108717)),
    ((-5, -5, 5), (-4.8623346886842835, 13.951897251108717)),
    ((-1.1187891787299444, 0.097300633044544782, -0.087394657293560551), (-17.730154644052117, -3.5349950476523841)),
    ((5, -5, 5), (-4.8623346886842835, 7.791492659222152)),
    ((-5, 5, 5), (-4.8623346886842835, 7.791492659222152)),
    ((-5, 5, 5), (-4.8623346886842835, 7.791492659222152)),
    ((-1.2069604813917296, -0.14433224422539787, -1.1696359653022297), (-15.742001741873615, -7.4167883744076715)),
    ((-5, -5, 5), (-4.8623346886842835, 13.951897251108717)),
    ((-5, 5, -5), (-4.8623346886842835, 13.951897251108717)),
    ((5, -5, -5), (-4.8623346886842835, 13.951897251108717)),
    ((5, -5, -5), (-4.8623346886842835, 13.951897251108717)),
    ((-5, -5, 5), (-4.8623346886842835, 13.951897251108717)),
    ((5, -5, 5), (-4.8623346886842835, 7.791492659222152)),
    ((-5, 5, 5), (-4.8623346886842835, 7.791492659222152)),
    ((-0.091559885124452373, 0.034340003914701378, -0.8523401283369646), (-18.23785892619101, -1.8104933746300407)),
    ((-5, -5, 5), (-4.8623346886842835, 13.951897251108717)),
    ((-5, 5, -5), (-4.8623346886842835, 13.951897251108717)),
    ((5, -5, -5), (-4.8623346886842835, 13.951897251108717)),
    ((-5, -5, 5), (-4.8623346886842835, 13.951897251108717)),
    ((5, -5, 5), (-4.8623346886842835, 7.791492659222152)),
    ((-5, 5, 5), (-4.8623346886842835, 7.791492659222152)),
    ((-0.090041312540561511, -0.060758854342541468, -0.82572693383916929), (-18.259015888860638, -1.5633221403522444)),
    ((-5, -5, 5), (-4.8623346886842835, 13.951897251108717)),
    ((-5, 5, -5), (-4.8623346886842835, 13.951897251108717)),
    ((5, -5, -5), (-4.8623346886842835, 13.951897251108717)),
    ((-5, -5, 5), (-4.8623346886842835, 13.951897251108717)),
    ((-5, 5, 5), (-4.8623346886842835, 7.791492659222152)),
    ((-5, 5, -5), (-4.8623346886842835, 13.951897251108717)),
    ((5, -5, -5), (-4.8623346886842835, 13.951897251108717)),
    ((-0.76709949422816703, -0.10745815086510738, -0.94470769382035646), (-16.833123897139146, -3.9886636857385858)),
    ((-5, -5, 5), (-4.8623346886842835, 13.951897251108717)),
    ((-5, 5, 5), (-4.8623346886842835, 7.791492659222152)),
    ((-0.92199729299833688, 0.17824505695991991, -1.1361537451781465), (-16.232945787639753, -6.1780709414229591)),
    ((-5, 5, -5), (-4.8623346886842835, 13.951897251108717)),
    ((5, -5, -5), (-4.8623346886842835, 13.951897251108717)),
    ((-5, -5, 5), (-4.8623346886842835, 13.951897251108717)),
    ((-5, -5, 5), (-4.8623346886842835, 13.951897251108717)),
    ((-5, 5, 5), (-4.8623346886842835, 7.791492659222152)),
    ((-5, -5, 5), (-4.8623346886842835, 13.951897251108717)),
    ((-5, 5, -5), (-4.8623346886842835, 13.951897251108717)),
    ((5, -5, -5), (-4.8623346886842835, 13.951897251108717)),
    ((-5, -5, 5), (-4.8623346886842835, 13.951897251108717)),
    ((-5, 5, 5), (-4.8623346886842835, 7.791492659222152)),
    ((-5, 5, -5), (-4.8623346886842835, 13.951897251108717)),
    ((5, -5, -5), (-4.8623346886842835, 13.951897251108717)),
    ((-5, -5, 5), (-4.8623346886842835, 13.951897251108717)),
    ((-5, 5, -5), (-4.8623346886842835, 13.951897251108717)),
    ((5, -5, -5), (-4.8623346886842835, 13.951897251108717)),
    ((-5, -5, 5), (-4.8623346886842835, 13.951897251108717)),
    ((1.6942621646473024, -1.1152223594703905, -3.7201964519614319), (-11.264261666961843, -9.0805628539032597)),
),)
