fronts = ((
    ((0, 0.596740276086792, 0.84823759373052, 0.8710178221553463, 0.6111650333752607, 0.30542528606441344, 0.8642212449176778, 0.3025085519226117, 0.24355397440749266, 0.9628592890337528, 1, 0.08736844077175582, 0.8521586823909573, 0.4121053758253872, 1, 1, 0.8614306293219144, 0.22062097264103364, 0.8898602810780769, 0.6066434902381409, 0.26062697295734766, 0.772489316093077, 0.6070891403234306, 0.9297584975255504, 0.8842611590051849, 0.7076141697749128, 0.30641885598266333, 0.41999677107362754, 0.011215519322961415, 0.4403648555112397), (0, 6.547647234957936)),
    ((0, 0.5957918229666949, 0.9979899984136225, 0.7569890916513536, 0.3114389184112911, 0.06152097381256934, 0.47879837135102454, 0.06546939154335973, 0.3005489560404686, 1, 0.6861913036948645, 0.31726887707786455, 0.9575719139160835, 0.4810669110620542, 0.7988828870806385, 0.5199464903358402, 0.8337774367389654, 0.39936498909210705, 0.8214592452869391, 0.6821129292193442, 0, 0.8110924909066568, 1, 0.7818701037478886, 1, 0.15956233951632556, 0.3060017227172376, 0.421449524492909, 0.04029580078941365, 0.2676742495136141), (0, 5.920249332910764)),
    ((0, 0.43465092026680896, 0.6748971880060786, 0.7052313886291802, 0.44512627085779066, 0, 0.5776017219290721, 0.3491817756976414, 0.2743796000784159, 1, 1, 0.35166102506405905, 0.6283391221504053, 0.6534992665318168, 0.9459309979716398, 0.6387426503309104, 0.40663975402345387, 1, 0.49143570305723694, 0.5728395762698391, 0.1412214474199703, 0.11841016598188625, 0.8551267383810651, 0.5343925193346009, 0.8890545767914765, 0.2420023447791459, 0.40666035358593194, 0.5216172570350446, 0.12257283607592029, 0.9168878441784507), (0, 5.93389404827071)),
    ((0, 0.7136144899060239, 0.8421613091045206, 0.6872401458769026, 0.5547624437516235, 0, 0.5597793408890682, 0.2778345122574503, 0, 1, 0.8696265784724739, 0.27869897314938896, 0.6918961063752589, 0.49758085412621883, 0.4420840269215116, 0.8630808660147774, 0.4817995785659671, 0.4481074079610603, 0.6204862607213637, 0.43288488257003666, 0.37073715515600447, 0.6893845579318886, 0.3932112784785416, 0.7565984737776146, 1, 0.2637299159769867, 0.3141541604426541, 0.3840267260239123, 0.007881644205044133, 0.10659413085262195), (0, 5.51488284053725)),
    ((0, 0.5196213305498351, 0.7873582621955206, 0.7852158166064673, 0.45605216137491206, 0, 0.49861521471215375, 0.2613364337713801, 0.24560563199293056, 0.9571997473480665, 0.8859848989249731, 0.15772729734725444, 1, 0.46850538002222286, 1, 0.8559011250425923, 0.9815740864676835, 0.4014615143120264, 1, 0.6258857676847978, 0.1436700605317979, 0.5752784603967788, 0.4383502441594124, 0.8759870090883501, 0.6727158210961751, 0.20127957481924552, 0.4219319441527366, 0.38956933261532617, 0.11378803950746166, 1), (0, 6.189156427326929)),
    ((0, 0.6139007349087934, 1, 0.9132907114151111, 0.6212291306098175, 0, 0.7021376067436983, 0.28845343822264957, 0.25194953916525126, 0.9705215843579496, 0.8109115618720488, 0.442080908170127, 0.9078449098348775, 0.41820468206108496, 0.8939840511708366, 0.9401941454021604, 0.710689886838399, 0.37552157227105487, 0.9173550482468533, 0.5759617507900967, 0.31987042700527757, 0.5264061262221291, 0.7025411069246894, 0.9827155035218651, 1, 0.6925903160286772, 0.29657680619819893, 0.47526224139560047, 0.11066472728402987, 0.333789939495895), (0, 6.522477107083261)),
    ((0, 0.5949848827077129, 0.9732311973647849, 0.8853420246571119, 0.49362506062350575, 0.14982008620427706, 0.6434225709279118, 0.28609355793499963, 0.22657796116665468, 1, 0.4521165135209114, 0.34746563706885014, 0.6948436980000954, 0.5746527929650734, 1, 1, 1, 0.43780256044055327, 0.531777856746608, 0.3394831336083766, 0.26579941653965283, 0.7674711548686461, 0.7779911297547494, 1, 0.7535172406483576, 0.17148510889883867, 0.36933027757959436, 0.4161832850452229, 0.12158917058605292, 0.6942161262439485), (0, 6.2661862757559454)),
    ((0, 0.6307261314009159, 0.8291815608981146, 0.8552488645105747, 0.7475265081283665, 0, 0.49129694298870574, 0.25538243908104247, 0.2666384857343823, 0.9828168872240003, 0.8313855852373322, 0.43775019445618707, 0.8679697871010319, 0.7934446709422318, 1, 0.5189381821581492, 0.9625826733346929, 0.18532861037167048, 0.6508196058578978, 0.5875352414905268, 0, 0.8148937226028792, 0.3207961295100027, 0.7914584690957517, 0.9492211552456308, 0.15419827016608623, 0.274630548016961, 0.645957900646985, 0.554085642128703, 0.5391133692306803), (0, 6.25690855855295)),
    ((0, 0.5619670665387442, 0.8227532939182312, 0.9620964459748513, 0.8269805394875605, 0.3776723683249978, 0.7179215220824524, 0.2543543290192244, 0.1610890361967885, 0.9108411467440103, 0.88373408430321, 0.5685068586548107, 0.8558410387021667, 0.33557431744497584, 0.6591450354953756, 1, 1, 0.5163163655482359, 0.8279958309820901, 0.5967158868384935, 0.7974923930154182, 0.7934194563514814, 0.5361957896685194, 0.17124678717019132, 1, 0.1526337499121098, 0.3329069233032558, 0.42082486576418476, 0.0840566145574093, 0.7723947358471317), (0, 6.555382356434942)),
    ((0, 0.7351402777597191, 0.9583624752301687, 0.6488449503154669, 0.6097837743436472, 0.04347458044384411, 0.6189367915607434, 0.2572679140667386, 0.20144990595390844, 0.8609243846378118, 0.44719793262174345, 0.14679837978052693, 1, 0.47688009398480996, 0.9097352187363044, 0.9305888797528927, 0.5671903544716952, 0.2604203421691793, 0.48282735687645395, 0.5822834669318009, 0, 0.7425376054981869, 0.8906282497821785, 0.4564592751941094, 0.82445530776321, 0.24406359080205167, 0.3696120867809858, 0.6394134267227001, 0.0606976374296031, 0.600428462345018), (0, 5.83095256888274)),
    ((0, 0.5902480363003597, 0.9064602570559207, 0.817435093236614, 0.6831707895007728, 0.2439520035013465, 0.5640748375691418, 0.10709371636792295, 0.15557022633924145, 1, 1, 0.2910092703186098, 0.9735864215311725, 1, 0.7039397330687491, 1, 0.3578500923646703, 0.4698256687361282, 1, 1, 0, 1, 0.6988439301312737, 1, 1, 0, 0.4091445464354324, 0.7900464221209429, 0.12137439312725935, 0.5552249772619059), (0, 6.722401852920937)),
    ((0, 0.5228805787699475, 0.7667489917342892, 1, 0.5420135053527038, 0, 0.582347764779577, 0.24519997137968014, 0.23254157629823105, 0.8688254720084202, 0.6826968105029179, 0.21340968798570348, 0.8235792383702489, 0.41222828785897314, 0.8178341820898445, 1, 0.6514086125343923, 0.4616515071360735, 0.7944836375323262, 0.620574053703855, 0.11425706671254637, 0.7907855550010586, 0.5310962872108346, 0.6141537759654501, 1, 0.6365533734077791, 0.3477184987979344, 0.3547525630596813, 0, 0.3502558848751487), (0, 5.95868868784857)),
    ((0, 0.576818370606391, 1, 0.8178850735017752, 0.4107724657430797, 0.049638384163719955, 1, 0.26556928239369026, 0.28728797069700607, 0.9561406640920151, 1, 0.2553417553555084, 0.7409403449658601, 0.68663637514586, 1, 0.6670080256036001, 0.9887743995462165, 0.46520208995154955, 0.863683488750661, 0.7227356785793189, 0, 0.7690068561485961, 0.5597629528677939, 0.7834687315485602, 1, 0.21362547620562328, 0.5201712288472808, 0.4849743927893493, 0.015228840704421293, 0.3845163340687159), (0, 6.42643802208584)),
    ((0, 0.7175753084026928, 0.8658732963673381, 0.772492411826543, 0.6476859984761145, 0, 0.7135306767856398, 0.18630120779942294, 0.30137001695817983, 1, 0.8905062057081521, 0.4129202011970495, 0.8314720333861837, 0.6019595029227103, 0.8118138955469666, 0.7512825655294173, 0.7828383829425684, 0.3330596121413788, 0.798680858065894, 0.49148896728792496, 0.5585848985973769, 0.7926161078203781, 0.8555733345573202, 0.9406316170053528, 0.8131585421955522, 0.1551059427398641, 0.39319154828475966, 0.4446225898820212, 0.05636857292980992, 0.4670936287336829), (0, 6.396213148855608)),
    ((0, 0.6944277486416031, 0.8120465533256688, 0.8722269835158092, 0.5131919792648836, 0.10873123729860015, 0.6406830574851868, 0.5831604535817934, 0.24246317008833626, 1, 0.8111744351716962, 0.20169726620225037, 0.6211725587492494, 0.6680609683703984, 0.4228148509972579, 0.8475992081852053, 1, 0.591523914887686, 0.5053686294621831, 0.6939932406296909, 0.553980944787786, 1, 0.8234508151638821, 1, 0.886364473746964, 0.2275704232447198, 0.35390063986784637, 0.2718401645037158, 0, 0.616240040581456), (0, 6.450798407578786)),
    ((0, 0.6924099718690238, 0.8407980447306982, 0.8713538369525518, 0.5593421817200015, 0.266095349031648, 0.42557834411770407, 0.3301728750022025, 0.2014073629460177, 0.9428614681979733, 0.670330283400316, 0.2506713413664394, 0.6241089853774339, 0.4075322416617688, 0.5226504503832418, 0.7565418954605031, 0.5040532257039589, 0.37651245573621855, 0.6673229159938274, 0.7310629081995679, 0.11309897315081441, 0.6344571523635789, 0.3492955857851177, 0.8869143558800865, 0.9017002403096236, 0.07622926185419515, 0.3071699377965809, 0.48475880403491634, 0.004981531131174489, 0.6134047956381476), (0, 5.659150033867518)),
    ((0, 0.6324592241398943, 0.7799509971791836, 0.8984032048847597, 0.5631984506903748, 0.0975165856575327, 0.6028594150597483, 0.3185816634292154, 0.2605746601684529, 0.9576225641950988, 0.5781940343691505, 0.24851501211183002, 0.5467400111141557, 0.6210691818788159, 0.34971520490237484, 0.5616535741121997, 0.8655258197713711, 0.44353317105131296, 0.9823758865029405, 0.6682683243956805, 0.10185904699574662, 0.740958688224644, 0.637358472727809, 0.6458535687845883, 0.35373123675115253, 0.563264385711775, 0.3056417981437699, 0.386457012338222, 0, 0.7094187083551943), (0, 5.785920659752515)),
    ((0, 0.4399543477166763, 1, 0.8410746964737157, 0.4088606676118467, 0.2114773052185761, 0.3271239562669491, 0.30847309415962554, 0.2896780209738652, 0.9541697953524454, 0.5063853583407076, 0.3003900460139412, 1, 0.5322444635968081, 0.9074958168462688, 1, 1, 0.5392370013001551, 0.7996662347817972, 0.9069916396586863, 0.18203791511528303, 0.9066272536941424, 0.4193196991349817, 0.6644895796445441, 0.799187472817007, 0.08718344670101008, 0.2221207752401939, 0.6232888298223114, 0.1450627770520877, 0.4826142444642936), (0, 6.2153927566200435)),
    ((0, 0.6601066764193925, 0.8410823094185177, 0.8597478085702654, 0.8493785010783237, 0.3854703477539255, 0.4390798761918068, 0.24392891619878862, 0.18957121974208552, 0.9252671923170807, 0.8954694370337165, 1, 0.5479716690658571, 0.5928081575215466, 1, 0.5062223664839787, 0.8080605082419128, 0.4544036330254077, 0.32294541858064346, 0.6427175441249995, 0.26340881911695035, 0.9425657736659869, 0.4598136069940461, 0.33816935774417617, 0.8295102847905953, 0.22490482670813464, 0.39773275099192434, 0.47117409564855023, 0, 0.6084490449819822), (0, 6.1827462510929445)),
    ((0, 1, 0.5410515675241523, 0.8886092796567006, 0.6275842998646337, 0, 0.5775123628965119, 0.3972025515628522, 0.17403470641362806, 0.9042497329130659, 0.681268769629547, 0.07676186105362418, 0.5676622222036742, 0.6241869911813747, 0.5057290594827516, 0.823468549477752, 1, 0.48185104531463985, 1, 0.22299577469315107, 0, 0.295862814668715, 0.48209698221635355, 0.9146196836780014, 0.8455496592159948, 0.604756387559181, 0.337151123879905, 0.5273537350323474, 0.037324555650662075, 0.7162648427631387), (0, 5.920563345751423)),
    ((0, 0.39563530079434, 1, 0.9990339001977714, 0.6888595522198266, 0.22035380573127622, 0.6761018002296868, 0.2773073982592035, 0.23896498998689256, 0.8347629087387012, 1, 0.2792358729288928, 0.40939697781346907, 0.5587616208922644, 0.6846187818522935, 1, 1, 0.47931150039135884, 0.38415154351864156, 0.7402759104237175, 0.6203781237956396, 0.9992916292802665, 0.8068012672414163, 1, 1, 0, 0.37629491370010454, 0.46695420957424344, 0, 0.5636700925900275), (0, 6.493153755222079)),
    ((0, 0.3997457353865467, 0.8935402686816998, 0.8351120022848809, 0.9043069309241581, 0, 0.6608694165016225, 0.2774236939991624, 0.23387770746810194, 0.9333139592679927, 0.6205471738997866, 0.4217713009630494, 0.625674154562216, 0.534694288064739, 0.7598198794463396, 1, 0.9315414768540973, 0.22424121060245475, 1, 0.7701072495504205, 0, 0, 1, 1, 0.9524026436966158, 0.7051263082292385, 0.26676294917741394, 0.5797399081038105, 0.01844048624803217, 0.7496306280220446), (0, 6.3685587706003375)),
    ((0, 0.16377202631840115, 0.9614345064236957, 0.8960104597851594, 0.8203711848429649, 0.21483187259544334, 0.5906812955957986, 0.30712265582422366, 0.23365444058078833, 0.9641696306098924, 1, 0.07677177082462952, 1, 0.4955624083213511, 1, 1, 1, 0.38670953533881924, 0.4918406741217911, 0.6145621007124309, 0.41480072380801636, 0.5413168153473419, 0.7473492692573542, 0.5868182844936418, 1, 0.7932631553374494, 0.3725783800070958, 0.48617546250423793, 0.03956074621871952, 0.6407193326603597), (0, 6.536575537371256)),
    ((0, 0.43216450214977875, 0.871668583064067, 0.9033513173449057, 0.7919958404370829, 0, 0.574862056363773, 0.30174342482196076, 0.22655525635395243, 0.9304827876007865, 1, 0.3915677951501537, 0.923509586628198, 0.6481049936102714, 0.49423594365151735, 0.6541418367598242, 0.47940967992219186, 0.33905715046163987, 0.4485347490502709, 0.6870099580324991, 0, 0.264509426397868, 0.806666687614022, 0.23504522172205256, 0.67492648411072, 0, 0.36469015875845184, 0.2482703285223134, 0.37163763755020207, 0.5375134737135576), (0, 5.531548066142365)),
    ((0, 0.2912971693456558, 0.38775906979063324, 0.8612547428516377, 0.5958618004053771, 0.3329809270293326, 0.7768051273518304, 0.6441430052001466, 0.22522779436895535, 0.9752325117616618, 0.7810216894992321, 0.11419637953495532, 1, 0.637955806566473, 1, 0.6239092489171743, 0.5164717608817901, 0.3099169574005211, 0.6865929011236339, 0.5847960825326741, 0.4572287159809394, 0.03779243402932053, 0.6294037803687205, 0.35585782364401375, 1, 0.2226177333539153, 0.14804564415755894, 0.3333684708883149, 0.44520071497654057, 0.7446046438306911), (0, 5.878478842142252)),
    ((0, 0.4973513438306837, 0.7780882154141174, 0.4237349715499469, 0.4269696639011239, 0.1700092985600366, 0.8619010342296425, 0.33770741549438466, 0.23612573571894682, 1, 0.3627616023249043, 0.09401527993263964, 0.902635233506385, 0.3207580985642377, 1, 1, 1, 0.35440212342892363, 0.9947796887186741, 0.7427249465676884, 0, 1, 1, 0.8364676615465209, 0.5113737716658376, 0.1284346891142895, 0.36049836515075606, 0.5400364497559687, 0.09017708023322978, 0.6874792923753215), (0, 6.169858194974427)),
    ((0, 0.6174921245491202, 0.8446716577665281, 0.7360187516885317, 0.6540255341523782, 0.12766568426965708, 0.8779584999399658, 0.29999782971483946, 0.25316251388784655, 0.849701712163734, 1, 0.16159504963129612, 0.9635727620600761, 0.6917834783875559, 1, 0.8973977573351141, 1, 0.44582479505963923, 1, 0.7940134123470046, 0, 0.4369021800869052, 1, 0.6251749278896014, 1, 0.20666489787493203, 0.35839512201977375, 0.49318403083021967, 0.11527776909579293, 0.5096911202604542), (0, 6.5738463620378855)),
    ((0, 0.3514307554078401, 1, 1, 0.7558558218115947, 0.19975755206725082, 0.8294869882355603, 0.29087644113980377, 0.2388484830917032, 0.8373562648248032, 0.5581160397981177, 0.1380292194449848, 1, 0.8253808870928071, 0.5826292702449585, 0.825148223009626, 1, 0.492971678590825, 0.028179886864722836, 0.0223147358411846, 0.7223211238301338, 0.8529124394145233, 0.6559405155691854, 0.3333767012276908, 0.7252345783725057, 0.055256292059731926, 0.36568651885193726, 0.5287278040558873, 0, 0), (0, 5.722156689228497)),
    ((0, 0.484380114226375, 1, 0.6578825495104108, 0.5223141947498579, 0, 0.6100165103105184, 0.27720857117764197, 0.26379164908859476, 0.9960644304897889, 0.6007327862643512, 0.08748635153778722, 0.7517425280059318, 0.38117484092885073, 1, 1, 1, 0.44056772486300066, 0.8310885727540411, 0.9762327518052287, 1, 1, 0.7811688767702293, 0.3472442440286668, 0.5052436899483057, 0.2966842450204084, 0.8130865491490027, 0.4398317248231034, 0.4883945715338396, 0.22285609756724314), (0, 6.5164393852061595)),
    ((0, 1, 0.5343414295881047, 0.24704023006588863, 0.8355288116739139, 0, 0.6922608726364984, 0.2631173127884033, 0.25636126395324893, 0.8707774014037213, 0.7417481914570385, 0.28993309923314214, 0.8480493877327521, 0.6249417134032116, 0.850720757919714, 1, 0.5391220884521679, 0.6010701069838508, 0.6023967323377823, 0.09439922855373961, 0.32160057605259595, 0.8275885140780882, 0.8484470597233189, 0.5255275461463367, 0.9365513663542411, 0.1324675395896246, 0.4230002598587306, 0.6584733320372738, 0.1291840560975941, 0.9477905926828292), (0, 6.164895008180492)),
    ((0, 0.670179320460352, 0.8647523063919624, 0.8468676577535432, 0.7369549446420349, 0, 0.5989543971961455, 0.28704531557438145, 0.1481958454209898, 1, 1, 0.24053591257314877, 1, 0.6654900023638182, 0.49684892486084664, 0.7686933974323205, 0.6011025918164765, 0.3904204394641387, 0.46623457963967496, 0.20876890151381922, 0, 0.024944145485482183, 0.6532551485771869, 0.6487988747011133, 1, 0.21234334682497152, 0.36300597492937703, 0.5092116860600133, 0, 0.9595704810319368), (0, 5.767571301807711)),
    ((0, 0.3645824938302957, 0.5756172424444241, 0.6440301952697259, 0.7282077256246174, 0.05000143781446218, 0.7102041748399233, 0.31907766880101157, 0.16874754436195308, 0.9771267766987443, 0.6822941324353182, 0, 1, 0.5420295280146699, 0.1650210072494409, 1, 0.4783793083263286, 0.19677820319298722, 0.7063492668794625, 0.5471931051115716, 0.21042586977194921, 0.9462718017755055, 0.8477169034593697, 1, 1, 0, 0.3778804632372975, 0.4823769223046418, 0.02969052649270735, 0.5843733126980364), (0, 5.7589441550244835)),
    ((0, 0.5351527450625566, 0.5686098309986163, 0.8500242881162723, 0.611313243870981, 0, 0.7046223157774617, 0.26330598287528895, 0, 0.945678076714236, 0.8422334983923117, 0, 0.7493360644002578, 0.46033893928945513, 1, 1, 1, 0.13988307097108987, 1, 0.19137767672089057, 0.4510164073242143, 0.8145127809303405, 0.941602539943637, 1, 0.3196026922473041, 0, 0.3351334929720403, 0.45232211721185867, 0.003864402167149228, 0.6799592972852093), (0, 5.922034661015191)),
    ((0, 0.5211611852958802, 0.9498850285986815, 1, 0.42366775426306147, 0, 0.6202033614518638, 0.2760520200209244, 0.21840783729944815, 0.8998528999999924, 1, 0.15023211503387268, 0.45698584311869284, 0.37198205881780216, 0.6113890955007752, 0.575096084690139, 1, 0.43791706612376646, 1, 0.6637250790039639, 0.3204038422510671, 0.7780502920025963, 1, 0.5653499497442198, 1, 0.6740139255352404, 0.3618418369365108, 0.6271767181536956, 0.5075004834440073, 0.9152994961982588), (0, 6.563301577977937)),
    ((0, 0.49905175517379075, 0.9506073043716559, 0.9471252873661026, 0.7178165162958987, 0.11025800575788747, 0.7731904395879308, 0.28822067832978665, 0.30975007489668843, 1, 1, 0.014316607061419573, 1, 0.7243649535637617, 0.6047382048131125, 0.7252407456536707, 0.44980995380209166, 0.3802948436937014, 0.9292778118204932, 0.832489121963182, 0.5117967752794175, 0.014906715146768224, 0.47983469290318825, 0.5906829308960815, 0.6792079221185063, 0.20191287378253034, 0.43836363222577035, 0.5355471679141126, 0.003664182952465303, 0.6734245525052246), (0, 6.085277370650937)),
    ((0, 0.5596212022643157, 0.8247417539611802, 0.9013185871403282, 0.5450273182013474, 0.08721887615168489, 0.46761393926828837, 0.2858334152321458, 0.5038023740955746, 1, 0.9308857748517729, 0.33593608897377536, 1, 0.4366437025311797, 0.5490318497069882, 0.7625858256971363, 1, 0.3659501592386204, 0.3577063725750751, 0.6193903923635166, 0, 1, 0.7270628537872331, 1, 0.766164811356427, 0.39349094967916, 0.4263118507857108, 0.6576857606004476, 0, 0.5274046890335251), (0, 6.285615756119271)),
    ((0, 0.2287023361833444, 0.857395005858315, 0.8713917740177031, 0.7416931920203662, 0.2737975103317798, 0.9020953422395164, 0.28405353750898404, 0.23468047828184252, 0.8603958537851571, 0.7125580857795353, 0.22212961623232674, 1, 0.7875157894637532, 1, 0.5728066761785011, 0.7744169373641837, 0.3766163592539168, 0.9774750536912862, 0.9775574975292499, 0.3938644080929561, 1, 0.46778236183679883, 0.3188422647026051, 0.7119390351228936, 0.14962138285041032, 0.3389385194611993, 0.5886214757289049, 0, 0.24310217068703013), (0, 6.234894275097347)),
    ((0, 0.6488670386977309, 0.4360260839757387, 0.7499175649400958, 0.6457482133453448, 0, 0.522511009061468, 0.27481531940734616, 0.15287367600740343, 0.9537165361105607, 1, 0.032799077361949536, 1, 0.06712274910687971, 0.7539687568769493, 1, 0.949578286423058, 0.5608604562911917, 1, 0.7423036544113328, 0.5345804561901489, 0.22596367031321657, 1, 1, 1, 0.6055723918678859, 0.3430049782405139, 0.23954366821250617, 0.20856252966526523, 0.6491834558193885), (0, 6.368195729342545)),
    ((0, 0.5594038729053088, 0.820831400567801, 0.8318002529016272, 0.6819486123790017, 0, 0.1263271537853683, 0.24073671068289737, 0.2132688102531165, 0.9617192837661611, 0.9423167053488742, 0.13906309882204315, 0.8267519189349812, 0.7376979960939092, 0.6324255482496539, 1, 0.9948565811295867, 0.8625576483314206, 0.6616925555959552, 0.3818300237753429, 0.29327666965568977, 0.03810156112449664, 0.8033510880056098, 1, 0.7484984810077813, 0, 0.3080626593845833, 0.46163650401115724, 0.0007433480624868816, 0.6457742437968672), (0, 5.939036364039499)),
    ((0, 0.8701003760203639, 0.5270360251220488, 0.9159491754562876, 0.2847587474527642, 0.10188943583856688, 0.4992546506772238, 0.26015793124158776, 0.23515315924749441, 0.86473178333984, 0.6277418415295984, 0.34052802210568833, 0.9707295466618922, 0.35624269586306245, 0.37028594530105063, 1, 0.7554565882451778, 0.3117592226399834, 1, 0.021509872020064602, 0, 0.06048292151240775, 0.6391063086770916, 0.6640622514195367, 1, 0.21414220532339714, 0.04236749588167689, 0.6351527789046749, 0.14201171538427917, 0.4863687402378312), (0, 5.405959135342494)),
    ((0, 0.5688419217646123, 0.9534972424940211, 0.7407969590230269, 0.7937435749032723, 0, 0.7755202726080301, 0.3897058496541691, 0.12743426226223092, 0.8053503469339705, 0.755217704303973, 0.1504399527969595, 1, 0.7840731294574756, 1, 1, 1, 0.28219869777177314, 0.04807341073632785, 0.9145820349545839, 0.39379600845485646, 0.6979561787891527, 0.6885124440941193, 0.3944648874463115, 1, 0.26197463019516465, 0.25298348723254194, 0.2972953166961447, 0.36088651156069806, 0.21882295508687472), (0, 6.169155517689055)),
    ((0, 0.6582666631959587, 1, 1, 0.7876846615042592, 0.10222058455719617, 0, 0.4300275232605235, 0.11304074365005301, 0.8380525095273621, 1, 0.27293332374195695, 1, 0.5107870289830436, 0.5210558373928613, 1, 0.7978070983629887, 0.21391784809507564, 0.9250221726213996, 0.45141821414163136, 0, 0.3555986065787936, 0.13105193575842897, 0.5144688588701111, 0.5597988413878983, 0.38078892539000364, 0.12146872442121354, 0.45043331847506896, 0, 0.8353781417628084), (0, 5.646241174314059)),
    ((0, 0.52623385234511, 1, 0.9456356437322021, 1, 0, 0.6389018200824295, 0.23010573440635512, 0.2039339179699857, 1, 0.9441163656266567, 0.2913115195037371, 0.47340996888028886, 0.4036381269538551, 1, 1, 1, 0, 1, 0.8319669892252256, 0.006190243304023957, 1, 0, 1, 1, 0.33663363101133714, 0.025927549357810026, 0.31831765876840334, 0.2115012424742806, 0.6862928265585289), (0, 6.298863924544898)),
    ((0, 0.22797199291113657, 0.8616660204415114, 0.42872768324485133, 0.849243961717475, 0.3228644592943426, 0.6982258351041032, 0.2653362633712067, 0.8309121306192868, 0.6923198020637782, 0.9493895327274833, 0.36962556498855553, 0.4100027938004639, 0.49384236610436105, 0, 0.006007805611589423, 1, 0.36359378356820604, 1, 1, 0, 1, 1, 0.1960174262382705, 1, 0.0777139670301018, 0.2547521250320967, 0.2133530105762633, 0, 1), (0, 5.813934438620888)),
    ((0, 0.5925875304342152, 0.9958374239729487, 0.5992398603115741, 0.7658911497074715, 0, 0.33739008488561584, 0.2821959824647677, 0.21242031338791256, 1, 0.8948283906707122, 0.036905611266177085, 1, 0.8785336256181675, 0.08616027223865641, 1, 0.5216188335408072, 0.5494505667010676, 0.43527614566137107, 0.6368326046321067, 0, 0.6775554686703056, 1, 1, 1, 0.36830123806884596, 0.8942974409678428, 0.686579352425488, 0, 1), (0, 6.416107484849465)),
    ((0, 0.42322330531502805, 0.8546218819341311, 1, 0.3406723617404938, 0, 0.8056964580878925, 0.27475042066737265, 0.2726415530356713, 1, 0.614333639515786, 0.005268342343682564, 0.6544106895343313, 0.6969219290151023, 1, 0.5902802332841492, 1, 0.3140899908988368, 0.3546468936010771, 0.07252216054761626, 0.012234926882554564, 0.5232312063765784, 0.4671261752605744, 0.849377153185118, 0.786938216543681, 0, 0.21719050915043137, 0.5642871494655418, 0.0735196152902708, 0.22788160425618298), (0, 5.3435447497720325)),
    ((0, 0.4986180687449583, 0.1945000815443878, 0.6344199963067667, 0.49942268837897175, 0, 0.7380481915110051, 0.23286730120676735, 0.18727097208737137, 0.9689890219998675, 1, 0, 0.9483366584943878, 0.597367586780331, 1, 1, 1, 0.3305596437209761, 1, 0.5125860767029854, 0.41550014535715635, 0.951116560366688, 1, 1, 0, 0.5012455682359358, 0.3345420355511941, 0.5797940696383269, 0, 0.7100132040048689), (0, 6.224716580541259)),
    ((0, 0.37773772452447646, 0, 0.7210489188699931, 0.9301713198168052, 0, 0.5733716727810143, 0.1952432926109023, 0.1901302842602326, 0.9333561321706562, 0.13228483672798846, 0.2303060827071322, 0.6092501170689637, 0.3589324993065378, 1, 0.7388064347281312, 1, 0.40949659169522346, 0.6129989579615309, 0.9412512564277102, 0.3700461123404972, 0.6186065189197509, 0.3078033823873134, 1, 1, 0.14105844416102542, 0.2236227895018894, 0.33345526984523, 0.2631005459378824, 0.5578106069870743), (0, 5.583758900884195)),
    ((0, 0.3709104940332778, 0.9009791234988371, 0.07170763152635495, 0.26611381752309726, 0, 0.46909310250898445, 0.28105051665958486, 0.3157695857012714, 0.8125792084375908, 0.9031902187666885, 0.15718612958342548, 1, 0.7916649474111626, 1, 1, 0.02504900222667264, 0.26973067302615805, 0.6209707194630832, 0.6841878072683272, 0, 1, 0.8718339224638051, 1, 1, 0.2940156757151919, 0.27249481425617395, 0.30192855352170545, 0.11598655750928182, 0.5802387289718599), (0, 5.772073485194926)),
    ((0, 0.1387496386693874, 0.5744861548307315, 0.6234717002436893, 0.42061179920860436, 0, 0.5286933971947588, 0.2833404579880655, 0.28450059516980974, 0.8292907483838562, 1, 0.17646939750766255, 0.40855235846963717, 1, 0.8543075671846823, 1, 1, 0.783052665067699, 0.5913904337404003, 1, 0.2729198135032298, 0.48347480410751137, 0.3882077979686104, 1, 0.7508168263983391, 0.4369908850459129, 0.2895000550888387, 0.5449714383255707, 0.1961721342495849, 0.05814159102460162), (0, 5.940103804632438)),
    ((0, 0.8481064148470245, 0.7386342919614308, 0.2858208880220684, 0.8336469028370923, 0, 1, 0.27874470988887734, 0.23455508875450198, 0.9323090423645766, 1, 0.25684163225531814, 1, 0.4962751602789458, 0.960516756785561, 0.5562402066775378, 1, 0.13976425214680288, 0.8344369267898237, 0.8653218335331381, 0, 0.5175526948234979, 0.9267911131579818, 0.7510214538260137, 1, 0.2529609918455946, 0.5006217509141415, 0.25149706518843873, 0, 0.5975944023565622), (0, 6.294251110803254)),
    ((0, 0.6789217166235675, 0.3648791708054535, 0.8689180404584987, 0.8084862361345772, 0.03632557677628978, 1, 0.26814983398557507, 0.1702540243510448, 0.9241621228553007, 1, 0.3773470000940501, 1, 0.2646343705550923, 1, 0.6586976893200132, 0.831069672723851, 0.47227941258996864, 1, 0.5439008144867273, 0, 0.3219342050344873, 0.8948236819731046, 0.847270509702392, 0.7138941900689391, 0.3429765567328222, 0.48713538722565763, 0.1606442420607701, 0.028630183540586267, 0.727011799594299), (0, 6.211417859973713)),
    ((0, 0.6870609087728781, 0.043467525003968666, 0.7726218486651037, 0.7915007361735104, 0, 0.6057972642896302, 0.2124495227600634, 0.2974064356703621, 1, 1, 0.5295470425933484, 0.5533834936837185, 0.7121025729186676, 1, 0.7356351319785261, 1, 0.6552035508156933, 0.7354682679309555, 0.6122651421703851, 0, 1, 1, 0.7090952219191224, 0.6631384873744761, 0.39437329265214827, 0.4774223669426547, 0.2691363899621246, 0.06974272814438454, 0.6888864824795896), (0, 6.342804817796959)),
    ((0, 0.444492718431985, 0.4896570006527565, 0.8296766610983946, 0.24199730740499525, 0.34338725104050843, 0.7826502450771671, 0.080674496705984, 0.3045207430835851, 0.9198131244129713, 1, 0.3585023863464398, 0.3744683088834081, 0.4173544181179124, 1, 0.7296852537022321, 0.754107566824696, 0.4437542183848888, 0, 0.5814267299828058, 0.6363854849322289, 0.5761900940767464, 0.44066789797712486, 0.6269597747197122, 1, 0, 0.5356415079044609, 0.4993143670886361, 0.0066905405468927065, 0.7410334325240939), (0, 5.704533233423643)),
    ((0, 0.5046241475937959, 0.8806761796416982, 0.8623933326020546, 0.7556379638629036, 0, 1, 0.38984218848555646, 0.006572606116048249, 0.9957562177594583, 0.5887445845361392, 0.35097947535180546, 0.504317900658988, 1, 0.5447960681527101, 1, 1, 0, 1, 0.4277606508495417, 0.6605467091028585, 0.23881527862080193, 1, 0.9964496086128167, 0.9008922031155278, 0.4817427290660316, 0.3027914109090607, 0.21850869179304888, 0.10196558830616231, 0.4736969806830309), (0, 6.334054987668289)),
    ((0, 0.011809486100735178, 0.8160264427739199, 0.8416918332968178, 0.7051606874300204, 0.06869877459265877, 0.5914045282131187, 0.7849816506469135, 0.23742458463480529, 0.8743343634705759, 0.6302716107781655, 0.08569191460551306, 1, 0.4724109526960401, 1, 0.6606419186349979, 1, 0.5644357201106448, 1, 0.16766145423250722, 0.7887822003411487, 0.5015686368298634, 0.47908568350761244, 1, 1, 0.17908897125399792, 0.3226679244680977, 0.5663166581432386, 0.2154917828134134, 0.26598666197808213), (0, 6.223610688757794)),
    ((0, 0.2663681227104848, 0.8802617221305495, 0.8311961011447171, 1, 0.403033022317026, 0.8498794239132962, 0.3072966935141505, 0.21255441415302812, 1, 1, 0.4123764933629027, 1, 0.7269661316146434, 0.16521601057789786, 0.5515699652367644, 0.3393934327372097, 0.40128951259281775, 1, 1, 0, 0.9305848294736474, 1, 0.48539294618141915, 1, 0.6599616746348846, 0.3236973350737657, 0.19129705591534085, 0.015511865298171602, 0.7182623556246647), (0, 6.484447654271257)),
    ((0, 0.578124162124172, 0.8406319687221159, 0.7444030724981763, 0.6442953687958428, 0, 0.6269975250116893, 0.33401080718653975, 0.25819853048407476, 1, 0.7552195753451312, 0.5673261087147543, 0.7876457635180565, 0.8054903382590605, 1, 1, 1, 0.6317475907473032, 0.7625687715231759, 0.47640107149478655, 0, 0.5425316446531403, 1, 1, 1, 0, 0.2624692727381267, 0.40296142851517947, 0, 0.4298045020075197), (0, 6.4157740524499856)),
    ((0, 0.15081307564026203, 0.9570425490957137, 0.6749976508619135, 1, 0.12843999451754745, 0.1927224870434172, 0.2787898923773722, 0.27355759769117605, 1, 0.32478740083574076, 0.4121314031612147, 0.9426300717587776, 0.5985614383839514, 1, 1, 0.9495651994807993, 0.17795048431222799, 1, 0.29948543470633815, 0, 1, 0.7155440098004706, 1, 1, 0.5112151688618713, 0.3510932462930761, 0.7158867454015428, 0.11495242266685327, 0.3654532835471271), (0, 6.317950896825397)),
    ((0, 0.7406913597064497, 0.7394127134995578, 0.8136586700672556, 0.5878111612936221, 0, 0.6830528927293027, 0.2852386945152503, 0.19839110940874216, 0.8202486314604657, 0.8986851179652938, 0.06440249422006872, 0.3169158257016295, 0.5386988161964122, 1, 0.25633310890024796, 0.9315329860385009, 0.2354931831497712, 1, 0.2580249512453627, 0.46288919589320277, 0.6059241552469594, 0.8496101362631461, 0.15515446818024045, 1, 0, 0.18482272593849683, 0.5176856236164258, 0, 0.716832779876628), (0, 5.6121930072419755)),
    ((0, 0.5744405890884949, 0.0887753432699449, 0.8661957828157985, 0.4553343826492074, 0.2796557898158334, 0.7766066143817704, 0.3409844088264895, 0.23601780850392995, 1, 1, 0.598660869584708, 1, 0.6538799146521924, 0.8540474091278756, 0.9057040621674639, 1, 0.466989748553038, 1, 0.5171641895429354, 0.3348595990971013, 0.6638983705031793, 0.6413799846698502, 0.6443739735830101, 1, 0, 0.45854353820234944, 0.7521917992987679, 0.12260064176256669, 0.16417431241585234), (0, 6.3989073169865955)),
    ((0, 0.6552105143793941, 0.679541506793369, 0.800199476096633, 0.2936666918065286, 0, 0.41754873071034404, 0.317922556448064, 0.42569943981492653, 1, 1, 0.02763897204924093, 0.8386807892594996, 0.5471502554412063, 1, 0.3301207226096787, 0.37269995462617256, 0.6113495896372968, 0.481215889143858, 0.5856739673621618, 0.4217030506128648, 0.20739936170546364, 0.5560530293654266, 1, 1, 0.03852631104193749, 0.5572428212944713, 0.5019852646256638, 0.14826025396069611, 0.17678262679301598), (0, 5.652773999317283)),
    ((0.7540106614478531, 0.3569071569851545, 0.07072092542573027, 0.4652278864396799, 0.17497182865120986, 0.6768774910417747, 0.42446002318586673, 0.09627574877267339, 0.30564182330324885, 0.8167185959096943, 0.20844001696301362, 0.48251775479684966, 0.1957704571671194, 0.4332697476998578, 0, 0.3318171737551109, 0.15041705765982466, 0.5243814143880765, 0.39987143365810296, 0.9249603541885795, 1, 0.019556469745800276, 0.18808127245767414, 0, 0, 0.4517942576176333, 0, 0.06081519264740838, 0, 0.15235193337511932), (0.7540106614478531, 2.0806897921375613)),
    ((0.710148728973945, 1, 0.5504397782870626, 0, 0.6312291162324495, 0.36069054073583395, 0.302355943453845, 0.21149626921179804, 0.27070445278786254, 0.7930429339108618, 0.264104507577095, 0.8564137303351175, 0.23978127462184065, 0.16566129785499223, 0.29534942206800263, 0.28609685666969387, 0.40539580736113534, 0.07569397683805956, 0.026335174929814666, 0.46113306216249095, 0.6589261823394128, 0.3992119966085605, 0, 0.1783659287190829, 0.666993096756663, 0, 0.21253578458528158, 0, 0, 0), (0.710148728973945, 2.2278647439343606)),
    ((0.22112154946551835, 0.8295787653794173, 0.3191499925002842, 0.6148937752058985, 0.3085692228869694, 0.38645733120232584, 0.5965637198168376, 0.14378084028867613, 0.2305282626928786, 0.7836108650963653, 0.2054191549053163, 0.7405433257441802, 0.2771210349432581, 0.15388738680549116, 0.2274560375749189, 0.6249915339963003, 0.2785389914335089, 0.6311806187499316, 0.07247758906523144, 0.1362586764667596, 0.6914100658531577, 0.040238586274327026, 0.5585274048890507, 0.0033611339497486292, 0.7661726793059722, 0.6652798099803039, 0.4079977229255441, 0, 0, 0), (0.22112154946551835, 3.341592306780759)),
    ((0.67128318290608, 0.10812022080850925, 1, 0.653376667571406, 0.07691314571813476, 0.5797025141497177, 0.2452304782584282, 0.2819106161913058, 0, 0.7714022552465891, 0.349863591298884, 1, 0, 0.02905605703158809, 0.40063334439335146, 0.2797157195525274, 0.1352257661430205, 0.32853458470056845, 0.3555472642761489, 0.5769539810879264, 0.6615793831795, 0.13244064579407885, 0, 0.24758610841881268, 0.44500008125446083, 0.648865777993213, 0, 0.16163484663113437, 0, 0.03532445624780556), (0.67128318290608, 2.3214051167143612)),
    ((0.6123826184055947, 1, 0.02539799343637228, 0, 0.010102885053217492, 0.47423743383301264, 1, 0.16945519200610165, 0.18435269472752472, 0.8705216221851177, 0.2648529177397856, 0.6251769304318716, 0.11768824885840673, 0, 0.30726641339624633, 0.2438437364916901, 0.4561096202825842, 0.3989716213257109, 0.11221952742708241, 0.06078994720027273, 0.9366816747785415, 0.16835015165122164, 1, 0.15272766981434324, 0.4873996995220339, 0.64253503085805, 0.18076690368728407, 0.03823363763345086, 0, 0.1738207344950788), (0.6123826184055947, 2.5436693474302285)),
    ((0.1742394481804151, 0.8599726388151692, 1, 0.5323055340223357, 0.25908889099295906, 0.6418318354985271, 0.15888127993106274, 0.21929486080242788, 0.2442149786503036, 0.8522168612101613, 0.1380848221004166, 0.41534447391533513, 0.3304923395478395, 0, 0.199909636428419, 0.6157378636549706, 0, 0.732822780998314, 0.08186542739188996, 0.15459815168703708, 0.8165210231453126, 0.2607119307785939, 0.7660300245516242, 0.3083561883707056, 0, 0.6639385422185746, 0, 0.43262124335143975, 0.13810263866714662, 0.16735695449950538), (0.1742394481804151, 3.534123245212877)),
    ((1, 0.39244278204846295, 0.3240535651532772, 0.30986648416106705, 0, 0.6268105372844709, 0.6222358531713553, 0.32032074582032516, 0.1889235494781357, 0.8132378567230221, 0.22992396599971562, 0.9424607285206963, 0.3439351936551309, 0, 0.22885947995625996, 0.2661232402897834, 0.522388739845242, 0.08640875300939288, 0.20580751128819585, 0.0625395199218074, 1, 0.06404503641602069, 0.290171053693726, 0, 1, 0.6723253571238066, 0, 0.21439944773564473, 0, 0.24006402860223683), (1, 2.070119597706699)),
    ((1, 0.4521940772624189, 0, 0, 0.6901526224700583, 0.06850532735222306, 0.018111394944855475, 0.03770478476071954, 0.317318691265298, 0.5855096485446001, 0.3809203005009994, 0.17198344647859276, 0.002387254560934582, 1, 0, 0.22022858196083167, 0.8921675540455456, 0.24749025134759461, 0.7835447693586143, 0.8327298854466405, 0.2056834112042643, 0.299698716721115, 0.971796385941951, 0.1407206974709423, 0, 0.23124328102350233, 0.13130971512755912, 0.08692037397769753, 0.038971695574084475, 0), (1, 1.8011234189182146)),
    ((1, 0.6579754445405372, 0.7054880562684078, 0.0608317412201943, 0.6384423561410866, 0.49889399135538426, 0.09462688822145271, 0.07950627146243942, 0.08664020723391712, 0.8606573519802507, 0.3727661502743009, 0.4652042432306974, 0.07680629639825737, 0.7649915495386687, 0, 0.1180845182800353, 0.2716707337031634, 0.2750759010726225, 0.9535298819376182, 1, 0.048603844268289786, 0.24666855947359156, 0.1794607597296637, 0, 0, 0, 0.20102216807626616, 0.055013302002215436, 0.7763174258286858, 0), (1, 1.9585266410865878)),
    ((0, 0, 0.5141752132089717, 0.6152602852049995, 0.7034592486057827, 0, 0.5970703210988259, 0.0803333721377135, 0.2790304825490721, 0.7691163173151256, 0.44375604417338044, 0.45252965202699974, 0.2750918296346272, 0.455240257537254, 0.6431992025884294, 0.6624311170167525, 1, 0.4335627354433588, 1, 0.26864171314348784, 0, 0.011232456473638366, 0.3235597482657777, 0.696390135057553, 0.9608114366928875, 0.494483655918673, 0.6695535430476967, 0.07534554475648642, 0.3065849429800198, 0.2697138506519008), (0, 5.034660618957405)),
    ((0, 0.17261890896185028, 0.413340894291774, 0.4876297551157659, 0.46718099212154085, 0.11441327463636264, 0.6525784563902098, 0.21997251889557112, 0, 0.2855043451362731, 0.8035983959003449, 0, 0.40894488667029516, 0.1156915108433906, 0.6832728260926679, 0.5216309677205891, 0.6968238852364907, 0.5882184828636963, 0.6864098061105774, 0.429593939205525, 0, 0, 0.6061286081972809, 0.5766024183091577, 0.41755442226469497, 0, 0.6853135171673396, 0.020750255644915845, 0.3938935722876903, 0.9060524177246594), (0, 4.523567983451654)),
    ((0, 0.5940396105716792, 0.5073893254409259, 0.4753641752810956, 0, 1, 0.4482784361251842, 0.7214616323049914, 0.4077003692053721, 0, 0.6963270272517379, 0.34387376144164533, 0, 0.7995235784864696, 0.3819816931134934, 0.5661782004865232, 0.6496451644026616, 1, 0.44400697614578677, 0.23620259426395618, 0.25986621754171396, 0, 0.6006014560114797, 0, 0, 0, 0.5382455388011073, 0.33141939033675466, 0.09905834659801188, 0), (0, 4.445188670492943)),
    ((0, 0.10718887810128375, 0.5698822182563181, 0.3243743825131944, 0, 0, 0, 0, 0, 0, 0.7613120623727809, 0.04414926912935313, 0.2892734735728111, 0.7557592320783071, 0.3518597165768865, 0, 0, 0.2630313463492492, 0.4496447427115142, 0, 0.9159327233052891, 1, 0.3553415962137791, 0.471411849647314, 0.8099885178486478, 0.9507757337593087, 0.636258991359076, 0.32275932810023467, 0, 0.34684761917585605), (0, 4.018349142401409)),
    ((0, 0, 0.18725039337902982, 0.7401964741563307, 0.09824155393565748, 0, 0.8254256588965183, 0, 0, 0.8154576680592006, 0, 0, 0, 0.01960387951761411, 0, 0.7125581845443794, 0.4058472015244774, 1, 0.4844226161753482, 0.43981297272631015, 0.07985800208034888, 0, 0.25648374985670774, 0.9742665874882137, 0.8540132166169996, 0.6852495880578569, 0.20610509703963503, 1, 0.9309683132596087, 0.8784077241811293), (0, 4.598190342533044)),
    ((0, 0.47596459593800244, 0.9796559018653077, 0, 0.4617787929299526, 0.04191983013791263, 0.21386672240576476, 0, 0, 0.7818640667335399, 0.7810412580279671, 0.30570134215574485, 0.6456429209178697, 0.38464632402914556, 0.9678117862952207, 0.26987999709514066, 0.5918429888016179, 0, 0.6450901936955369, 0.9884060874588458, 0, 0, 0.6390265962882267, 0.6038099327939228, 0.8200429397782892, 0.3896612640530341, 0.6177019112870374, 0.10134023257624913, 0.066178975107, 0.923337296537409), (0, 4.940203710764781)),
    ((0, 0.21824576793283634, 0.23170311251858583, 0.6362050349766518, 0.1347268354683333, 0, 0.5607563530625992, 0, 0, 0.7942470155749415, 0.4926626809921053, 0.08605320264948191, 0.40135119250242784, 0.4364454444866961, 0.7154153881132688, 1, 0.7371557127458134, 0, 0.7801817896112692, 0, 1, 0.5624554802905656, 0.2791959824656694, 0.42208781131022755, 0.8005112958394925, 0.06375487122852867, 0.25991460494179097, 0, 0.6519411682123695, 0.5166578647070823), (0, 4.656379913333677)),
    ((0, 0.7351372308410071, 0.507848547228396, 0.3665197950343258, 0, 0, 0.5597209815716151, 0.04157200079796011, 0, 1, 1, 0.047951374587058726, 0.8272362083019134, 0.3419208536408481, 0.24710734642050247, 0.34107988897213726, 0.9538231936207762, 0, 0.9753682889000806, 0.5766284342183472, 0.09409344125245445, 0.018917338832427077, 0.4096367654173313, 1, 0.8627366240916501, 0.15519521209156853, 0.4870942313806377, 0.3350983515425709, 0.3208868240623135, 0.7458828271548151), (0, 5.019417304815401)),
    ((0.28031403507107167, 0, 0.7766907737656191, 0.5475923582821229, 0.48235070070600883, 0.013119143886585638, 0, 0.0666729293526408, 0, 0, 0.35929023263796445, 0.3337429299259839, 1, 0.3983735553279595, 0.826232454731966, 0.6219821731185917, 0.17734595306792855, 0, 0, 0.5301762809719546, 0.3922779738423313, 0, 0, 0.5726451257875106, 0, 0.3561067983995596, 0.5186689666956349, 0.6502435528471642, 0.27403053591319515, 0), (0.28031403507107167, 2.7344922994389558)),
    ((0, 0.3763929580538321, 0.7595058238748986, 0.3567797650400076, 0.008104436587267894, 0, 0.9002085596747992, 0, 0.21157169250445038, 0.8409642851404315, 0.7871416853649511, 0, 0.8626404507711635, 0.22101934794491634, 0.6324405619632575, 0, 0.08072671480482518, 0, 0.8101902971605297, 0.31272026779961803, 0.08507895406304092, 0, 0.13908301150880387, 0.4272298376451993, 0.8044570438720122, 0.3742433388672305, 0.525399056467502, 0, 0.411988390948392, 0.9442049970631603), (0, 4.374097354968366)),
    ((0, 0.37886428405683925, 0.3270719002677674, 0.569479160633981, 0.5534732407608258, 0.2171891503360438, 0.5169488115595133, 0.587901068809563, 0, 1, 0.39267447205818495, 0.1425629946873878, 0.7538000364608153, 0.6880124458827779, 0.2900588907608166, 0.24066164678389093, 0.8117682914406634, 0, 0.7045935515738687, 0.7341296522190784, 0.0671350193750815, 0, 0.4078640535082638, 0.6554924091792502, 1, 0.3270086837836895, 0.79609943191876, 0.8680683721403191, 0.2797719685216138, 0.23149528918478313), (0, 5.202728394246)),
    ((0, 0.042304177960235056, 0.43599639606792495, 0.8001220091544312, 0, 0, 0.6650247653378575, 0, 0.3984518532449879, 0.9564652626601755, 0.9943533379299746, 0, 0.7746843083456575, 0.2587097552952493, 0.6703178718807212, 0.05065384921022503, 0.31907079591467347, 0, 1, 0.4890434192842974, 0.6320886980493731, 0.5202709714114155, 0.2626460745661865, 0.8119763979579633, 0.8481411944833126, 0, 1, 0.2778514913095682, 0.16488755771622413, 1), (0, 5.150260058276693)),
    ((0, 0.05761543632038202, 0.6689107098203104, 0.8242209880290798, 0.4830718341432203, 0, 0.9119575417896704, 0.06417669797561112, 0.15814545091063711, 0.4476685503978646, 0.7704446372824753, 0.5270362767484871, 0.9189233452606161, 0.30842152580951643, 0.6648801226871123, 0.16787665747712713, 0.04935767679090464, 0.4877783022987189, 1, 0.869601494234364, 0.4799805281023629, 0.11884879106183245, 0.20366976255926267, 1, 0.33669216211160546, 0, 0.6011347547579048, 0.04687539694262616, 0.5636446158460513, 0.5536985301708874), (0, 5.122816762267506)),
    ((0, 0.23283732008166935, 0.14744872975709866, 0.9733228721443647, 0.544347962841111, 0.16875244724605748, 1, 0, 0, 0.9397520792734327, 0.910378557356851, 0, 0.7623811726269106, 0.48374716361904524, 0, 0.06952445965510635, 0.9236931512291742, 0.04857111358603455, 0.6997631351712066, 0.20150532519289566, 0.1508591902120009, 0.5245630667149362, 0.22393034587080443, 1, 0.7237746735254685, 0.43902325851565427, 0.8012263339665064, 0.272761986773694, 0, 0.9237453120237866), (0, 5.0859719626363535)),
    ((0, 0, 0.7155835777844396, 0.6974574570990633, 0.47313661128431417, 0, 0.2944371591911328, 0, 0, 1, 0.8577532467234305, 0.33260789496849064, 0.2883686230614808, 0.14147406471244414, 0.5845478869865945, 0.10170901450074071, 0.47127122909919317, 0.04398578522765878, 0.8827980507779676, 0.576307317563047, 0, 0, 0.13787864420020707, 0.6564366172047941, 0.656133767279246, 0.1559152108918556, 0.5003342020566574, 0, 0.3689338715505885, 0.4938100766558918), (0, 4.237169751012867)),
    ((0, 0, 0.71354183336451, 0.6725836274175323, 0.4330747233323469, 0.5166946250911546, 0.7632831156895898, 0.1860139162846552, 0.21526837839671226, 0.7108696221417294, 0.9536605645275193, 0.11073763801366257, 0.2508780179699308, 0.407613412962267, 0.5941523568086214, 0, 0.926980958540504, 0.28857569436664177, 0.9388741504610297, 0.38029453237422034, 0.23590915902507584, 0.5849054939770988, 0.06814057539370932, 0.17982667108911887, 0.6052245722121969, 0, 0.5591976367820298, 0, 0.030066187893934254, 0.9135785101158614), (0, 4.798603923037409)),
    ((0, 0.6671141386436961, 0.38884789231552974, 0.45757793184273204, 0.5910621543627822, 0, 0.3923610987068179, 0.15599899523316113, 0.05184601035221939, 0.8948946778787688, 0, 0.76393583497868, 0.5365543579807059, 1, 0, 0, 0.4287143407454804, 1, 0.7557378187789696, 0.4915063298936349, 0.006988750181970871, 0.001301620052497926, 0.530227364069258, 0.24504004093771603, 0, 0, 0.07276091936406659, 0.1615359750615873, 0.31438009522548876, 0), (0, 4.075016452394891)),
    ((0, 0.6936198282265378, 0.4680995417679491, 0.43598991668645365, 0.7334426838026308, 0.27343807997179326, 0.9843392230221641, 0, 0.4747812490448706, 0.8902986796126033, 0.3484851932377916, 0.14349346547001887, 0.7943605556873055, 0.8033412164379657, 0.7768492824947644, 0, 0.5823115264514647, 0.4068504694427603, 0.4331217194437116, 0.8585970883702754, 0, 0, 0.30855144856033995, 0.2104052363532598, 0.5952253855854985, 0, 0.9701520099195202, 0, 0.22964564971132995, 1), (0, 5.163399829093417)),
    ((0, 0.6039714605787858, 0, 0.27435296372411755, 0.7109215349200383, 0.31173207590867635, 0, 0.8529344719983005, 0.2939603827834182, 0.8033180086284256, 1, 0, 0.17572766275066765, 0.8176926990578467, 0.6240363431824906, 0.2781921542654394, 0.29162545125894623, 0.6895543696744083, 0, 0, 0, 0.24181379517823987, 0.4116937924374653, 0.3334096552031295, 0, 1, 0.28629378630543595, 0.3158545849740512, 0.3059535204854478, 0.6417261121802175), (0, 4.495961497567583)),
    ((0, 0.33149458288887995, 0.5829461922421552, 0.5857624260503761, 0.515450360929438, 0, 0.9291118489592329, 0.43888023094339346, 0, 0.85691227687683, 0.8182129331581235, 0, 0.25150432293266634, 0.08860108832734198, 0.1954969222998303, 0, 0.6736277277663509, 0.3059272134310706, 0.8137244525149581, 0.26494302004377557, 0, 0, 0.535688626801628, 1, 1, 0.19750528009331592, 0.6826578073114804, 0.44472223534271244, 0, 1), (0, 4.883397446214554)),
    ((0, 0.16846780307962794, 0.08077953424996454, 0.3382896057136737, 0.4336680788674837, 0, 0.5853843444061522, 0, 0, 0.8580800567064037, 0.7346959033268106, 0, 0.6203412034679172, 0.19970740223877878, 0.39699811800076334, 0, 0.8513461884117985, 0, 0.6238385614843285, 0.4623835263202249, 0.16476775827929918, 0, 0.03206995837461463, 0.785486476422362, 0.44063552409794937, 0.035752158879449936, 0.559313767466657, 0.033903249686604464, 0.1975684915721576, 0.8684894851168414), (0, 3.9395760263975443)),
    ((0, 0.29918770976404246, 0.7999947961470056, 0.513903047246971, 0.584947225834081, 0, 1, 0.05978908021963869, 0.41289225302341936, 0.6397513262187807, 0.9060833106235194, 0.15869042799946617, 1, 0.40234804390740597, 0.6090551027355585, 0.5292843100020982, 0.8427832352075804, 0.04936676703708609, 0.6126320291127914, 0.2264498301879304, 0.3592163101058155, 0.367221520990622, 0.3019340862248412, 1, 0.49496044495531755, 0, 1, 0, 0.36452367045789785, 0.35551710487096766), (0, 5.3108546446846745)),
    ((0, 0.06225376035039032, 0.46207664427241235, 0.45894217965403517, 0.6160458907445352, 0, 1, 0.1090712598486634, 0, 0.682248100644429, 0.752795568482856, 0.36421351497402954, 0.8113703967505922, 0, 0.8936562418566204, 0, 0.7505034047429602, 0.342598881844132, 0.8779805112258984, 0.16371943802909839, 0, 0, 0.009854829941025267, 1, 0.8575825250703069, 0.45137523270722607, 0.571644588941988, 0.34025396602202534, 0.38629685980132317, 1), (0, 5.02346048838417)),
    ((0, 0.35682794514535837, 0.6688317705248504, 0.5950417511361709, 0.6389933079822144, 0.644812294150465, 0.39346455032619787, 0.37133376353506886, 0, 0.5487116312090383, 0.8479686106802179, 0.167077330196645, 0.9726627301135391, 0.5900709460857858, 0.6836866084375555, 0.6036313620701688, 0.4045024564996137, 0, 0.7922352358822833, 0.2866445472611537, 0.29587024496398845, 0, 0.16065193214946333, 0.8152207203126912, 0.6868841205209735, 0, 0.3593291579490091, 0.5484953067707506, 0, 0.540352320324827), (0, 5.0261967516569745)),
    ((0, 0.36027659569352954, 0.1483948234695177, 0.21655658671444578, 0.7599294425891363, 0, 0.4036259989319001, 0.2182910029515432, 0.0831455752580311, 0.7568994950626786, 0.7018509803265738, 0.6476083125632319, 0.1764511407294117, 0.7341150397265063, 0.5997243706107172, 0.016419307633691704, 0.8881347003022686, 0, 1, 0.91509447672188, 0, 0.4855560050475437, 0.12363565697180073, 0.896885662147305, 0.7677271788030179, 0.18820401363525152, 0.7562553646398347, 0.38867178614761627, 0, 1), (0, 5.106933850003341)),
    ((0, 0.12891753163075503, 0.42991057503808106, 0.2623636106599385, 1, 0.26373413210398466, 0, 0.12673919929660005, 0, 0.6000415924183188, 0.49693474305794955, 0, 0.6726176756968716, 0.41932001950007197, 0.5735370647534573, 1, 0, 0.057792830762102065, 0.6360332969703149, 1, 0, 0, 0.23909108333094764, 0.122193627116304, 0.02842285092069685, 0.5081410729108493, 0, 0.0025492243344454324, 0.057080891919911225, 0), (0, 3.676854800061877)),
    ((0, 0.9150437974483986, 0.7232511805593679, 0.9242446734184536, 0.687377907791014, 0.33114783411968074, 0.387544826417057, 0.3815758290463783, 0, 0.6569082016011584, 0.860918191080714, 0.3380246363110354, 0.7922842808837998, 0.5961073061848948, 0.7073720606263278, 0, 0.3351344494892662, 0, 0.5703652194198674, 0.09605071602910198, 0.2548020874890381, 0, 0, 0.22669927497264408, 0.5834138522096723, 0, 0.6092994193532504, 0, 0.4896054034481894, 1), (0, 4.869122080382544)),
    ((0, 0.28574736249451727, 0.6428881695712445, 0.7746341751190777, 0.10404333906974417, 0.09993026998896781, 1, 0, 0, 0.7642832557652831, 0.8084277219396194, 0, 0.14182454216228013, 0.20552962931449054, 1, 0.02060858314290545, 0.9841498280142195, 0.03625503784004874, 0.9180761165343247, 0.22709981968609738, 0, 0.4789368651903881, 0.35436746538052155, 0.8415385707417595, 0.7573205307881518, 0, 0, 0, 0.245263533142748, 0.8381069965979764), (0, 4.577975390081354)),
    ((0, 0.027775709412060645, 0.25381955576902526, 0.484739497382567, 0.1764788772610093, 0, 0.6754549863248598, 0.5827958456643136, 0.4635703730511188, 0.7579426204989765, 0.6447608238704611, 0.1572215006688239, 0.19845992719665828, 0.26261707317754707, 0.6242493576346664, 0.11755339593645348, 0.29455797932746, 0.6571210715982034, 0.2783846377985209, 0.14244004304627988, 0, 0.2169659918953062, 0.3455345917361735, 0, 0, 1, 0.359649476413545, 0.06709427352821987, 0.28269327723357907, 0.16610690895735913), (0, 3.8669617296016794)),
    ((0, 0.13691421611513654, 0.5756028940669883, 0.6781226926068601, 0.7644256941407703, 0.20814120544965584, 0.9588742142085656, 0.47480961225257134, 0.11365042485887755, 1, 1, 0.3537450853336612, 0.6651124833451793, 0.6785237904058014, 0.8809445113508247, 0, 0.8930074340716928, 0.19790676144836694, 1, 0.6989278394826162, 0.3528467560224941, 0.39598952516163577, 0.31609506124075026, 0.7874082445005518, 0.8015110060226925, 0.018282273599297683, 0.9411383730667621, 0.3509211990960833, 1, 1), (0, 6.351245230366569)),
    ((0, 0.378589832432126, 0.49435263956955383, 0.6149005969196184, 0.7729456560764109, 0.15989572312662287, 1, 0.3613314236251584, 0.5360814446590821, 1, 0.8410586466616776, 0, 0.908659672969514, 0.6209893285820729, 0.9309881404317472, 0.6382529691370942, 0.870157484808961, 0.4602887323933671, 0.9148695759963276, 0.7041064720151593, 0.06784922934260285, 0.5007899818797533, 0.5371336908130271, 1, 0.96496187892773, 0, 0.5896448518194622, 0.432890252885736, 0.37629443535176293, 1), (0, 6.48597565323521)),
    ((0, 0.5808484983962965, 0.8448540956449925, 0.8326313406985271, 0.5751060612578905, 0, 0.6012654914433625, 0.26459783583400615, 0.2366269358563733, 1, 1, 0.30925659213386725, 1, 0.5000332132072444, 1, 1, 1, 0.42333228724086974, 0.8623033337693222, 0.5928979686834388, 0, 0.6684741947370291, 0.7195728103773511, 1, 1, 0.250259892229985, 0.31278430778130206, 0.41605760601489317, 0, 0.5012350523070874), (0, 6.4285944020180885)),
),)
