fronts = ((
    ((-0.85813430424342951, -0.0059395719595553426, -0.84650615112313621), (-16.86540976179122, -4.0272661950073463)),
    ((-0.89345033619842962, -0.01796070347593505, -0.1029844298287288), (-18.156441563213466, -2.1605734469661475)),
    ((-0.92780676443976628, 0.017499518195236569, -0.085510892108602077), (-18.133053157261465, -2.464323388556759)),
    ((-0.86534898662174631, -0.04575208968710856, -0.95627393407112837), (-16.666170783942565, -4.9140741247022088)),
    ((-0.89349900707982277, 0.00090666411157851873, -0.88442837399408791), (-16.742323493992927, -4.6374407533206625)),
    ((-0.88230951665921908, -0.0044058702651081673, -0.96454390360521991), (-16.627843949547632, -5.1896853568978818)),
    ((-0.81816760015101875, 0.0015619604593397063, -0.93671269648985178), (-16.782123246585478, -4.4593408725243275)),
    ((-0.81649302848346428, 0.007867987261616239, -1.0243168828088967), (-16.640847941243862, -5.096105483019933)),
    ((-0.86178345661359368, -0.017216355799105264, -0.97453892471047943), (-16.645354677043173, -5.0746531307684446)),
    ((-0.75896807203806382, 0.027141271166634062, -1.0146917487711349), (-16.753515380166228, -4.5712342741052758)),
    ((-0.71748198722530221, -0.0039978266687300881, -1.0221637370467533), (-16.81430275155381, -4.389664662633475)),
    ((-0.77534712363774916, 0.014799624602512447, -1.025380641475564), (-16.708994363978746, -4.7818893766152417)),
    ((-0.73707965713798607, 0.032655252860247945, -1.0190374835616158), (-16.78344248469239, -4.4429650743192397)),
    ((-0.84755958788973429, 0.011554038111432127, -1.0608482672120776), (-16.528806888168532, -5.5559827254366194)),
    ((-0.70760698569873048, 0.024940155101829248, -1.0708604582009973), (-16.751229053323925, -4.5769388425699766)),
    ((-0.73763460739090014, 0.0082475945557666311, -0.95622944782547514), (-16.887548529980187, -4.018666140284858)),
    ((-0.74253895927529778, -0.040532870523092741, -1.024539874137937), (-16.763944358408985, -4.5050399962043688)),
    ((-0.92920709310194927, -0.003264747289205179, -0.9266100308957359), (-16.612400693644126, -5.2721268278075346)),
    ((-0.77602772208029958, 0.011690060665191543, -1.0426779891761759), (-16.679855847920543, -4.9033540973593563)),
    ((-0.90485936227583963, -0.0099575419643031932, -0.97467743708569543), (-16.573290582318023, -5.4427354774306824)),
    ((-0.73763213978035092, 0.046564577173510237, -0.98489608860942446), (-16.836133244431487, -4.1776128799536254)),
    ((-0.80301918054378452, -0.018364244616199232, -0.99934112781129547), (-16.704046460846005, -4.7976135449122159)),
    ((-0.76834627736298766, 0.015889729238506116, -1.0315728567826163), (-16.710846262046786, -4.7704043620189935)),
    ((-0.90028725776779484, 0.00056057882190416186, -1.15034687849717), (-16.297006574522875, -6.2868573615097985)),
    ((-0.73908045809233813, 0.0038588452604641742, -0.9873200056470699), (-16.833964503259445, -4.2804104870099318)),
    ((-0.88141320023904113, 0.020836432562576813, -1.0723325470300049), (-16.452788695275558, -5.8733486225541593)),
    ((-0.98227907140265336, -0.014917627976760051, -0.89618334822365042), (-16.575063089848243, -5.420213213958144)),
    ((-0.86565175470526878, -0.036891079381420361, -1.0443664478420218), (-16.522881703785743, -5.5644849621471906)),
    ((-0.75623749109246707, -0.015894592462028928, -0.99625688140339186), (-16.78929327726549, -4.4394522271199079)),
    ((-0.86759799855716468, -0.0081995798099689932, -0.95788638514796975), (-16.66344182147109, -5.0081288495597889)),
    ((-0.94041006577810471, 0.039187275138767283, -1.024024006244183), (-16.43095739180839, -6.044009193353256)),
    ((-1.0832165652049919, -0.00090265272122640183, -1.0906628334196367), (-16.09235856394905, -7.4496721992085497)),
    ((-0.83960936092185845, -0.021832237562890558, -0.96816306037919198), (-16.69291900571111, -4.8386358489371553)),
    ((-0.82766605231802903, -0.0019364607347967105, -0.95438716440610949), (-16.736748612710592, -4.6751652749961723)),
    ((-0.97572731852687467, 0.015802907019545009, -0.95477720999617754), (-16.48841711143619, -5.847333535449625)),
    ((-0.96773822267701493, -0.046259783850199646, -1.0077980746168547), (-16.411298544734876, -6.1406383356184406)),
    ((-0.98543993658079498, -0.01521784681645437, -0.9017286324587438), (-16.560591308604835, -5.4894444252275578)),
    ((-1.0352054130652908, -0.14231000854543999, -0.017910584064539159), (-17.831257768530218, -3.2132645859382891)),
    ((-1.1419799236826538, -0.13241744019630999, -0.0045082370243040223), (-17.68441347137663, -3.671262185427933)),
    ((-1.0849247724846129, -0.095941473728807999, -0.096760180452859917), (-17.773763861828517, -3.4196643767402799)),
    ((-1.1121589852949496, -0.10116599880590503, 0.077119180914057145), (-17.747140134339165, -3.5304834639365588)),
    ((-0.8403615138853342, -0.094811122229785591, -0.034694023419717335), (-18.244024531042818, -1.7107384288693988)),
    ((-0.8699309386135673, -0.095875533331073293, 0.056609800905157215), (-18.17401672248809, -1.914259628503922)),
    ((-1.0286575169431651, -0.097527224989617523, -0.043806315874487023), (-17.921451658715505, -3.1745293256190399)),
    ((-1.0134708964360455, -0.10967224314298735, -0.04419376907344541), (-17.92191339342115, -3.0576055172111625)),
    ((-0.87614068875187145, -0.018644666326454867, -1.0837536940918906), (-16.44337045087734, -5.8872703914018061)),
    ((-0.59568835858330482, 0.021187770490748645, -1.0748419920200731), (-16.941519544538707, -4.0147817571207973)),
    ((-0.58353800944047507, -0.034737609639412151, -1.072486801684742), (-16.96517691927182, -3.9301288073942295)),
    ((-0.48164428318026514, -0.031155671494876608, -1.1301992036662272), (-17.05600321236907, -3.7946607131465777)),
    ((-0.57224000588664214, 0.012709863808791771, -1.1499648288987336), (-16.863611701409226, -4.1366467322861924)),
    ((-0.44550043262469891, 0.024567571311697622, -1.1397436577039115), (-17.10753106742615, -3.7355281158600695)),
    ((-0.58724676796248398, 0.021888988092719747, -1.1502021588300355), (-16.835814119006848, -4.1809140261819042)),
    ((-0.51331685782034175, 0.011980970887402465, -1.1127892462498934), (-17.028638481147738, -3.8767030497395165)),
    ((-0.55829677319984838, -0.039081369444137509, -1.1119272379908243), (-16.946013057509283, -3.9795945220521594)),
    ((-0.95629061908589252, -0.1212423574143433, -1.1257230396586688), (-16.220177150893157, -6.5440354918662846)),
    ((-1.018645270184007, -0.21685081175434306, -1.0635409568072787), (-16.16829906575864, -6.7111685870159299)),
    ((-1.1039210380693865, -0.59371041955870618, -1.0803228207532072), (-15.597613477426693, -7.8688796715206557)),
    ((-1.0977082017681292, -0.54849431599223275, -1.1005302549805698), (-15.643522778932185, -7.7518632220385939)),
    ((-1.0885719661800508, -0.44112687747187618, -1.1200355219355167), (-15.766753480213751, -7.4795042132322855)),
    ((-1.1354678615088922, -0.53563702477869823, -1.1041836222998642), (-15.603031971115978, -7.8149585991493744)),
    ((-1.0953387126563268, -0.45399471721225537, -1.1136109421747891), (-15.751005901630043, -7.5165145769724022)),
    ((-1.0992114598221121, -0.73152580143382762, -1.0969459761102698), (-15.361208479313348, -8.6705521481965864)),
    ((-1.1317660430383856, -0.81744111163333888, -1.1204995371249076), (-15.141264989374195, -9.4431502972409369)),
    ((-1.1197125283325053, -0.70447374807112129, -1.0844942520396574), (-15.396279490905052, -8.5094459255887358)),
    ((-1.1379509341239278, -0.67750984370293299, -1.0923234699093576), (-15.406129920962485, -8.4141189150390296)),
    ((-1.0972095349676643, -0.64724544493433644, -1.0825632176580673), (-15.521317345560728, -8.1088099159768188)),
    ((-1.045227312613197, -0.62983264631661107, -1.11491997178386), (-15.574981598918093, -7.8804153446521061)),
    ((-1.0803105671979472, -0.68175495643940365, -1.1033343433648211), (-15.460566273490748, -8.3090082009477513)),
    ((-1.0706033241119512, -0.65087452022231229, -1.0861621146351634), (-15.546188072842694, -8.0272571964136716)),
    ((-1.1228959814821655, -0.57511266706533082, -1.1011670262363995), (-15.56995285143644, -7.9277012303389185)),
    ((-1.1081424978936858, -0.67334797226042098, -1.0963026620985596), (-15.446883710057051, -8.3429005570409736)),
    ((-1.1055054962779876, -0.71191847236942074, -1.1477955993067139), (-15.320366398968002, -8.6742982333654339)),
    ((-1.0245148670935125, -0.70859224427626744, -1.1230439182684109), (-15.462334129400947, -8.2050074230347292)),
    ((-1.04621860171628, -0.77776985165456347, -1.0001760281764165), (-15.46647189833047, -8.1744864077771702)),
    ((-1.1250912816906422, -0.68244167269468692, -1.1273500543795867), (-15.369143534425643, -8.5251751606440038)),
    ((-1.0494632455969228, -0.71045967355128292, -1.1328598771955771), (-15.41441157705433, -8.3913493690408014)),
    ((-1.0696835511729428, -0.86677664781807418, -1.1677025650441066), (-15.069301135655671, -9.6525235408447152)),
    ((-1.0426260867171258, -0.94111099131321596, -1.1019260335461434), (-15.034925773172723, -10.02868133667182)),
    ((-1.1324073441789104, -0.97349550910174332, -1.191126842972932), (-14.769668485593758, -10.681671770294997)),
    ((-1.0308182343445245, -0.80193604069986935, -1.1137217496117495), (-15.30091270035595, -8.8691626926693061)),
    ((0.023468587266165852, -0.026971763075408856, -0.22103814335566846), (-19.49316594759591, 0.3501626104951121)),
    ((-0.061735893878785753, 0.058951297470896002, -0.13973143024742596), (-19.531964175120162, 0.40493340086474161)),
    ((-0.77797134760512476, 0.10169694530265586, 0.026141903328581031), (-18.339924654455476, -1.2300571111705383)),
    ((-0.85008205151559169, 0.10432597710697877, -0.010768695391240382), (-18.218179479271797, -1.8075208262057272)),
    ((-0.79120968198124864, 0.097055478213336335, -0.014200646295070597), (-18.332047220630685, -1.3548042737740971)),
    ((-0.83996550441499518, 0.058077427947627658, 0.069032453729080484), (-18.271397787708167, -1.6998823633190525)),
    ((-0.85893934679745909, 0.11086489480019002, 0.036285397963066623), (-18.178982233416917, -1.8256040703080114)),
    ((-0.74643747249678183, 0.10742274056221365, 0.047435368099341305), (-18.36785413106643, -0.9667934576135514)),
    ((-0.69729917360728511, 0.010052054260784232, 0.0090101564932425632), (-18.671191694266717, -0.86515471520271203)),
    ((-0.49613015853584091, 0.0044644995613692812, 0.088756757652386831), (-18.879175949754213, 0.12244601666546037)),
    ((-0.50600810888184822, -0.072213506982945819, -0.032924405827208347), (-18.870768930711712, 0.11912636851084532)),
    ((-0.96802658229386684, -0.07632634319010681, -0.032531289144943909), (-18.070310381086998, -2.7744760898529215)),
),)
