fronts = ((
    ((0.06417354775526081, -0.0383123109525456, -0.6015072693349213), (-18.716001443259742, -0.22796634104344204)),
    ((-0.024443692033343567, -0.10456801562896967, -0.5522872174288078), (-18.724205605735605, -0.00658752696432896)),
    ((0.09455057452081062, -0.10608785590410934, -0.6972829859991745), (-18.404146175716065, -0.5974385403641906)),
    ((-1.111024471575035, -0.02876359145954044, -0.7151643808679602), (-16.673170131841008, -4.778328563139455)),
    ((-0.0015938015128877658, -0.025620293672286003, -0.8575714753822596), (-18.372029572823354, -2.0051344503525472)),
    ((-0.92729186267604, -0.06677642041217613, -0.8681552929765928), (-16.705005191678865, -4.67295111174829)),
    ((0.014129036308267395, -0.0011792759605902259, -1.0438797803160282), (-18.087453197088834, -3.4653046638329412)),
    ((-0.5500007384970461, -0.02510950896427938, -1.0860921671383117), (-17.004388250478428, -3.879228855480327)),
    ((0.09459104996944318, -0.11001162542176739, 0.01916781485903918), (-19.493134599725654, 0.36253662387109503)),
    ((0.10808752084200657, 0.04839324082780777, -1.0991049427139705), (-17.79084555517483, -3.510299084087534)),
    ((-0.04358784830874063, -0.04768413786625664, -1.182765725601991), (-17.76354576332313, -3.67048348641894)),
    ((-0.8923175457844326, -0.0029712491034892263, -0.9975981583492951), (-16.55677170235389, -5.528380217469463)),
    ((-1.03007955984881, -0.3072829449393494, -1.2022350084604327), (-15.867738843823577, -6.943780855325514)),
    ((-0.941402945064698, -0.9743106910450329, -1.0382999330924947), (-15.14832151582803, -9.233287853249633)),
    ((-0.9430355962114781, -0.07426842902548728, -1.0598593417747502), (-16.361953815806665, -6.2369354196849605)),
    ((-0.9417737333554829, -0.8922190719099911, -1.0155951648586845), (-15.345654094168488, -8.42013716412019)),
    ((-0.9245413570757782, 0.013289284098188303, -1.0215420941616784), (-16.4636146050074, -5.941265419511985)),
    ((-0.8446821784728178, -0.11268633346104495, -0.9967051470392743), (-16.615301485291866, -4.97648535356339)),
    ((-0.9202921002206367, 0.015701511144665226, -1.0517352023952924), (-16.421489161618524, -6.092152303658563)),
    ((-0.9405472533319069, 0.004281686766362425, -1.1281240765625293), (-16.26538557444806, -6.5848339638697055)),
    ((-1.0314177283909138, -0.20428033743850965, -0.983195563859319), (-16.283931784840853, -6.268470422872332)),
    ((-0.9633637617323442, -0.8161693206032309, -1.0229142754556813), (-15.46561466922993, -8.032474235209376)),
    ((-1.065173429155087, -0.03277876448364225, -0.5943297028949297), (-16.95813055108738, -3.9413967950046365)),
    ((-0.9547171157170864, -0.43985255375103705, -1.1466913724462418), (-15.926052308217633, -6.639669325790544)),
    ((-1.026775714838985, -0.2540474869210187, -1.213869975344376), (-15.896643325987467, -6.8562713492497664)),
    ((-0.9842117895901192, -0.7337744105676455, -0.986107855010796), (-15.643451664877027, -7.337245560136996)),
    ((-0.6790535115736752, -0.01377381502409103, -1.0404733721967512), (-16.85098825117135, -4.256102790419617)),
    ((-1.0588842848864948, -0.31979523422872913, -1.2086900973954684), (-15.80293994720225, -7.093190257452254)),
    ((-0.6999741112261005, -0.1354619058728019, 0.006361528132593941), (-18.403498327237735, -0.7225409264934427)),
    ((-0.9959157251997045, -0.9038489262643472, -0.9815358897937081), (-15.299368750013759, -8.689647619305713)),
    ((-1.2108424391245962, -1.0351923799299503, 1.718493788090762), (-13.966503420497995, -10.312005587642172)),
    ((-1.0495029236709534, -1.0281376740360082, 1.7317123271237203), (-14.138527993589229, -9.82154755031981)),
    ((-1.0889783684968022, 1.6651731377919137, 1.6958126347702194), (-12.933869261587795, -10.61593813466833)),
    ((-1.0433310677233671, 1.6771468202209399, 1.6651792394599025), (-12.969848618184415, -10.460873947961538)),
    ((-1.0584271673266459, -0.9786789903613087, -0.9725225429188127), (-15.083846915231803, -9.634035975591832)),
    ((-0.006166375237461552, -0.009993446754702318, -0.4332356692306239), (-19.14633678820347, 0.1481613777862581)),
    ((-0.016354333980278676, 0.0015809226675677635, -0.9201327070014822), (-18.286327772223945, -2.5343988326274647)),
    ((0.07872323285635657, -0.07268157775889206, -0.6320388737563237), (-18.593206406747147, -0.3020776330012842)),
),)
