fronts = ((
    ((-0.6401125253237328, 0.013733702309706053, -1.100285424042078), (-16.822668885665564, -4.342893287857681)),
    ((-0.04939108352346011, -0.026710656358896745, -0.8672892713727909), (-18.295160580037322, -1.998435725331261)),
    ((-0.02810192769023212, -0.011230860546504559, -0.7145682336327395), (-18.607792948886882, -0.9350071191544022)),
    ((0.11078050384260979, 0.020228066256150812, -1.1889493355896186), (-17.66070514578312, -3.598345737707435)),
    ((-1.2292060568818082, -0.9932865670977593, -0.7469403168392037), (-15.089295979236422, -8.006629697316303)),
    ((0.10899257675490615, 0.19089718084468, -0.06488098902709341), (-19.174661684169514, 0.587657799478958)),
    ((-0.05987229982929976, -0.7531334237533069, -1.0728046175664465), (-16.291525077471427, -4.832826224702281)),
    ((-1.1030149924061117, -0.7221944056093204, -0.8823151627839367), (-15.643108829516361, -7.122334922973737)),
    ((-0.9681638910265113, -0.21527360186207734, -1.192839082993706), (-16.047983220243843, -6.531160311512732)),
    ((-1.1028591856589878, -0.915158228425379, -1.1608123471538976), (-14.948540529870735, -10.197150250810616)),
),)
