fronts = ((
    ((5, -5, -5), (-4.8623346886842835, 13.951897251108717)),
    ((-5, -5, 5), (-4.8623346886842835, 13.951897251108717)),
    ((-0.15426843279729252, -1.0799226696924413, -1.0598459517190169), (-15.428611211094282, -7.085488824457643)),
    ((-1.2368687738344728, -1.9017082577963311, -1.311565213533358), (-12.652724278885033, -7.31466004749146)),
    ((-0.6885185791544108, 0.17307990842853327, 0.32177583358610806), (-17.97163467526255, -0.019316359859443577)),
    ((-0.9325221272440958, -0.7839796512036439, -0.14041737306828272), (-16.3650431887559, -3.978888391713186)),
    ((-5, -5, 5), (-4.8623346886842835, 13.951897251108717)),
    ((1.6301793210085536, -1.315709618334444, -2.059709634777961), (-12.710712416377214, -7.108465939027568)),
    ((0.30420176652445474, -0.09048394262109821, 0.23513600749416907), (-18.893572946073963, 1.0483735079451464)),
    ((2.8395785174331873, -1.0339652563329844, -1.308134314523612), (-12.628285999846309, -7.7549999494797826)),
    ((-0.2548861589840022, -0.2694206111470667, -1.0987676311537236), (-17.260156870896104, -3.2686348150700306)),
    ((-5, -5, 5), (-4.8623346886842835, 13.951897251108717)),
    ((1.6787494568533206, 2.2278949670919754, -1.23722132472006), (-11.730919033405376, -10.133444248115477)),
),)
