fronts = ((
    ((0.0005574287801781333, 0.6343741313877953, 0.3586977299666056, 0.9005496028632587, 0.1895248533879169, 0.13038953518248977, 0.07287560336038805, 0.8487852508714866, 0.7464515930151112, 0.911366475301038, 0.3051596891460955, 0.04058758003696897, 0.3741018146385782, 0.8216282569901855, 0.9325000971305967, 0.4190901080877927, 0.39171950743524586, 0.6677485451252624, 0.566841268632611, 0.15554840815269969, 0.2861014187042167, 0.24784409123461465, 0.4157890727283265, 0.5971453334482089, 0.26372328603913975, 0.8064690553533611, 0.19229232016479456, 0.9428172879311839, 0.41971235847932764, 0.825806987550405), (0.0005574287801781333, 5.4340204504994745)),
    ((0.26041543906057485, 0.7371307406270446, 0.4980003233805684, 0.1768227537519822, 0.6808484021422512, 0.25854376086789066, 0.40842304253541983, 0.09457980606135258, 0.14075906890815493, 0.334874440161993, 0.19275893816737852, 0.9749277085363102, 0.40178275188293483, 0.7422973288071729, 0.004560196996803539, 0.5025865612639066, 0.18494343395421936, 0.1041631913997655, 0.8697875343417347, 0.381209143918978, 0.02299357577450487, 0.7351958745928296, 0.6057971358034222, 0.5660331444592736, 0.11115580808805552, 0.0035807039661266415, 0.10582807840951415, 0.384880711954427, 0.5360734238214891, 0.6134604026717791), (0.26041543906057485, 3.443746415002316)),
    ((0.5130566004666969, 0.1914914342432594, 0.6107944815822169, 0.6717634648524489, 0.0496247389707456, 0.1751527063987033, 0.357579010787818, 0.9143394333269146, 0.02819483230265735, 0.22092760167760794, 0.6482356652615714, 0.5492052511686197, 0.4214829307872089, 0.42749230417289613, 0.11061818196803384, 0.6397398895986387, 0.23504852238027601, 0.3228054241324236, 0.7065658002079632, 0.1063566454108422, 0.4196906437171676, 0.23446714125207424, 0.48107699648490726, 0.7548122544859948, 0.6369255134566022, 0.019761439984886223, 0.7317790580285812, 0.3543393532261547, 0.6382975986346395, 0.8735697302863167), (0.5130566004666969, 3.3054661953458395)),
    ((0.6292408384851571, 0.09842487476725775, 0.30849046738485936, 0.876825713175418, 0.5534734622210086, 0.8539156460556239, 0.009800998237587235, 0.022045877833656996, 0.9378014441170607, 0.802330784746995, 0.14025676357237488, 0.8534655191173864, 0.5339836137712038, 0.519185235930383, 0.02386177199365578, 0.5425845427815689, 0.545562554734421, 0.10122548813055916, 0.8838530272184878, 0.18441474750410386, 0.24547190577813366, 0.6380328689395053, 0.4530541875574853, 0.4861508738209956, 0.41942375399313314, 0.014982812577039028, 0.12290620465850449, 0.05306560701308986, 0.17791562733005215, 0.22185702831097154), (0.6292408384851571, 2.904838065690948)),
    ((0.011419336628691839, 0.2426784829387088, 0.7105118261304756, 0.7372579539287328, 0.5777875307214806, 0.4223450602115217, 0.47300448722324084, 0.722415373986976, 0.24268992260874106, 0.2140682517123736, 0.1539312796419326, 0.22479208279459353, 0.985532436256523, 0.8813734322650936, 0.4229670240625697, 0.9560992391489221, 0.21939769580580856, 0.16293755785843966, 0.40942675439561976, 0.4751395137534423, 0.9729391016650968, 0.3733554645678464, 0.01795298801149003, 0.5733078133518642, 0.36920854662121316, 0.5888469120013003, 0.12901025158961824, 0.21042997639889854, 0.5037750584613904, 0.11780360500143994), (0.011419336628691839, 4.82227654307337)),
    ((0.13141584267083758, 0.5928506193695654, 0.043316452567542824, 0.40250902596380994, 0.1839449436203313, 0.7316795282618115, 0.0875224085763381, 0.4187347137237477, 0.16538049927081766, 0.3229182745372773, 0.10314018438479447, 0.314078213104307, 0.49848163370141674, 0.07477180660560448, 0.97486940767026, 0.009514453389236495, 0.8340280280632574, 0.6169423815424049, 0.0806377424453339, 0.3001342038789339, 0.024929619945739088, 0.8622170774921514, 0.5589382952842609, 0.46326078832506173, 0.22068201352892278, 0.3197993739995101, 0.7739477100939304, 0.9977296170287073, 0.8908255461032211, 0.7248569605177754), (0.13141584267083758, 4.104944113850519)),
    ((0.6223208486442002, 0.765658920022177, 0.001338817488380045, 0.38672716417383196, 0.42409372826176905, 0.041190848958102974, 0.38069816593512273, 0.881366740701185, 0.6078027439671251, 0.22750159405374673, 0.44712699145451024, 0.3952882731570256, 0.927097078740664, 0.42312397304160676, 0.18247334651991343, 0.10769141111014058, 0.3162165234992038, 0.7877348873197813, 0.37220340026625204, 0.8427168825184812, 0.08813486341440435, 0.2109774671456504, 0.007677096992641397, 0.710980764473784, 0.027394417029109233, 0.6963282173115932, 0.41794372150086545, 0.32783027687423755, 0.5097156088466919, 0.3781474438576853), (0.6223208486442002, 2.9823916374799344)),
    ((0.0005577339565790356, 0.6343742212024431, 0.3586992173476095, 0.9005490336737025, 0.18952495835291622, 0.13038956950637667, 0.07287610357248665, 0.848785048245097, 0.7464518234013678, 0.9113664660940217, 0.3051615754481597, 0.040587625562450526, 0.3741018273441848, 0.8216280853300227, 0.9324996161635422, 0.4190910699227211, 0.39171947153128095, 0.6677489612119498, 0.5668418013482459, 0.15554896968900936, 0.28610141879123463, 0.2478464896422496, 0.4157933508644502, 0.5971476531490517, 0.2637236121757563, 0.8064690202694871, 0.19229301424406223, 0.9428168670477741, 0.41971243428613125, 0.8258063793881518), (0.0005577339565790356, 5.43400976384575)),
    ((0.0005584968975812916, 0.6343744457390628, 0.35870293580011936, 0.9005476106998123, 0.18952522076541453, 0.1303896553160939, 0.07287735410273317, 0.8487845416791231, 0.7464523993670094, 0.9113664430764812, 0.3051662912033203, 0.04058773937615442, 0.3741018591082012, 0.8216276561796158, 0.9324984137459059, 0.4190934745100421, 0.39171938177136867, 0.6677500014286685, 0.5668431331373333, 0.15555037352978357, 0.2861014190087795, 0.24785248566133694, 0.41580404620475947, 0.5971534524011587, 0.26372442751729763, 0.8064689325598019, 0.1922947494422314, 0.9428158148392497, 0.41971262380314034, 0.8258048589825188), (0.0005584968975812916, 5.433983065269278)),
    ((0.0005604042500869317, 0.6343750070806118, 0.35871223193139395, 0.9005440532650865, 0.1895258767966603, 0.13038986984038697, 0.07288048042834948, 0.8487832752641883, 0.7464538392811132, 0.9113663855326298, 0.3051780805912217, 0.04058802391041414, 0.37410193851824225, 0.8216265833035983, 0.9324954077018154, 0.4190994859783446, 0.39171915737158797, 0.6677526019704652, 0.5668464626100517, 0.1555538831317191, 0.28610141955264173, 0.24786747570905532, 0.41583078455553263, 0.5971679505314262, 0.263726465871151, 0.806468713285589, 0.19229908743765436, 0.9428131843179387, 0.4197130975956631, 0.8258010579684361), (0.0005604042500869317, 5.433916431389021)),
    ((0.0005651726313510317, 0.6343764104344842, 0.35873547225958036, 0.9005351596782719, 0.18952751687477473, 0.1303904061511197, 0.07288829624239025, 0.8487801092268513, 0.7464574390663727, 0.9113662416730014, 0.3052075540609753, 0.04058873524606345, 0.3741021370433448, 0.8216239011135545, 0.932487892591589, 0.4191145146491009, 0.39171859637213624, 0.6677591033249569, 0.5668547862918477, 0.15556265713655795, 0.2861014209122973, 0.24790495082835123, 0.4158976304324656, 0.597204195857095, 0.2637315617557845, 0.8064681651000568, 0.1923099324262118, 0.9428066080146612, 0.41971428207697, 0.8257915554332294), (0.0005651726313510317, 5.433750545538098)),
    ((0.0005770935845112819, 0.6343799188191654, 0.3587935730800464, 0.9005129257112355, 0.18953161707006078, 0.13039174692795147, 0.07290783577749217, 0.848772194133509, 0.7464664385295217, 0.9113658820239303, 0.30528123773535926, 0.04059051358518671, 0.3741026333561011, 0.8216171956384454, 0.9324691048160231, 0.41915208632599155, 0.39171719387350684, 0.6677753567111865, 0.5668755954963377, 0.15558459214865508, 0.2861014243114361, 0.24799863862659102, 0.41606474512479796, 0.5972948091712672, 0.26374430146736816, 0.8064667946362265, 0.19233704489760536, 0.9427901672564676, 0.4197172432802372, 0.8257677990952126), (0.0005770935845112819, 5.433340127509572)),
    ((0.0006068959674119075, 0.6343886897808684, 0.3589388251312115, 0.9004573407936446, 0.1895418675582759, 0.13039509887003092, 0.07295668461524697, 0.8487524064001534, 0.7464889371873941, 0.9113649829012526, 0.30546544692131916, 0.040594959432994876, 0.37410387413799195, 0.8216004319506723, 0.9324221353771082, 0.4192460155182183, 0.39171368762693337, 0.6678159901767603, 0.5669276185075628, 0.1556394296788979, 0.2861014328092832, 0.2482328581221905, 0.41648253185562895, 0.5975213424566975, 0.2637761507463274, 0.8064633684766507, 0.1924048260760893, 0.9427490653609835, 0.41972464628840517, 0.8257084082501707), (0.0006068959674119075, 5.432339880146167)),
    ((0.0006814019246634714, 0.6344106171851258, 0.3593019552591243, 0.9003183784996672, 0.18956749377881368, 0.13040347872522953, 0.07307880670963396, 0.8487029370667641, 0.746545183832075, 0.9113627350945582, 0.30592596988621895, 0.04060607405251528, 0.37410697609271915, 0.8215585227312397, 0.9323047117798209, 0.4194808384987851, 0.3917049220104997, 0.6679175738406948, 0.5670576760356254, 0.15577652350450497, 0.28610145405390086, 0.2488184068611892, 0.41752699868270643, 0.5980876756702732, 0.26385577394372534, 0.806454803077711, 0.19257427902229912, 0.9426463106222732, 0.41974315380882504, 0.8255599311375659), (0.0006814019246634714, 5.429985918642605)),
    ((0.0008676668177923811, 0.6344654356957693, 0.36020978057890624, 0.8999709727647238, 0.18963155933015816, 0.13042442836322607, 0.07338411194560143, 0.8485792637332911, 0.7466858004437774, 0.9113571155778225, 0.30707727729846834, 0.0406338606013163, 0.37411473097953707, 0.8214537496826584, 0.9320111527866027, 0.4200678959502022, 0.39168300796941563, 0.6681715330005311, 0.567382819855782, 0.15611925806852262, 0.2861015071654451, 0.2502822787086859, 0.4201381657504001, 0.5995035087042123, 0.2640548319372203, 0.8064333895803618, 0.19299791138782368, 0.9423894237754975, 0.4197894226098748, 0.8251887383560539), (0.0008676668177923811, 5.424844640580445)),
    ((0.0013333290506146553, 0.6346024819723781, 0.36247934387836106, 0.8991024584273652, 0.1897917232085193, 0.1304768024582174, 0.07414737503552013, 0.8482700803996084, 0.7470373419730335, 0.9113430667859831, 0.30995554582909185, 0.040703326973318854, 0.3741341181965819, 0.8211918170612049, 0.9312772553035573, 0.421535539578745, 0.39162822286670534, 0.6688064309001218, 0.5681956794061735, 0.15697609447856675, 0.28610163994430565, 0.2539419583274277, 0.42666608341963425, 0.6030430912890602, 0.2645524769209576, 0.806379855836989, 0.1940569923016351, 0.9417472066585582, 0.41990509461249914, 0.8242607564022739), (0.0013333290506146553, 5.415076526411495)),
    ((0.002497484632670341, 0.6349450976639003, 0.3681532521269982, 0.8969311725839687, 0.19019213290442216, 0.13060773769569572, 0.07605553276031687, 0.8474971220654016, 0.7479161957961736, 0.9113079448063846, 0.31715121715565064, 0.04087699290332522, 0.37418258623919387, 0.8205369855075711, 0.9294425115959438, 0.42520464865010194, 0.3914912601099297, 0.6703936756490985, 0.5702278282821525, 0.15911818550367712, 0.28610197189145714, 0.26309115737428224, 0.44298587759271973, 0.6118920477511799, 0.26579658938030104, 0.806246021478557, 0.19670469458616358, 0.9401416638662099, 0.42019427461906, 0.8219408015178239), (0.002497484632670341, 5.4004003989724465)),
    ((0.005407873587809555, 0.6358016368927055, 0.3823380227485909, 0.8915029579754774, 0.19119315714417934, 0.13093507578939154, 0.08082592707230873, 0.8455647262298849, 0.7501133303540239, 0.9112201398573883, 0.3351403954720476, 0.041311157728341145, 0.3743037563457238, 0.8188999066234867, 0.92485565232691, 0.43437742132849433, 0.3911488532179905, 0.6743617875215401, 0.5753082004720999, 0.16447341306645302, 0.28610280175933583, 0.2859641549914185, 0.4837853630254334, 0.6340144389064792, 0.2689068705286595, 0.8059114355824767, 0.20332395029748482, 0.9361278068853393, 0.42091722463546216, 0.8161409143066989), (0.005407873587809555, 5.387068980402222)),
    ((0.007236276846833034, 0.6347989754638105, 0.379754095841098, 0.8835005877592593, 0.22025308453242665, 0.130527805996154, 0.06430420741009546, 0.8521859187598203, 0.7635850891027967, 0.8929206375617813, 0.31215409289520535, 0.04327393517653422, 0.3794388507848574, 0.825482178595247, 0.9305534704596174, 0.44230031731389596, 0.39577441906847965, 0.6553889464564704, 0.5983251652307306, 0.187554965251436, 0.2877930601311288, 0.22592730409312967, 0.45748587813682295, 0.632564782504979, 0.26551409760118694, 0.815445099219529, 0.2284593897906212, 0.9513655046688879, 0.4642516812064851, 0.8455152609283938), (0.007236276846833034, 5.381683486950088)),
    ((0.4313627817389398, 0.07934931775933152, 0.6057729781405532, 0.676106102701847, 0.04403348668171059, 0.1522850109875813, 0.42408158227751114, 0.9165828885985832, 0.0027338708619625285, 0.07474200337146919, 0.7180012899567804, 0.5274165448761081, 0.4106087318900672, 0.3508290026873918, 0.1084671201656312, 0.6950487018536483, 0.23006938489099726, 0.35307828832984733, 0.7020103100980778, 0.19555583705840407, 0.4291911405655636, 0.17329076735947946, 0.51539366595095, 0.7854470289072681, 0.6489840915842424, 9.584051442290686e-05, 0.6991386841699647, 0.28129172243086586, 0.6304487262879737, 0.8741490340751404), (0.4313627817389398, 3.3768310904575563)),
    ((0.6462684645883595, 0.10283402863418989, 0.2992734225266771, 0.8950643141141469, 0.552623089458398, 0.855552025875329, 0.048329516366234615, 0.01875432160568602, 0.964337796417821, 0.824202948637314, 0.04241192762902424, 0.9153832156001565, 0.5681358995625541, 0.5105144500784267, 0.03341688737240944, 0.3951918934548203, 0.5371789077634771, 0.05276949683377685, 0.8961428350336225, 0.18603982411616915, 0.20651792016504822, 0.6092337568829986, 0.48352834571583336, 0.5222260597972587, 0.3910129162146909, 0.032526871137085855, 0.13927439158282495, 0.1071928155363917, 0.19327760244706715, 0.11749606459308237), (0.6462684645883595, 2.850712267878123)),
    ((0.1832386325088552, 0.5503043164524009, 0.06105603882665889, 0.4328516531862686, 0.18699043914705327, 0.7329596023627575, 0.1077976128659125, 0.4851782119352047, 0.1646953812224048, 0.3439589734157802, 0.16442725237766276, 0.3237126381027515, 0.5072303785757644, 0.09246997930866252, 0.9884521465243048, 0.03308063383887139, 0.8519332034527011, 0.6263323597289976, 0.1017057378346532, 0.3529458577056944, 0.004362081273794227, 0.893970402078428, 0.47756144060796824, 0.4330172105691119, 0.23369772362220453, 0.3102743005849393, 0.7829823646909526, 0.9945739019746064, 0.8985268304353281, 0.7162338263013559), (0.1832386325088552, 4.032828238221566)),
    ((0.5492054371381075, 0.7659697694640434, 0.02423683925124198, 0.41531065675245815, 0.44466773227957146, 0.06251969358681297, 0.2894687426988668, 0.8861964155067592, 0.6152356118692468, 0.21978089447790594, 0.46897564745669895, 0.3927183936141898, 0.9237002008999868, 0.4128926121761771, 0.1665157834108122, 0.1294707305084115, 0.34647788131953206, 0.8661416783777811, 0.37512356125093393, 0.8329951008025676, 0.08428074760367843, 0.20578498337686413, 0.04185294615542112, 0.740685915339301, 0.024127264443697283, 0.7020018511202083, 0.40538207139348104, 0.23645361575403046, 0.5307330186947335, 0.34938950235264343), (0.5492054371381075, 3.102855535595407)),
    ((0.8593671378202602, 0.9464396957611398, 0.3415097425728807, 0.07256632529990947, 0.9478867390319305, 0.09767150870768027, 0.5577870367709576, 0.09942152885970645, 0.8023561749578235, 0.30588167424136425, 0.12491079260535676, 0.03011050262801296, 0.2354283623898581, 0.9025395771928894, 0.21633965652525589, 0.34405228938583876, 0.3945384067796188, 0.8288317717180705, 0.21633566297997198, 0.07656177833033906, 0.4020111068769635, 0.7869045004116747, 0.2688734151095493, 0.1291248766262033, 0.5608815158824756, 0.22536119961592294, 0.7936637688744749, 0.5302552764031732, 0.7080465722436575, 0.017556435076247268), (0.8593671378202602, 2.700425549051268)),
),)
