fronts = ((
    ((-1.2708663013572403, -2.450224445697158, -1.143270544590119), (-11.580767651567776, -9.245031842509073)),
    ((-0.5458467424847933, 0.08448832341448119, 0.09952218277590485), (-18.69641960366853, 0.1108394657694674)),
    ((-1.0844854275322837, -0.2672778161530036, -0.005974760963057768), (-17.47740506179393, -3.4473385386459814)),
    ((-0.06053446347856467, -0.48913653959958364, -1.1372123955092461), (-16.868097938910886, -3.781131724075549)),
    ((-0.7545350022582389, 0.1436772414810386, -0.006864398914591119), (-18.29240758383496, -1.0389494983209786)),
    ((-0.908768287850025, 0.14748447757421124, -0.20884041299264156), (-17.819780721380624, -2.0113245472361427)),
    ((-1.0598782995461147, 0.08154016048741483, -1.016388658258367), (-16.239965750621526, -6.781987612552131)),
    ((-0.6577259181510972, -0.1713812589468112, 0.0003143798839093659), (-18.392016784424943, -0.4680535270968997)),
    ((-1.0964688309759505, -0.7409872057046155, -1.0525205652479754), (-15.404855721402008, -8.510793211384247)),
    ((-1.2173810268584062, -0.6068002028143262, -0.9885515287594484), (-15.547763814565617, -7.25372941627602)),
    ((-0.6877819561573035, -0.19661970860759093, -1.025853073430968), (-16.781683152736303, -4.010934868912752)),
    ((-0.006693363501621752, 0.006020198952064515, 0.19490165885443206), (-19.59952877257774, 0.342277586273518)),
    ((-0.7869187419684361, -0.033196520825948816, -1.0412102384316428), (-16.661810957596057, -4.936866061863679)),
    ((-0.1370170531949113, -0.36701267624623446, -1.1568174270993936), (-17.09124504330005, -3.482667898812743)),
    ((-1.064305623419222, 0.28930549854230403, -1.0808783383390992), (-16.015362469825586, -6.827813707127613)),
    ((-1.153387256213394, 0.21761906547153487, -1.0825692476104907), (-15.926113157684014, -7.237071282731851)),
    ((-0.7986806452378561, -1.1101873975563006, -1.1858863980766223), (-14.832994577375734, -9.24420251260674)),
),)
