fronts = ((
    ((1.565356781919713, -1.1938907839692843, -1.0798278092536011), (-13.992611101334681, -9.26777114461757)),
    ((-0.756948521063658, 0.13658945112046683, -0.14087463675305445), (-18.189297990480995, -0.8902630466626329)),
    ((-0.04325213084787727, -1.124621637304847, -1.0597068282911652), (-15.325900761438819, -7.360283283700944)),
    ((-0.02638446074424622, -0.022921068946137574, 0.30819299902034414), (-19.330969145297995, 0.6395462797169175)),
    ((-0.7141273665718288, -0.40732334239859125, -1.0314151509931573), (-16.49467818367723, -4.2919552193801085)),
    ((-0.6020735300835094, 0.24012488297246415, 0.09068414388060841), (-18.28372877076365, 0.12271159364899831)),
    ((-0.854741469399111, -1.0471524745846263, -0.4925373118462657), (-15.56508599258942, -5.59247996418382)),
    ((-0.37121361216859183, -0.8229516573316364, -1.2653172920197187), (-15.742298195602466, -4.876215206116928)),
    ((-1.2863291310787348, -0.7139253053410322, -0.8972661388734664), (-15.401708060851217, -6.424165419099575)),
    ((-1.0008024870419323, -0.024068114148379394, -0.2908563980084917), (-17.61852752266773, -2.913235850885582)),
    ((1.5985524413678194, 0.11310578907335422, -0.9180920405981057), (-15.56877772780485, -4.970532969304431)),
),)
