fronts = ((
    ((-5, -5, 5), (-4.8623346886842835, 13.951897251108717)),
    ((-5, -5, 5), (-4.8623346886842835, 13.951897251108717)),
    ((5, -5, -5), (-4.8623346886842835, 13.951897251108717)),
    ((-5, 5, -5), (-4.8623346886842835, 13.951897251108717)),
    ((5, 5, 5), (-4.8623346886842835, 1.631088067335587)),
    ((-5, -5, 5), (-4.8623346886842835, 13.951897251108717)),
    ((5, 5, -5), (-4.8623346886842835, 7.791492659222151)),
    ((5, 5, -5), (-4.8623346886842835, 7.791492659222151)),
    ((5, -5, 5), (-4.8623346886842835, 7.791492659222152)),
    ((5, 5, -5), (-4.8623346886842835, 7.791492659222151)),
    ((5, -5, -5), (-4.8623346886842835, 13.951897251108717)),
    ((-5, -5, 5), (-4.8623346886842835, 13.951897251108717)),
    ((-5, -5, 5), (-4.8623346886842835, 13.951897251108717)),
    ((5, -5, -5), (-4.8623346886842835, 13.951897251108717)),
    ((-5, 5, -5), (-4.8623346886842835, 13.951897251108717)),
    ((-5, -5, 5), (-4.8623346886842835, 13.951897251108717)),
    ((5, 5, -5), (-4.8623346886842835, 7.791492659222151)),
    ((5, 5, -5), (-4.8623346886842835, 7.791492659222151)),
    ((5, -5, 5), (-4.8623346886842835, 7.791492659222152)),
    ((5, 5, -5), (-4.8623346886842835, 7.791492659222151)),
    ((5, -5, -5), (-4.8623346886842835, 13.951897251108717)),
    ((-5, -5, 5), (-4.8623346886842835, 13.951897251108717)),
    ((5, -5, -5), (-4.8623346886842835, 13.951897251108717)),
    ((-5, 5, -5), (-4.8623346886842835, 13.951897251108717)),
    ((-5, -5, 5), (-4.8623346886842835, 13.951897251108717)),
    ((5, 5, -5), (-4.8623346886842835, 7.791492659222151)),
    ((5, 5, -5), (-4.8623346886842835, 7.791492659222151)),
    ((-5, 5, -5), (-4.8623346886842835, 13.951897251108717)),
    ((-1.0631885634728917, 0.63281953143780001, 5), (-11.45742948248768, -1.122465969283641)),
    ((-4.153776633408097, -1.348468415947337, -1.254792356536023), (-11.0935871073698, -4.956482966920563)),
    ((0.5974536305129856, 0.7327846440747035, -1.2428652279579677), (-15.770488055540111, 0.9089044048982711)),
),)
