fronts = ((
    ((-4.7749008140657336, -1.2605829836577689, -0.94388676736392174), (-11.022507867268825, -7.0471314266136442)),
    ((-4.7749008140657336, -1.2605829836577689, -0.94388676736392174), (-11.022507867268825, -7.0471314266136442)),
    ((-4.7749008140657336, -1.2605829836577689, -0.94388676736392174), (-11.022507867268825, -7.0471314266136442)),
    ((-4.7749008140657336, -1.2605829836577689, -0.94388676736392174), (-11.022507867268825, -7.0471314266136442)),
    ((-4.7749008140657336, -1.2605829836577689, -0.94388676736392174), (-11.022507867268825, -7.0471314266136442)),
    ((-4.7749008140657336, -1.2605829836577689, -0.94388676736392174), (-11.022507867268825, -7.0471314266136442)),
    ((-4.7749008140657336, -1.2605829836577689, -0.94388676736392174), (-11.022507867268825, -7.0471314266136442)),
    ((-4.7749008140657336, -1.2605829836577689, -0.94388676736392174), (-11.022507867268825, -7.0471314266136442)),
    ((-4.7749008140657336, -1.2605829836577689, -0.94388676736392174), (-11.022507867268825, -7.0471314266136442)),
    ((-4.7749008140657336, -1.2605829836577689, -0.94388676736392174), (-11.022507867268825, -7.0471314266136442)),
    ((-4.7749008140657336, -1.2605829836577689, -0.94388676736392174), (-11.022507867268825, -7.0471314266136442)),
    ((-4.7749008140657336, -1.2605829836577689, -0.94388676736392174), (-11.022507867268825, -7.0471314266136442)),
    ((-0.6965382024771416, -1.0289261888718202, -0.91479355758039871), (-15.39267864057091, -6.8507989298888328)),
    ((-1.1471577140554508, -1.2604292936287491, -0.95787549501150182), (-14.397653531395864, -10.096535146622777)),
    ((-0.8901451811118406, -1.0612645295111029, -0.94345963358399199), (-15.107984633532825, -8.7011433452042741)),
    ((-1.2501727112480707, -1.0328819379412111, -0.94927686742841666), (-14.783643060532775, -9.6910978118661006)),
    ((-0.92460589046946406, -1.0666707709192889, -0.84361847671620505), (-15.158897799651363, -8.1976403915312233)),
    ((-0.58218364683033919, 0.32736316785574715, -1.3098112267798001), (-16.38319740444453, -2.4052762419099025)),
    ((0.038340037215259137, -1.1080288432718004, -0.81541019389845215), (-15.605867759268502, -5.4608447481292277)),
    ((-0.79692890471644073, -0.31422368582451554, -0.6794246095424773), (-17.034996490455416, -2.1575967549647581)),
    ((0.22499920549006158, -0.84435110745433484, -0.94007579004748276), (-16.163420845251053, -4.3382696772570712)),
    ((-4.774900814065734, -1.2605829836577689, -0.9438867673639217), (-11.022507867268825, -7.047131426613644)),
),)
