fronts = ((
    ((0.4062836037395804, 0.03809587362896627, -0.7722837225668504), (-17.783480622194734, -0.5141605319642542)),
    ((-0.574563244343228, -0.03186055520792269, 1.697562312278404), (-16.033614948294996, -3.630072271442947)),
    ((-0.4790448821947735, -0.26866536409238395, 0.11431731676730328), (-18.392474695235308, 0.4427977726832015)),
    ((-0.9860658367311816, -0.35992407288059264, 0.07480000747368565), (-17.397476781233014, -2.767390174079309)),
    ((-0.2266501487635093, 0.0024765532973343163, 0.2673492921861622), (-19.03611778388114, 0.6986056258223986)),
    ((-0.09471109176692827, -0.31183783471911, -0.6125120080892918), (-18.084632594847747, -0.07371247412835102)),
    ((-0.6570607614247681, -0.918042863018707, -0.45057836576920596), (-16.129148475987357, -3.1732193292553)),
    ((-0.5300808470026088, -1.0271712420680703, -1.1649367721371098), (-15.265897657318174, -7.406898404547144)),
    ((-0.9319882107585378, -1.017229095338247, 0.5322151081705231), (-15.53714570634003, -4.649688905178206)),
    ((1.5794309754668918, 3.4879556159563423, -1.1316958757296822), (-9.452490417846228, -8.281075718675986)),
),)
