fronts = ((
    ((-1.0709870701400726, -0.76850718864684708, -1.0643177543053797), (-15.373362955868943, -8.6548481624089142)),
    ((-1.082790930957215, -0.60771475456998425, -1.1145953802669089), (-15.558675531217377, -7.9734864171896591)),
    ((-1.0697106784632346, -0.69406847028105056, -1.0814769945718479), (-15.48255263961133, -8.244365394492311)),
    ((-1.0421137416860902, -0.79640461640243421, -1.0779852184809551), (-15.341338845765915, -8.7655086874838073)),
    ((-1.0358251747484071, -0.70282380973520342, -1.0766198019660369), (-15.517843129957964, -8.0807711777351106)),
    ((-1.041829840671088, -0.61858437408103928, -1.0799957948036845), (-15.644415387873497, -7.6784732489858634)),
    ((-1.0342229014075104, -0.67069627569828549, -1.0709568377797525), (-15.581857199079174, -7.8553058000695781)),
    ((-1.1000813626702166, -0.61073609722574107, -1.0283104938044165), (-15.647748603460673, -7.6375712049812332)),
    ((-1.1260797419087611, -0.63711338136510143, -1.0364732035273481), (-15.560210426563444, -7.8879656939731548)),
    ((-1.0992582711533996, -0.65734842068216359, -1.0601972484474671), (-15.532149505820447, -8.0584761912839422)),
    ((-1.0746353166179063, -0.77876626136323146, -1.0650601524124803), (-15.349415590822689, -8.750409253777061)),
    ((-1.073606932085343, -0.6923942943286121, -1.0842643512219674), (-15.4766582182984, -8.2660542058235293)),
    ((-1.042608557891276, -0.80043146772050877, -1.0794186432852497), (-15.331543038684, -8.8054292024491936)),
    ((-1.035706743076686, -0.70233162073785038, -1.0785647405116379), (-15.516322332980728, -8.0861223048023483)),
    ((-1.0422209665674065, -0.60227198689663097, -1.0818374500559798), (-15.666850538924878, -7.6147781438208044)),
    ((-1.033862599739785, -0.66839264290737066, -1.0731021864015415), (-15.583356377988753, -7.8507967138691406)),
    ((-1.1049084811760539, -0.59688994393207506, -1.0244816081025665), (-15.667775509538014, -7.5668642726131763)),
    ((-1.1318191540595177, -0.63076235341211873, -1.035741099735777), (-15.563464457563535, -7.8617939862864992)),
    ((-1.1052179385330561, -0.65397135234103909, -1.0609483361562335), (-15.528666938889577, -8.0648359518152368)),
    ((-1.0793415085972318, -0.79039876258803421, -1.0663985217484124), (-15.320853880521902, -8.8649130093265249)),
    ((-1.0767561425373544, -0.69055438510181566, -1.0884542491680866), (-15.470160448494095, -8.2880786023571318)),
    ((-1.0429185366937701, -0.80836803174510363, -1.0814217688625798), (-15.314020550937405, -8.8766285008050119)),
    ((-1.0355659741222427, -0.70203569802889454, -1.081167104776225), (-15.513639327583109, -8.0953270524493579)),
    ((-1.0427267467712682, -0.58674780540473437, -1.0830532940277218), (-15.688268520614923, -7.5565672371285606)),
    ((-1.0336123325824071, -0.66544254472251207, -1.0748914405046224), (-15.586242504353141, -7.8416076094532041)),
    ((-1.0830445367929449, -0.79970861504030455, -1.0674689483426194), (-15.298016267482083, -8.956699645834501)),
    ((-1.0259304867916597, -0.77515237659293046, -1.0599598003005979), (-15.42263313003519, -8.4143247231231442)),
    ((-1.0808987993053449, -0.68913643766803812, -1.094806787688023), (-15.45881439290988, -8.3241570519698627)),
    ((-1.0433577200066304, -0.82103094859392323, -1.0852568512202965), (-15.285244643654858, -8.99371990934808)),
    ((-1.0353338860959447, -0.7017496854704941, -1.0844779619191804), (-15.510136231986426, -8.1067758114657043)),
    ((-1.0431945777833611, -0.57022001524529642, -1.0843721108078663), (-15.710609504474338, -7.4985412445977921)),
    ((-1.0331432047555296, -0.66122220151938871, -1.0776562268127214), (-15.590210409639077, -7.8287013711875)),
    ((-1.0884174244574842, -0.81258715311206264, -1.06915064684593), (-15.265791660852432, -9.086245835586503)),
    ((-1.0251902431370563, -0.77842203526799103, -1.0607888788388002), (-15.416493480022503, -8.4375581559162498)),
    ((-0.94604598728497946, -0.53161060138310612, -1.0291061839597926), (-15.981162525402453, -6.3437398677930492)),
    ((-1.0858883125243417, -0.68719272409986865, -1.1020377608363774), (-15.446046318993757, -8.3608371340639867)),
    ((-1.0439531782620461, -0.83522377553601501, -1.090449864236487), (-15.251646355654167, -9.1303074812821308)),
    ((-1.0350086194991535, -0.7015447409591048, -1.0897721549708639), (-15.50403831068759, -8.1257669009346358)),
    ((-1.04384292193641, -0.55990160345703621, -1.0865101145369087), (-15.7219515677384, -7.4723123988286249)),
    ((-1.0322493016620531, -0.65440136314583974, -1.081227369238053), (-15.597904385094333, -7.8027919432781241)),
    ((-1.0905815380117621, -0.82107172502727377, -1.0707096368138653), (-15.245641757889556, -9.1684927405844903)),
    ((-0.936494917206387, -0.51460445567619384, -1.0805823373923757), (-15.947013052660688, -6.5020914825998695)),
    ((-1.0240654396203961, -0.78296895103540154, -1.061522833677129), (-15.408567524442104, -8.4671377651778457)),
    ((-0.93483193929976305, -0.51701929063939667, -1.0262384067756927), (-16.022999761335804, -6.1874434040103541)),
    ((-1.0908748277407607, -0.6860012431811221, -1.1086169958127821), (-15.432861294525999, -8.3957604464693922)),
    ((-1.0345649330543703, -0.70122784025276208, -1.0963055436193725), (-15.496669607951175, -8.1465254513742895)),
    ((-1.0446542909406251, -0.54051644341695793, -1.0886837523251627), (-15.74576493677578, -7.4169967518398288)),
    ((-1.0313273371074585, -0.64777188077684211, -1.0841477286159482), (-15.606089462340268, -7.7750017140291616)),
    ((-1.0311333192026919, -0.52948047708647406, -0.95980224593716923), (-15.962190290920928, -6.4603589835003667)),
    ((-1.0929659590847753, -0.82674484792666569, -1.0727966940931866), (-15.229745010523903, -9.2325479436841817)),
    ((-0.9229094066353305, -0.49178402146500477, -1.0826099316162974), (-15.99620724393521, -6.3349429895158433)),
    ((-1.0224075314980623, -0.79036830817971648, -1.0625537688334168), (-15.39559615815165, -8.5160216235485962)),
    ((-1.0989740160800232, -0.68467585665990116, -1.1159518481368602), (-15.41479643022786, -8.4394391834494797)),
    ((-1.0448046449179091, -0.8804031753706314, -1.1025432829193214), (-15.150317141001057, -9.5452686500902502)),
    ((-1.0337746376340897, -0.70094367667121826, -1.1030376694293551), (-15.489425758498042, -8.1635980970537272)),
    ((-1.0454258681513231, -0.51759782364302265, -1.0911563181661061), (-15.77327155788484, -7.3573556551642261)),
    ((-1.0299966893440127, -0.64045064714600952, -1.0882667801062866), (-15.614241947650642, -7.746346112177811)),
    ((-1.0302696543362584, -0.51124705963740158, -0.94778219184941503), (-16.007495445806477, -6.3017014082718088)),
    ((-1.0944981679685648, -0.83808827987730194, -1.0756014085411623), (-15.203487331951637, -9.3414597970026847)),
    ((-1.0195883188506243, -0.79643344029644036, -1.0640187537341121), (-15.385922075507573, -8.549870001571545)),
    ((-1.0453153054482791, -0.89618117277809062, -1.1090587815942226), (-15.111660767744011, -9.6989256637653405)),
    ((-1.0458563698128658, -0.49318199522085343, -1.0937665732406336), (-15.801892502301111, -7.2998275501530872)),
    ((-1.0287497236753111, -0.63637005162522453, -1.0925127102605856), (-15.61679231211533, -7.7348258643614267)),
    ((-1.2099336120824451, -0.24488584293058197, -1.0243417559274726), (-15.912884842521146, -6.8622228534214784)),
    ((-1.0290545731777774, -0.49703572701808407, -0.9378935387542654), (-16.044073021899727, -6.1728800345126249)),
    ((-1.0974829558459731, -0.85541966683744142, -1.0787696457342726), (-15.163767358164883, -9.5062692292961941)),
    ((-1.0453889408292885, -0.91587583138449058, -1.1162429882267253), (-15.064984944769577, -9.8817157793278092)),
    ((-1.0465140209292896, -0.4640379084293309, -1.0987428790813512), (-15.831383663178958, -7.2497934500685908)),
    ((-1.0267897723656192, -0.62835016545015621, -1.0986852242999843), (-15.623941866746588, -7.7056171780340641)),
    ((-1.222117812964955, -0.19328075996183586, -1.021195461243835), (-15.930969094656852, -6.7893404952712428)),
    ((-1.0276897578994713, -0.47114395310551932, -0.93088187403316447), (-16.09299626914002, -6.0401697204176674)),
    ((-1.1008031596173449, -0.88306709179617215, -1.0812257208050082), (-15.104743037405258, -9.7546500713265196)),
    ((-1.0449893680847171, -0.9528330380108887, -1.1287265335350805), (-14.978584044073612, -10.207581490865234)),
    ((-1.0465909923139256, -0.43773062746444125, -1.1062282525506071), (-15.85262011029976, -7.2203621253417589)),
    ((-1.0258083576047621, -0.4430261692983265, -0.92183523884167884), (-16.147440895956382, -5.8920774638605469)),
    ((-1.1039373734284921, -0.9133236357249942, -1.0842377046589322), (-15.039666482349606, -10.02787075636563)),
    ((-1.0434544045533214, -0.99061294284631896, -1.1449041804867708), (-14.886939063040437, -10.511678459647115)),
    ((-1.045817759149644, -0.40949244778409366, -1.1173128852028342), (-15.870196082459653, -7.1981851057363695)),
    ((-1.2513205856553626, -0.074040791259561825, -1.0149694735828094), (-15.940974245291102, -6.6224348362677414)),
    ((-1.0225693478783895, -0.40064026077263404, -0.91568277614942961), (-16.21612840591024, -5.747163646998307)),
    ((-1.1090754793464286, -0.95217068172659669, -1.0891817678819777), (-14.952663563208775, -10.382002603853739)),
    ((-1.0401469188432109, -1.0306937378959131, -1.1665879198368887), (-14.785910194400893, -10.768201674859696)),
    ((-1.0435514102929264, -0.36633777616546365, -1.1291809172194058), (-15.902156430129155, -7.153946058741381)),
    ((-1.0173221042723559, -0.35645813614272409, -0.9091425480036478), (-16.2864704847576, -5.6054999931615361)),
    ((-1.1093288193260418, -0.98892472963233558, -1.0966291847524829), (-14.871583747251398, -10.698802614901734)),
    ((-1.0386191780567786, -0.33447075983750896, -1.1528751119862914), (-15.905039572972168, -7.1170009250071757)),
    ((-1.0091890811354478, -0.30788178888830708, -0.90604496023249326), (-16.355708177193577, -5.4910553506510151)),
    ((-1.1069819809462209, -1.030624759373503, -1.1102327332283253), (-14.775910241572868, -11.031272757868335)),
    ((-0.99777512109611255, -0.27762011023869337, -0.91120484560579385), (-16.39445605486456, -5.4431429120658077)),
    ((-1.0980110504321923, -1.0590309489208065, -1.115383325670517), (-14.722490972033107, -11.186350816225531)),
    ((-0.60713961709265962, -0.12413570556992895, -0.99122044426340472), (-17.023333602404662, -3.4024142072599024)),
    ((-0.97758488388251519, -0.228617890218454, -0.92124566200432689), (-16.4517563980802, -5.3778814380855966)),
    ((-1.0834089234999649, -1.098858906702683, -1.1230375092439826), (-14.647967742054874, -11.328677205011918)),
    ((-0.94434737367090094, -0.18836118147516978, -0.93604696470806958), (-16.509839831351602, -5.253324743730813)),
    ((-1.0662468639366858, -1.1414961912707973, -1.1361993606249203), (-14.563007345702033, -11.36565151156405)),
    ((-0.91268986365890481, -0.16266176874810129, -0.94921040396660461), (-16.55564126071714, -5.1181785272659965)),
    ((-0.49639304860365185, -0.19839544963291145, -1.1394394268277039), (-16.92090954311839, -3.6729226017301362)),
    ((-1.2745097649905832, 0.025012271093836629, -0.091476179159489551), (-17.56166362591977, -2.9788492057639675)),
    ((-0.85881643574223399, -0.11459691950875051, -0.96055687667483203), (-16.649888541621188, -4.810295644976013)),
    ((-0.8062254089384715, -0.076140256533248518, -0.96720365650369511), (-16.74098667772794, -4.4928324696922211)),
    ((-0.46990342977549288, -0.10013760058033808, -1.2090848940124739), (-16.929314434364098, -3.5572042196519194)),
    ((-0.1933234830596203, 0.13553548128076645, -1.1003102699010336), (-17.550126861754205, -3.331782960589635)),
    ((-0.72865171555261088, -0.016812002212555049, -0.96917501106799953), (-16.881270309697896, -4.0454407955715581)),
    ((-0.61724969862146273, -0.23047762633394966, -0.085021057376131012), (-18.28593653211135, -0.10125207310439592)),
    ((-0.10977378354772394, 0.19136025189586633, -1.1138950939435661), (-17.545212523080394, -3.3555503860454676)),
    ((-0.65192566365036675, 0.091656585382703465, -0.97001369714077657), (-16.995766648219163, -3.4857618452746642)),
    ((-0.52940480161652226, -0.17698353196617661, 0.025351507093852921), (-18.592390720177164, 0.13752127459493768)),
    ((-0.058390279082941789, 0.23447550845911794, -1.1214746324845759), (-17.48035215593353, -3.3599355331849328)),
    ((0.014469046964947468, 0.039346298641642838, -0.18110182587612078), (-19.552637410797196, 0.33440764230966535)),
    ((0.0041823136896737279, -0.0982281838853101, -0.48482259452996523), (-18.863305103718528, 0.15580317981481195)),
    ((-0.039647585432389158, -0.09123579030620671, -0.44106558265748225), (-18.94158518288254, 0.30980082737024578)),
    ((-0.97541075358581308, -0.074852885274225192, 0.025764323105257281), (-18.06587388425175, -2.8446728660779579)),
    ((0.020591380801524228, 0.013343426933953462, -0.3254465388861113), (-19.320372133698456, 0.31150995541700932)),
    ((-0.86118285125000615, 0.010954907340098491, -0.07490435134551901), (-18.267420764269726, -1.9426818012103624)),
    ((-1.0384829461465885, -0.70642632391923099, -1.0548195930543356), (-15.536361231176144, -8.006030855479132)),
),)
