fronts = ((
    ((5, -5, -5), (-4.8623346886842835, 13.951897251108717)),
    ((-5, 5, -5), (-4.8623346886842835, 13.951897251108717)),
    ((5, -5, 5), (-4.8623346886842835, 7.791492659222152)),
    ((5, -5, 5), (-4.8623346886842835, 7.791492659222152)),
    ((5, -5, 5), (-4.8623346886842835, 7.791492659222152)),
    ((5, 5, 5), (-4.8623346886842835, 1.631088067335587)),
    ((-5, 5, 5), (-4.8623346886842835, 7.791492659222152)),
    ((-5, 5, 5), (-4.8623346886842835, 7.791492659222152)),
    ((5, -5, 5), (-4.8623346886842835, 7.791492659222152)),
    ((-5, 5, -5), (-4.8623346886842835, 13.951897251108717)),
    ((-5, 5, -5), (-4.8623346886842835, 13.951897251108717)),
    ((-5, 5, -5), (-4.8623346886842835, 13.951897251108717)),
    ((5, -5, -5), (-4.8623346886842835, 13.951897251108717)),
    ((5, -5, -5), (-4.8623346886842835, 13.951897251108717)),
    ((-5, 5, -5), (-4.8623346886842835, 13.951897251108717)),
    ((5, -5, 5), (-4.8623346886842835, 7.791492659222152)),
    ((5, -5, 5), (-4.8623346886842835, 7.791492659222152)),
    ((5, -5, 5), (-4.8623346886842835, 7.791492659222152)),
    ((-5, 5, 5), (-4.8623346886842835, 7.791492659222152)),
    ((-5, 5, 5), (-4.8623346886842835, 7.791492659222152)),
    ((5, -5, 5), (-4.8623346886842835, 7.791492659222152)),
    ((-5, 5, -5), (-4.8623346886842835, 13.951897251108717)),
    ((-5, 5, -5), (-4.8623346886842835, 13.951897251108717)),
    ((-5, 5, -5), (-4.8623346886842835, 13.951897251108717)),
    ((5, -5, -5), (-4.8623346886842835, 13.951897251108717)),
    ((5, -5, -5), (-4.8623346886842835, 13.951897251108717)),
    ((-5, 5, -5), (-4.8623346886842835, 13.951897251108717)),
    ((5, -5, 5), (-4.8623346886842835, 7.791492659222152)),
    ((5, -5, 5), (-4.8623346886842835, 7.791492659222152)),
    ((5, -5, 5), (-4.8623346886842835, 7.791492659222152)),
    ((-5, 5, 5), (-4.8623346886842835, 7.791492659222152)),
    ((-5, 5, 5), (-4.8623346886842835, 7.791492659222152)),
    ((5, -5, 5), (-4.8623346886842835, 7.791492659222152)),
    ((-5, 5, -5), (-4.8623346886842835, 13.951897251108717)),
    ((-5, 5, -5), (-4.8623346886842835, 13.951897251108717)),
    ((5, -5, -5), (-4.8623346886842835, 13.951897251108717)),
    ((5, -5, -5), (-4.8623346886842835, 13.951897251108717)),
    ((-5, 5, -5), (-4.8623346886842835, 13.951897251108717)),
    ((5, -5, 5), (-4.8623346886842835, 7.791492659222152)),
    ((5, -5, 5), (-4.8623346886842835, 7.791492659222152)),
    ((-5, 5, 5), (-4.8623346886842835, 7.791492659222152)),
    ((-5, 5, -5), (-4.8623346886842835, 13.951897251108717)),
    ((0.2982600923329608, -0.38162208661790409, 5), (-12.744851014524688, 1.2412135078083173)),
    ((2.5458120956350001, 5, 5), (-5.6869204607898745, -0.35903948670661467)),
    ((5, -5, 5), (-4.8623346886842835, 7.791492659222152)),
    ((0.730020713935148, 0.9339743905258313, 0.01153626377573147), (-16.185258989807902, 7.286626127831792)),
),)
