fronts = ((
    ((0.24704311146327576, 0.06074697197332041, 0.48468138576568043, 0.3844936227722274, 0.35379839886164605, 0.3748285886792076, 0.5097346302652573, 0.17750545411574734, 0.17974215828824636, 0.02582148832645222, 0.08593235124967276, 0.6133000712991343, 0.9462358095526762, 0.4679873613259958, 0.8837845624241872, 0.04186973572037759, 0.2691947464599949, 0.3768676110933703, 0.09060614171446223, 0.7358200465467007, 0.7025841958415813, 0.048844434277236747, 0.4511510716930428, 0.30415599097180146, 0.5897189099528849, 0.5744212680603945, 0.04287981131179937, 0.5189889534424086, 0.7560320856122706, 0.17030045564855575), (0.24704311146327576, 3.4303583017481416)),
    ((0.8088814516813814, 0.13723687762482545, 0.3427151206646468, 0.37820168719109654, 0.11460324264595988, 0.0784674998059966, 0.12172270652659953, 0.6238155860915466, 0.1329378339570515, 0.43457552038654756, 0.4845141498983818, 0.3415767625795962, 0.4731755505297747, 0.8961828024105217, 0.2690121281115173, 0.08414079182361865, 0.16396722663287278, 0.3509365901319781, 0.37786659250263027, 0.4387589727881285, 0.6342896385376072, 0.5170195258668197, 0.01111006882323922, 0.3975767775777788, 0.01695774883312588, 0.18146920195746852, 0.22298475025784803, 0.8524869531441573, 0.2669572333682076, 0.7939809115591738), (0.8088814516813814, 2.3152250457599486)),
    ((0.4512276057351587, 0.7154510786771664, 0.20961194342266845, 0.08051464033609255, 0.1085562971906414, 0.46719144068626445, 0.20646626895490863, 0.240520817600691, 0.46664984191884645, 0.40107603895131844, 0.23054922968508895, 0.30843372014320086, 0.5490820839544134, 0.48559239698304263, 0.17517209926574903, 0.7563463066138187, 0.6020363291358554, 0.2163017061444499, 0.5665062355783478, 0.7482767212484374, 0.3293907684942895, 0.39076310798895564, 0.011766265132666634, 0.0581255976031829, 0.1794758027707785, 0.3091276024031749, 0.69224715186922, 0.3800611015295353, 0.10302702393771458, 0.9806662631593103), (0.4512276057351587, 2.9944580632568316)),
    ((0.07298364883215841, 0.17895704982819244, 0.7611075073104993, 0.7185233705689944, 0.5470696153008795, 0.5000936389959546, 0.8038405642450417, 0.43354748833315127, 0.09296198779764603, 0.02522505477177519, 0.9706162894826326, 0.18561171853379504, 0.06844055729001354, 0.7619496223428393, 0.28280033632778645, 0.44667368053067147, 0.37083511879157965, 0.08504384916145094, 0.3379452024276014, 0.018264971432284057, 0.8246970977915018, 0.4075449973139268, 0.05965583986669804, 0.2005620866396989, 0.2729747021478856, 0.31478992890322527, 0.5757215347098373, 0.8069996432835598, 0.0011638806756856849, 0.0474020886455703), (0.07298364883215841, 3.875562686739332)),
    ((0.7200042767856376, 0.19727348810160378, 0.6384217167510057, 0.7493884191801161, 0.1528059771580882, 0.5635593662645138, 0.18038660897628217, 0.043924759972188074, 0.5402665156952887, 0.18593059611169932, 0.004270907184623677, 0.6277525202675341, 0.13068433125810722, 0.1768899557877721, 0.7722632002273904, 0.020220341798146732, 0.15287908659723706, 0.24699435729375546, 0.7388711462781681, 0.13575482212283604, 0.40665116821013975, 0.19334379668175541, 0.9777761401677995, 0.647573795669333, 0.11466811820586026, 0.23876797416793027, 0.28779917160616203, 0.7123145923306566, 0.7583832449652933, 0.01513798214227246), (0.7200042767856376, 2.534925670149592)),
    ((0.17289302096060022, 0.16424521083264465, 0.005389794649835306, 0.9629976370944584, 0.2596516480935726, 0.8273191438474874, 0.47093198039953993, 0.12618436454154472, 0.4813172693991416, 0.007943363272986451, 0.6765324626918265, 0.2980749863543919, 0.616672736921509, 0.794557179822989, 0.602178022527023, 0.06562706850654787, 0.434944970848804, 0.793424896092476, 0.380436316535071, 0.018767343446989646, 0.10823345831605462, 0.7614532948915073, 0.7541889060066297, 0.23321134830035573, 0.31712016073344174, 0.0611690358158428, 0.07196243953740894, 0.5592822516385257, 0.07669309983890961, 0.6965097390663463), (0.17289302096060022, 3.7157727071351623)),
    ((0.2033918655237153, 0.5863984558942396, 0.07023253675478017, 0.6257256954928841, 0.7021000299270005, 0.2619902121330745, 0.11335530026716081, 0.7318780338034283, 0.9059199585234892, 0.5911385048857648, 0.4557559735314395, 0.21738293897320937, 0.11792857519183336, 0.9650006121538219, 0.78278109666773, 0.18580293886162919, 0.05256507235395339, 0.5600757702370509, 0.6475834992483515, 0.22637724263833692, 0.07882454243733215, 0.14574583377235642, 0.048105419002626174, 0.508612509161643, 0.625636116103991, 0.025242941032408144, 0.1201529712639505, 0.6637181774797994, 0.047871256592467916, 0.4421568518575975), (0.2033918655237153, 3.606650460730719)),
    ((0.3127358773452971, 0.006212489593689156, 0.6622416401779742, 0.04492214836023643, 0.761724235134254, 0.5748337454444614, 0.3139313304903448, 0.06440666434164151, 0.18482474286630404, 0.8372348194241118, 0.10660518257192447, 0.16330226546003043, 0.20066417918434046, 0.1131540314847924, 0.2829511367192555, 0.9561019701015767, 0.008976267505527883, 0.8536088087906536, 0.01659395459810423, 0.5867022368556378, 0.22215633333589227, 0.02716725163857379, 0.6324156604895648, 0.18314649227537178, 0.42406790820249424, 0.8407553617750225, 0.3801251249010196, 0.5287957840506499, 0.5102482245611992, 0.03191056555129406), (0.3127358773452971, 3.10988143798401)),
    ((0.45122766230219025, 0.715451101431137, 0.2096119562807276, 0.08051467006455963, 0.10855622725374943, 0.46719143977761085, 0.20646627896049025, 0.24052082136997924, 0.46664983537963955, 0.4010760506992645, 0.23054917027299465, 0.30843372804820646, 0.5490820885994975, 0.48559239580703817, 0.17517218428836748, 0.756346331729452, 0.6020363566293239, 0.21630171137781581, 0.5665062369296391, 0.7482767471958771, 0.3293907950155865, 0.3907631707886206, 0.011766246181749809, 0.058125560156035705, 0.17947580399644295, 0.3091276121617998, 0.6922471796744445, 0.3800610975621286, 0.10302695756303132, 0.9806662642052943), (0.45122766230219025, 2.9944580108731653)),
    ((0.07298360181278048, 0.1789570607796444, 0.7611075319353516, 0.7185233904117515, 0.5470696226624243, 0.5000936630639855, 0.8038405844650037, 0.43354754672263557, 0.09296201604221023, 0.025224953202016336, 0.9706163084129521, 0.18561180248030565, 0.06844058000248564, 0.7619496241288747, 0.282800374822225, 0.4466737178440167, 0.3708351450977038, 0.08504379437234477, 0.3379452169299508, 0.018264987625107223, 0.8246971158615886, 0.4075449987175003, 0.059655907029889016, 0.2005621690451372, 0.27297471819316915, 0.31478997157392674, 0.5757215340480979, 0.806999645754853, 0.001163807447573672, 0.04740209618402692), (0.07298360181278048, 3.875563004235297)),
    ((0.20339191606291676, 0.5863984586314467, 0.07023242363724053, 0.6257256974089428, 0.7021000606342976, 0.2619902882065494, 0.11335531079036122, 0.7318780336270383, 0.9059199477078888, 0.5911385470308897, 0.4557560213694032, 0.2173829351711402, 0.11792863375791143, 0.9650006157615316, 0.7827811166129552, 0.1858029410565994, 0.052564987691887485, 0.5600758155840984, 0.6475834997783098, 0.2263773111084996, 0.07882454206203948, 0.14574584524090017, 0.048105388010932656, 0.5086125454795454, 0.6256361156875733, 0.025242971869726082, 0.12015297129744507, 0.6637181826868617, 0.04787126247838765, 0.44215689141622566), (0.20339191606291676, 3.606650422987302)),
    ((0.4512278037197691, 0.7154511583160637, 0.20961198842587545, 0.08051474438572732, 0.10855605241151951, 0.46719143750597686, 0.20646630397444427, 0.24052083079319983, 0.46664981903162234, 0.4010760800691296, 0.2305490217427589, 0.3084337478107204, 0.5490821002122078, 0.48559239286702705, 0.1751723968449136, 0.756346394518535, 0.6020364253629951, 0.21630172446123055, 0.5665062403078674, 0.7482768120644766, 0.329390861318829, 0.390763327787783, 0.011766198804457744, 0.05812546653816771, 0.17947580706060412, 0.3091276365583621, 0.6922472491875056, 0.3800610876436118, 0.10302679162632314, 0.9806662668202546), (0.4512278037197691, 2.994457879914024)),
    ((0.07298348426433567, 0.17895708815827432, 0.7611075934974825, 0.7185234400186441, 0.5470696410662863, 0.5000937232340629, 0.8038406350149089, 0.43354769269634635, 0.09296208665362073, 0.0252246992776192, 0.9706163557387508, 0.18561201234658217, 0.0684406367836659, 0.7619496285939633, 0.28280047105832123, 0.4466738111273798, 0.37083521086301424, 0.08504365739957936, 0.3379452531858242, 0.018265028107165137, 0.8246971610368056, 0.407545002226434, 0.059656074937866455, 0.20056237505873295, 0.272974758306378, 0.3147900782506804, 0.5757215323937493, 0.8069996519330858, 0.0011636243772936397, 0.04740211503016848), (0.07298348426433567, 3.875563797975503)),
    ((0.20339204241092043, 0.5863984654744646, 0.07023214084339144, 0.6257257021990894, 0.7021001374025406, 0.26199047839023665, 0.11335533709836225, 0.7318780331860631, 0.9059199206688877, 0.591138652393702, 0.4557561409643124, 0.21738292566596734, 0.1179287801731066, 0.9650006247808058, 0.7827811664760184, 0.18580294654402488, 0.052564776036722716, 0.5600759289517169, 0.6475835011032054, 0.22637748228390628, 0.07882454112380778, 0.14574587391225954, 0.048105310531698864, 0.5086126362743011, 0.625636114646529, 0.025243048963020924, 0.12015297138118149, 0.6637181957045171, 0.04787127719318698, 0.44215699031279604), (0.20339204241092043, 3.6066503286288194)),
    ((0.45122815726371635, 0.7154513005283802, 0.2096120687887451, 0.08051493018864657, 0.10855561530594471, 0.46719143182689193, 0.20646636650932934, 0.2405208543512513, 0.4666497781615793, 0.4010761534937924, 0.23054865041716952, 0.3084337972170053, 0.5490821292439836, 0.4855923855169992, 0.1751729282362789, 0.7563465514912425, 0.6020365971971731, 0.2163017571697674, 0.5665062487534384, 0.7482769742359753, 0.3293910270769352, 0.39076372028568895, 0.011766080361227579, 0.05812523249349772, 0.17947581472100704, 0.3091276975497679, 0.6922474229701582, 0.38006106284731983, 0.1030263767845527, 0.9806662733576551), (0.45122815726371635, 2.994457552516299)),
    ((0.07298319039322362, 0.17895715660484912, 0.7611077474028095, 0.7185235640358757, 0.5470696870759413, 0.5000938736592563, 0.8038407613896718, 0.43354805763062326, 0.09296226318214698, 0.025224064466626367, 0.9706164740532476, 0.1856125370122735, 0.06844077873661654, 0.761949639756685, 0.2828007116485619, 0.44667404433578745, 0.3708353752762903, 0.08504331496766585, 0.3379453438255077, 0.018265129312309922, 0.8246972739748482, 0.4075450109987684, 0.059656494707810044, 0.2005628900927223, 0.2729748585894002, 0.3147903449425646, 0.575721528257878, 0.8069996673786678, 0.001163166701593559, 0.04740216214552237), (0.07298319039322362, 3.8755657823277976)),
    ((0.20339235828092958, 0.5863984825820093, 0.0702314338587687, 0.6257257141744558, 0.7021003293231481, 0.26199095384945476, 0.11335540286836482, 0.7318780320836253, 0.9059198530713852, 0.5911389158007326, 0.4557564399515854, 0.21738290190303516, 0.11792914621109452, 0.9650006473289913, 0.7827812911336761, 0.1858029602625886, 0.0525642468988108, 0.5600762123707633, 0.6475835044154444, 0.226377910222423, 0.07882453877822854, 0.14574594559065795, 0.04810511683361438, 0.5086128632611905, 0.6256361120439184, 0.025243241696258033, 0.12015297159052254, 0.6637182282486557, 0.0478713139801853, 0.4421572375542219), (0.20339235828092958, 3.6066500927329543)),
    ((0.4512290411235845, 0.7154516560591716, 0.20961226969591926, 0.0805153946959447, 0.10855452254200769, 0.46719141762917965, 0.206466522846542, 0.24052091324638, 0.4666496759864718, 0.4010763370554494, 0.23054772210319602, 0.30843392073271764, 0.5490822018234229, 0.4855923671419295, 0.1751742567146921, 0.7563469439230113, 0.602037026782618, 0.21630183894110955, 0.5665062698673655, 0.7482773796647219, 0.32939144147220073, 0.3907647015304539, 0.011765784253152169, 0.05812464738182275, 0.17947583387201435, 0.3091278500282823, 0.6922478574267896, 0.38006100085658984, 0.1030253396801266, 0.9806662897011564), (0.4512290411235845, 2.9944567340227892)),
    ((0.07298245571544353, 0.17895732772128614, 0.7611081321661272, 0.7185238740789547, 0.5470698021000787, 0.5000942497222399, 0.803841077326579, 0.4335489699663156, 0.09296270450346261, 0.02522247743914428, 0.9706167698394895, 0.18561384867650182, 0.06844113361899314, 0.7619496676634891, 0.2828013131241637, 0.44667462735680663, 0.37083578630948044, 0.08504245888788205, 0.3379455704247165, 0.01826538232517189, 0.8246975563199546, 0.40754503292960426, 0.05965754413266902, 0.2005641776776957, 0.27297510929695556, 0.314791011672275, 0.5757215179181997, 0.8069997059926229, 0.0011620225123433576, 0.047402279933907096), (0.07298245571544353, 3.8755707432196687)),
    ((0.20339314795595245, 0.5863985253508711, 0.07022966639721186, 0.6257257441128717, 0.702100809124667, 0.2619921424975001, 0.11335556729337125, 0.7318780293275308, 0.905919684077629, 0.5911395743183092, 0.4557571874197679, 0.2173828424957047, 0.11793006130606432, 0.965000703699455, 0.7827816027778205, 0.18580299455899796, 0.052562924054031, 0.5600769209183794, 0.6475835126960421, 0.22637898006871487, 0.07882453291428043, 0.14574612478665397, 0.048104632588403175, 0.5086134307284139, 0.625636105537392, 0.025243723529350802, 0.12015297211387518, 0.6637183096090021, 0.04787140594768111, 0.4421578556577867), (0.20339314795595245, 3.6066495029954413)),
    ((0.45123125077325477, 0.7154525448861501, 0.2096127719638546, 0.08051655596419, 0.10855179063216515, 0.4671913821348989, 0.20646691368957362, 0.24052106048420174, 0.466649420548703, 0.40107679595959184, 0.23054540131826226, 0.3084342295219984, 0.5490823832720214, 0.4855923212042553, 0.17517757791072516, 0.7563479250024331, 0.6020381007462301, 0.2163020433694649, 0.5665063226521835, 0.7482783932365883, 0.32939247746036454, 0.3907671546423663, 0.011765043982963646, 0.05812318460263531, 0.1794758817495326, 0.30912823122456834, 0.6922489435683682, 0.3800608458797649, 0.10302274691906135, 0.9806663305599098), (0.45123125077325477, 2.9944546877940508)),
    ((0.07298061902099329, 0.1789577555123787, 0.7611090940744214, 0.7185246491866522, 0.5470700896604223, 0.5000951898796989, 0.803841867168847, 0.4335512508055464, 0.0929638078067517, 0.025218509870439065, 0.9706175093050945, 0.18561712783707263, 0.06844202082493463, 0.7619497374304997, 0.28280281681316805, 0.44667608490935456, 0.3708368138924559, 0.08504031868842256, 0.33794613692273856, 0.018266014857326804, 0.8246982621827205, 0.4075450877566939, 0.059660167694816454, 0.20056739664012915, 0.27297573606584397, 0.3147926784965512, 0.5757214920690038, 0.8069998025275108, 0.0011591620392178538, 0.04740257440486892), (0.07298061902099329, 3.8755831455189456)),
    ((0.2033951221435096, 0.5863986322730256, 0.07022524774331976, 0.6257258189589118, 0.7021020086284641, 0.2619951141176134, 0.11335597835588733, 0.7318780224372943, 0.9059192615932385, 0.5911412206122506, 0.45575905609022416, 0.2173826939773785, 0.11793234904348883, 0.9650008446256142, 0.7827823818881814, 0.18580308030002132, 0.0525596169420815, 0.5600786922874194, 0.6475835333975362, 0.2263816546844445, 0.07882451825441018, 0.14574657277664402, 0.048103421975375156, 0.5086148493964725, 0.625636089271076, 0.025244928112082725, 0.12015297342225677, 0.6637185130098682, 0.04787163586642064, 0.44215940091669864), (0.2033951221435096, 3.606648028665093)),
    ((0.4512367748974304, 0.7154547669535961, 0.20961402763369297, 0.08051945913480324, 0.1085449608575588, 0.467191293399197, 0.20646789079715272, 0.2405214285787561, 0.46664878195428106, 0.40107794321994794, 0.2305395993559279, 0.3084350014952003, 0.5490828368935177, 0.4855922063600697, 0.1751858809008078, 0.7563503777009876, 0.6020407856552606, 0.2163025544403533, 0.5665064546142283, 0.7482809271662543, 0.32939506743077407, 0.3907732874221472, 0.011763193307492335, 0.05811952765466672, 0.17947600144332823, 0.3091291842152835, 0.6922516589223147, 0.38006045843770253, 0.10301626501639824, 0.9806664327067932), (0.4512367748974304, 2.9944495722536617)),
    ((0.07297602728486768, 0.17895882499011007, 0.761111498845157, 0.7185265869558957, 0.5470708085612811, 0.5000975402733464, 0.8038438417745172, 0.43355695290362345, 0.09296656606497443, 0.025208590948676023, 0.9706193579691068, 0.1856253257384996, 0.06844423883978834, 0.761949911848026, 0.28280657603567894, 0.4466797287907244, 0.3708393828498945, 0.08503496818977384, 0.3379475531677936, 0.01826759618771409, 0.8247000268396352, 0.407545224824418, 0.059666726600185044, 0.20057544404621278, 0.272977302988065, 0.3147968455572416, 0.575721427446014, 0.8070000438647303, 0.001152010856404094, 0.04740331058227348), (0.07297602728486768, 3.8756141517021585)),
    ((0.2034000576124025, 0.5863988995784117, 0.0702142011085895, 0.6257260060740119, 0.7021050073879567, 0.2620025431678966, 0.11335700601217753, 0.7318780052117029, 0.9059182053822624, 0.591145336347104, 0.4557637277663648, 0.21738232268156302, 0.11793806838705011, 0.9650011969410123, 0.7827843296640835, 0.18580329465257975, 0.052551349162207744, 0.5600831207100195, 0.6475835851512713, 0.22638834122376855, 0.07882448160473456, 0.14574769275161914, 0.0481003954428051, 0.5086183960666191, 0.6256360486052858, 0.025247939568912536, 0.12015297669321073, 0.6637190215120333, 0.04787221066326946, 0.4421632640639785), (0.2034000576124025, 3.606644342923172)),
    ((0.4512505852078696, 0.7154603221222112, 0.2096171668082889, 0.08052671706133636, 0.10852788642104294, 0.4671910715599422, 0.20647033356610045, 0.24052234881514203, 0.46664718546822614, 0.40108081137083823, 0.230525094450092, 0.30843693142820505, 0.5490839709472582, 0.4855919192496058, 0.1752066383760144, 0.7563565094473736, 0.602047497927837, 0.21630383211757426, 0.5665067845193404, 0.7482872619904194, 0.32940154235679786, 0.3907886193715994, 0.011758566618814059, 0.05811038528474525, 0.1794763006778173, 0.3091315666920714, 0.6922584473071809, 0.3800594898325466, 0.10300006025974047, 0.9806666880740018), (0.4512505852078696, 2.994436783599306)),
    ((0.07296454794455368, 0.17896149868443853, 0.7611175107719962, 0.7185314313790045, 0.5470726058134281, 0.5001034162574651, 0.8038487782886926, 0.433571208148816, 0.09297346171053127, 0.02518379364426842, 0.9706239796291377, 0.18564582049206704, 0.06844978387692263, 0.7619503478918416, 0.28281597409195625, 0.44668883849414887, 0.370845805243491, 0.08502159194315204, 0.33795109378043126, 0.018271549513682313, 0.824704438481922, 0.4075455674937282, 0.05968312386360652, 0.20059556256142186, 0.2729812202936176, 0.3148072632089676, 0.5757212658885393, 0.8070006472077793, 0.001134132899369695, 0.04740515102578487), (0.07296454794455368, 3.8756916698793944)),
    ((0.20341239628463478, 0.5863995678418771, 0.07018658452176385, 0.6257264738617621, 0.7021125042866884, 0.26202111579360465, 0.11335957515290303, 0.7318779621477245, 0.905915564854822, 0.5911556256842375, 0.4557754069567164, 0.2173813944420243, 0.1179523667459533, 0.9650020777295074, 0.7827891991038388, 0.1858038305339758, 0.05253067971252336, 0.5600941917665199, 0.6475837145356093, 0.22640505757207868, 0.07882438998054549, 0.14575049268905693, 0.04809282911137997, 0.5086272627419854, 0.6256359469408103, 0.025255468210987064, 0.12015298487059566, 0.663720292767446, 0.04787364765539151, 0.4421729219321781), (0.20341239628463478, 3.6066351290930516)),
    ((0.4512851109839675, 0.7154742100437491, 0.2096250147447787, 0.08054486187766917, 0.10848520032975328, 0.46719051696180525, 0.2064764404884698, 0.24052464940610682, 0.46664319425308887, 0.40108798174806404, 0.23048883218550226, 0.30844175626071696, 0.5490868060816096, 0.48559120147344603, 0.17525853206403094, 0.7563718388133388, 0.6020642786092777, 0.21630702631062668, 0.5665076092821208, 0.7483030990508321, 0.3294177296718574, 0.3908269492452301, 0.01174699989711837, 0.05808752935994157, 0.17947704876404003, 0.30913752288404117, 0.6922754182693465, 0.38005706831965685, 0.10295954836809605, 0.9806673264920233), (0.4512851109839675, 2.9944048131921934)),
    ((0.07293584959376864, 0.17896818292025965, 0.7611325405890939, 0.7185435424367768, 0.5470770989437955, 0.5001181062177619, 0.8038611195741311, 0.43360684626179746, 0.09299070082442334, 0.02512180038324941, 0.970635533779215, 0.18569705737598563, 0.06846364646975836, 0.7619514380013807, 0.28283946923264947, 0.4467116127527101, 0.37086186122748216, 0.08498815132659752, 0.3379599453120254, 0.01828143282860287, 0.824715467587639, 0.40754642416700376, 0.0597241170221602, 0.20064585884944458, 0.27299101355749905, 0.3148333073382827, 0.5757208619948528, 0.8070021555654017, 0.0010894380067836972, 0.04740975213456334), (0.07293584959376864, 3.875885482322435)),
    ((0.20344324296521546, 0.5864012385005404, 0.07011754305469972, 0.6257276433311375, 0.7021312465335174, 0.26206754735787474, 0.11336599800471678, 0.7318778544877786, 0.9059089635362211, 0.5911813490270713, 0.4558046049325955, 0.21737907384317756, 0.1179881126432113, 0.9650042797007453, 0.7828013727032271, 0.18580517023746598, 0.052479006088312394, 0.5601218694077708, 0.6475840379964539, 0.22644684844285404, 0.07882416092007283, 0.1457574925326514, 0.04807391328281715, 0.5086494294304015, 0.6256356927796215, 0.025274289816173384, 0.12015300531405795, 0.6637234709059779, 0.047877240135696636, 0.4421970666026771), (0.20344324296521546, 3.606612097796585)),
    ((0.45137142542421227, 0.7155089298475937, 0.20964463458600324, 0.0805902239185012, 0.10837848510152916, 0.4671891304664629, 0.20649170779439316, 0.2405304008835188, 0.4666332162152457, 0.4011059076911285, 0.2303981765240279, 0.3084538183419967, 0.5490938939174881, 0.4855894070330466, 0.17538826628407225, 0.7564101622282517, 0.6021062303128795, 0.21631501179325768, 0.5665096711890718, 0.748342691701864, 0.32945819795950626, 0.39092277392930674, 0.011718083092879146, 0.058030389547932375, 0.17947891897959678, 0.30915241336396554, 0.6923178456747604, 0.3800510145374325, 0.102858268638985, 0.9806689225370768), (0.45137142542421227, 2.994324894853034)),
    ((0.07286410371680606, 0.17898489350981248, 0.7611701151318381, 0.7185738200812074, 0.5470883317697142, 0.5001548311185037, 0.8038919727877273, 0.43369594154425106, 0.09303379860915353, 0.02496681723070189, 0.9706644191544082, 0.18582514958578206, 0.06849830295184768, 0.7619541632752285, 0.28289820708438257, 0.4467685483991132, 0.3709020011874601, 0.08490454978521127, 0.33798207414101067, 0.018306141115904263, 0.8247430403519317, 0.40754856585019267, 0.059826599918544394, 0.20077159956950136, 0.27301549671720277, 0.3148984176615704, 0.5757198522606367, 0.8070059264594577, 0.0009777007753187027, 0.04742125490650953), (0.07286410371680606, 3.8763701197572416)),
    ((0.20352035966666712, 0.5864054151471986, 0.0699449393870394, 0.6257305670045761, 0.7021781021505902, 0.26218362626854996, 0.11338205513425115, 0.7318775853379139, 0.9058924602397187, 0.5912456573841557, 0.4558775998722932, 0.2173732723460607, 0.11807747738635628, 0.9650097846288401, 0.782831806701698, 0.18580851949619143, 0.05234982202778499, 0.560191063510898, 0.6475848466485655, 0.22655132561979244, 0.07882358826889119, 0.14577499214163764, 0.04802662371141009, 0.5087048461514415, 0.6256350573766496, 0.025321343829139184, 0.12015305642271369, 0.6637314162523077, 0.04788622133645946, 0.4422574282789246), (0.20352035966666712, 3.6065545400415906)),
    ((0.45158721152482423, 0.7155957293572054, 0.20969368418906453, 0.08070362902058127, 0.10811169703096883, 0.467185664228107, 0.2065298760592016, 0.2405447795770487, 0.46660827112063785, 0.4011507225487897, 0.23017153737034193, 0.308483973545196, 0.5491116135071841, 0.48558492093204797, 0.17571260183417553, 0.7565059707655342, 0.6022111095718838, 0.2163349754998352, 0.5665148259564492, 0.7484416733294434, 0.32955936867862834, 0.3911623356394983, 0.011645791082281087, 0.057887540017909384, 0.1794835945184887, 0.3091896395637765, 0.6924239141882952, 0.38003588008187167, 0.1026050693162074, 0.9806729126497107), (0.45158721152482423, 2.994125146977247)),
    ((0.07268473902439959, 0.17902666998369454, 0.7612640514886987, 0.7186495141922841, 0.5471164138345108, 0.5002466433703581, 0.8039691058217177, 0.4339186797503851, 0.09314154307097901, 0.024579359349333092, 0.9707366325923911, 0.18614538011027315, 0.06858494415707098, 0.7619609764598481, 0.2830450517137153, 0.44691088751512087, 0.371002351087405, 0.08469554593174561, 0.3380373962134739, 0.018367911834157744, 0.8248119722626635, 0.4075539200581649, 0.060082807159504883, 0.20108595136964333, 0.273076704616462, 0.31506119346978967, 0.5757173279250963, 0.8070153536945978, 0.0006983576966562161, 0.047450011836375004), (0.07268473902439959, 3.877582379102995)),
    ((0.20371315142029628, 0.5864158567638441, 0.06951343021788858, 0.6257378761881727, 0.7022952411932721, 0.26247382354523807, 0.11342219795808707, 0.731876912463252, 0.9058512019984626, 0.5914064282768666, 0.4560600872215374, 0.2173587686032685, 0.11830088924421875, 0.9650235469490772, 0.7829078916978753, 0.18581689264300502, 0.052026861876466476, 0.5603640487687159, 0.6475868682788447, 0.22681251856213844, 0.07882215664093709, 0.1458187411641032, 0.04790839978289244, 0.5088433879540415, 0.6256334688692199, 0.025438978861553684, 0.12015318419435304, 0.6637512796181322, 0.047908674338366514, 0.4424083324695434), (0.20371315142029628, 3.6064107735904796)),
    ((0.4521266767763541, 0.7158127281312344, 0.2098163081967178, 0.08098714177578145, 0.10744472685456802, 0.46717699863221723, 0.20662529672122262, 0.24058072631087343, 0.46654590838411825, 0.40126275969294267, 0.2296049394861271, 0.3085593615531943, 0.5491559124814241, 0.48557370567955144, 0.17652344070943377, 0.7567454921087403, 0.6024733077193947, 0.21638488476627907, 0.5665277128748926, 0.7486891273983923, 0.3298122954764336, 0.39176123991497724, 0.011465061055785939, 0.057530416192851916, 0.17949528336571846, 0.30928270506330385, 0.6926890854721323, 0.37999804394296954, 0.10197207100926338, 0.9806828879312953), (0.4521266767763541, 2.9936260768125975)),
    ((0.07223632729338343, 0.17913111116839972, 0.7614988923808503, 0.7188387494699757, 0.5471866189965024, 0.5004761739999941, 0.8041619384066936, 0.43447552526572025, 0.09341090422554268, 0.023610714645911097, 0.9709171661873484, 0.1869459564215009, 0.06880154717012922, 0.761978009421397, 0.28341216328704716, 0.44726673530514005, 0.37125322583726716, 0.08417303629808147, 0.33817570139463193, 0.018522338629791444, 0.8249843020394929, 0.4075673055780954, 0.06072332526190611, 0.20187183086999827, 0.27322972436461007, 0.3154681329903378, 0.5757110170862454, 0.8070389217824478, 0, 0.04752190416103868), (0.07223632729338343, 3.8806172075421124)),
    ((0.20419513080436916, 0.5864419608054581, 0.06843465729501155, 0.625756149147164, 0.702588088799977, 0.2631993167369583, 0.1135225550176769, 0.7318752302765974, 0.9057480563953224, 0.591808355508644, 0.4565163055946479, 0.21732250924628801, 0.11885941888887493, 0.9650579527496699, 0.7830981041883187, 0.18583782551003905, 0.0512194614981702, 0.5607965119132607, 0.6475919223545425, 0.22746550091800344, 0.07881857757105183, 0.14592811372026715, 0.04761283996159833, 0.5091897424605414, 0.6256294976006457, 0.02573306644258993, 0.12015350362345144, 0.6638009380326932, 0.04796480684313416, 0.4427855929460905), (0.20419513080436916, 3.6060521554721094)),
    ((0.4534753399051788, 0.7163552250663071, 0.21012286821585094, 0.0816959236637819, 0.10577730141356599, 0.46715533464249287, 0.20686384837627522, 0.2406705931454353, 0.4663900015428192, 0.40154285255332506, 0.22818844477558997, 0.30874783157319, 0.5492666599170243, 0.4855456675483101, 0.17855053789757933, 0.7573442954667556, 0.6031288030881718, 0.21650965793238872, 0.566559930171001, 0.7493077625707645, 0.33044461247094675, 0.39325850060367457, 0.01101323598954807, 0.05663760663020824, 0.17952450548379287, 0.3095153688121222, 0.6933520136817249, 0.37990345359571415, 0.10038957524190333, 0.980707826135257), (0.4534753399051788, 2.9923802687445114)),
    ((0.07111529796584305, 0.17939221413016265, 0.7620859946112294, 0.7193118376642048, 0.5473621319014814, 0.5010500005740841, 0.8046440198691334, 0.435867639054058, 0.09408430711195187, 0.021189102887356114, 0.9713685001747416, 0.18894739719957018, 0.06934305470277484, 0.7620205918252696, 0.28432994222037683, 0.44815635478018806, 0.3718804127119226, 0.08286676221392114, 0.338521464347527, 0.018908405618875693, 0.8254151264815666, 0.4076007693779218, 0.062324620517909164, 0.2038365296208856, 0.2736122737349803, 0.31648548179170827, 0.5756952399891179, 0.807097842002073, 0.0004668653361635782, 0.04770163497269787), (0.07111529796584305, 3.8888740251560168)),
    ((0.20540007926455134, 0.5865072209094929, 0.06573772498781898, 0.6258018315446425, 0.7033202078167393, 0.26501304971625883, 0.11377344766665146, 0.7318710248099607, 0.905490192387472, 0.5928131735880873, 0.4576568515274241, 0.2172318608538368, 0.12025574300051538, 0.9651439672511515, 0.783573635414427, 0.1858901576776241, 0.0492009605524295, 0.5618776697746227, 0.6476045575437872, 0.22909795680766595, 0.07880962989633869, 0.14620154511067698, 0.046873940408363055, 0.5100556287267912, 0.62561956942921, 0.026468285395180542, 0.12015430219619742, 0.663925084069096, 0.04810513810505326, 0.44372874413745816), (0.20540007926455134, 3.605160572997227)),
    ((0.4568469977272405, 0.7177114674039888, 0.21088926826368382, 0.08346787838378301, 0.10160873781106093, 0.4671011746681819, 0.20746022751390672, 0.24089526023183994, 0.46600023443957156, 0.402243084704281, 0.22464720799924714, 0.30921900662317936, 0.5495435285060245, 0.4854755722202067, 0.1836182808679432, 0.7588413038617939, 0.6047675415101148, 0.21682159084766284, 0.5666404734112721, 0.7508543505016948, 0.33202540495722965, 0.39700165232541784, 0.009883673323953396, 0.05440558272359905, 0.17959756077897887, 0.3100970281841681, 0.6950093342057065, 0.3796669777275757, 0.09643333582350319, 0.9807701716451612), (0.4568469977272405, 2.989277346804834)),
    ((0.06831272464699209, 0.18004497153456997, 0.7635537501871771, 0.7204945581497775, 0.5478009141639288, 0.5024845670093092, 0.8058492235252328, 0.43934792352490243, 0.09576781432797485, 0.015135073490968652, 0.9724968351432247, 0.19395099914474345, 0.0706968235343889, 0.7621270478349509, 0.286624389553701, 0.45038040346780805, 0.37344837989856133, 0.0796010770035203, 0.3393858717297646, 0.019873573091586313, 0.8264921875867507, 0.4076844288774877, 0.06632785865791681, 0.20874827649810399, 0.2745686471609059, 0.3190288537951344, 0.5756557972462991, 0.8072451425511359, 0.0048316009402649285, 0.048150962001845855), (0.06831272464699209, 3.9106203094251164)),
    ((0.2084124504150068, 0.5866703711695799, 0.058995394219837544, 0.6259160375383388, 0.7051505053586449, 0.2695473821645102, 0.11440067928908784, 0.7318605111433689, 0.9048455323678458, 0.5953252187866955, 0.46050821635936456, 0.21700523987270876, 0.1237465532796165, 0.9653590035048556, 0.7847624634796979, 0.1860209880965867, 0.044154708188077756, 0.5645805644280278, 0.6476361455168987, 0.23317909653182226, 0.07878726070955584, 0.14688512358670158, 0.04502669152527485, 0.5122203443924158, 0.6255947490006211, 0.028306332776657075, 0.12015629862806239, 0.6642354491601029, 0.04845596625985103, 0.44608662211587735), (0.2084124504150068, 3.6029622537388484)),
    ((0.4652761422823949, 0.7211020732481931, 0.21280526838326602, 0.0878977651837858, 0.09118732880479827, 0.4669657747324045, 0.2089511753579855, 0.24145692794785156, 0.46502581668145243, 0.4039936650816709, 0.2157941160583901, 0.3103969442481528, 0.5502356999785252, 0.48530033389994837, 0.19628763829385293, 0.7625838248493898, 0.6088643875649722, 0.21760142313584815, 0.5668418315119497, 0.7547208203290205, 0.3359773861729369, 0.40635953162977606, 0.007059766659966712, 0.04882552295707607, 0.17978019901694386, 0.31155117661428283, 0.6991526355156606, 0.3790757880572295, 0.08654273727750286, 0.9809260354199218), (0.4652761422823949, 2.9815914169395734)),
    ((0.16763823050025797, 0.6008025654048925, 0.3870031868285105, 0.2607967827426037, 0.8522665924066437, 0.02311951456479699, 0.28632048630391094, 0.9151426536131483, 0.2806583413521428, 0.07880116418677299, 0.2608086047396666, 0.5829920695064683, 0.8170320091617637, 0.5176566396279375, 0.16092393881017203, 0.5466211635737724, 0.5562551252049649, 0.8511141159939929, 0.8287493199767646, 0.07206042833526743, 0.16730111043493726, 0.00937776465716627, 0.2909692086288401, 0.8817975680625166, 0.20620354221830484, 0.45575786331223345, 0.40030448850863276, 0.3364181717457492, 0.2590490665170234, 0.18070550623797932), (0.16763823050025797, 3.8530637056626436)),
    ((0.06130629134986469, 0.18167686504558828, 0.7672231391270463, 0.7234513593637091, 0.5488978698200473, 0.5060709830973719, 0.8088622326654814, 0.44804863470201356, 0.0999765823680323, 0, 0.9753176725644325, 0.20646000400767664, 0.07408124561342404, 0.7623931878591542, 0.29236050788701146, 0.4559405251868581, 0.37736829786515813, 0.07143686397751822, 0.3415468901853586, 0.022286491773362862, 0.829184840349711, 0.4078935776264025, 0.07633595400793591, 0.2210276436911499, 0.2769595807257199, 0.32538728380369975, 0.5755571903892523, 0.8076133939237932, 0.015743439950518304, 0.04927427957471581), (0.06130629134986469, 3.966167062390258)),
    ((0.06660402601377666, 0.39253755666954815, 0.013858520452274144, 0.14945805463283607, 0.8901977478664435, 0.7294593689688913, 0.32879380525324653, 0.194770581481489, 0.3712548399933671, 0.352022543831668, 0.3506048177624409, 0.12130947206116655, 0.7992411076005717, 0.4058929966915316, 0.5550403250156816, 0.2826427781491152, 0.04415244362714725, 0.27895884855635245, 0.13670379540080743, 0.3223694275968608, 0.36286587962341665, 0.5561341861106309, 0.7560170362923095, 0.14509270767259944, 0.06557175453174528, 0.5278032452102357, 0.34819444074476946, 0.662919571108104, 0.8561706892916238, 0.28900509139225256), (0.06660402601377666, 3.9558184890230708)),
    ((0.2159433782911455, 0.5870782468197974, 0.04213956729988396, 0.6262015525225795, 0.7097262492134089, 0.28088321328513854, 0.11596875834517881, 0.7318342269768896, 0.9032338823187805, 0.6016053317832163, 0.4676366284392157, 0.21643868741988867, 0.1324735789773693, 0.9658965941391159, 0.787734533642875, 0.18634806414399321, 0.031539077277198395, 0.5713378010615405, 0.6477151154496775, 0.243381945842213, 0.07873133774259872, 0.1485940697767631, 0.040408569317554356, 0.5176321335564772, 0.6255326979291487, 0.032901451230348405, 0.1201612897077248, 0.6650113618876203, 0.049333036646845456, 0.4519813170619253), (0.2159433782911455, 3.5976522060909275)),
    ((0.48634900367028083, 0.7295785878587036, 0.2175952686822215, 0.09897248218379276, 0.06513380628914162, 0.4666272748929611, 0.21267854496818242, 0.2428610972378806, 0.46258977228615467, 0.40837011602514556, 0.19366138620624754, 0.3133417883105863, 0.5519661286597768, 0.48486223809930246, 0.2279610318586272, 0.7719401273183794, 0.6191065027021158, 0.2195510038563114, 0.5673452267636437, 0.764386994897335, 0.34585733921220496, 0.4297542298906716, 0, 0.03487537354076862, 0.18023679461185635, 0.31518654768956966, 0.7095108887905459, 0.37759781388136415, 0.06181624091250204, 0.9813156948568234), (0.48634900367028083, 2.9628060756071206)),
    ((0.04379020810704621, 0.18575659882313406, 0.7763966114767193, 0.730843362398538, 0.5516402589603434, 0.5150370233175284, 0.8163947555161029, 0.46980041264479133, 0.1104985024681759, 0.010148189365107502, 0.9823697661174517, 0.2377325161650096, 0.0825423008110119, 0.7630585379196625, 0.30670080372028763, 0.46984082948448325, 0.38716809278165004, 0.05102633141251302, 0.34694943632434366, 0.028318788477804235, 0.8359164722571115, 0.4084164494986895, 0.10135619238298367, 0.2517260616737647, 0.28293691463775494, 0.34128335882511307, 0.5753106732466354, 0.8085340223554364, 0.04302303747615174, 0.052082573506890696), (0.04379020810704621, 4.128399268609826)),
    ((0.04757430429555476, 0.3918390147430261, 0.02426498588408048, 0.18297694903154205, 0.8901117208132987, 0.7391539241699369, 0.32844959022206255, 0.1948749329955954, 0.371083683302206, 0.351340974766299, 0.37244630601494566, 0.08664962290083325, 0.8071527880892191, 0.4188575758021167, 0.5725756816653099, 0.2536537752620265, 0.03153745973367661, 0.28436594697616463, 0.1496735707496657, 0.33324124302785224, 0.3677433621661118, 0.5547160941775836, 0.756422123919995, 0.15600803498489052, 0.08040252879462982, 0.5362117204713148, 0.3124821904119726, 0.6719302750902475, 0.8618388394673233, 0.3042035978444321), (0.04757430429555476, 4.069231615683799)),
    ((0.03871968215691089, 0.31668618178432373, 0.06752874012268996, 0.10824294011182768, 0.7378234019612325, 0.550378581731866, 0.1702555813254561, 0.44218729617379865, 0.24090244920935605, 0, 0.800016107573107, 0.6830491266852431, 0.2744958094311993, 0.23378657020695096, 0.18362527809032309, 0.05513440715173609, 0.27734365052306803, 0.8322735634421256, 0.9267835657939356, 0.24611808095783566, 0.3494223940970566, 0.6314443342163208, 0.366828832432438, 0.8080736528117638, 0.2889124383550749, 0.2259330303457321, 0.8357769712685492, 0.6137216404274575, 0.7421199000481212, 0.7447638177352979), (0.03871968215691089, 4.519875286901692)),
    ((0.2347706979814922, 0.588097935945341, 0, 0.6269153399831812, 0.7211656088503189, 0.3092227910867094, 0.11988895598540622, 0.7317685165606913, 0.8992047571961173, 0.6173056142745181, 0.4854576586388436, 0.21502230628783844, 0.15429114322175133, 0.9672405707247664, 0.7951647090508178, 0.18716575426250948, 0, 0.5882308926453221, 0.6479125402816245, 0.2688890691181899, 0.07859153032520588, 0.15286643525191684, 0.02886326379825311, 0.5311616064666306, 0.6253775702504677, 0.04438924736457673, 0.12017376740688084, 0.6669511437064138, 0.05152571261433151, 0.4667180544270451), (0.2347706979814922, 3.5854561940952574)),
    ((0, 0.6852914251271952, 0.19478055374661807, 0.7695938831102768, 0.7779002293631018, 0.570833960807537, 0.3660132815882546, 0.588623735451753, 0.7426805912272356, 0.7546253296546838, 0.7392260116734767, 0.8218745420235825, 0.5884447125082369, 0.45523297516072364, 0.962639599195364, 0.2973671255446238, 0.12774277195334063, 0.7050143476531001, 0.6474940864544435, 0.7937287183004025, 0.18471467734999492, 0.5282179986680658, 0.5765292043531506, 0.8245479624192161, 0.8667909556650089, 0.8901031814058059, 0.6957364464461977, 0.9877803771816668, 0.8257581116244368, 0.8535386563523799), (0, 6.8415665195892705)),
    ((0.5390311571399956, 0.7507698743849798, 0.2295702694296102, 0.12665927468381016, 0, 0.46578102529435245, 0.22199696899367471, 0.24637152046295321, 0.45649966129791025, 0.4193112433838323, 0.1383295615758911, 0.32070389846667, 0.5562922003629059, 0.4837669985976877, 0.3071445157705629, 0.7953308834908532, 0.6447117905449746, 0.22442495565746956, 0.5686037148928789, 0.7885524313181211, 0.3705572218103752, 0.4882409755429104, 0.008406864544262385, 0, 0.18137828359913755, 0.32427497537778677, 0.735406521977759, 0.3739028784417008, 0, 0.982289843449077), (0.5390311571399956, 2.924977983738503)),
    ((0, 0.6315058448497497, 0.38780049687057516, 0.3221435045625574, 0.8445979210356449, 0.05621271747828324, 0.29350678921318457, 0.9268471151837485, 0.2809275192024518, 0.11834383476209678, 0.33495609764460876, 0.6405104047469554, 0.806808951740032, 0.5841867582999462, 0.16651671612484795, 0.5857038009174601, 0.5754616137287116, 0.8536402484470825, 0.8147190224086481, 0.15331747192812525, 0.24585623955904032, 0.10115633447813432, 0.2852486645681026, 0.8763929839245536, 0.2976278573432997, 0.44226418290818825, 0.402475847443763, 0.3425579911158185, 0.27180133510099874, 0.23616286961175398), (0, 4.997008972992596)),
    ((0, 0.9801146150363284, 0.24178650339764235, 0.7034582481354922, 0.30032904365502855, 0.7637293419522204, 0.9682075286440943, 0.15602527101325658, 0.5352296579960251, 0.19841753617273414, 0.9042072381306876, 0.7127223312867489, 0.6203735264845266, 0.7784878756099142, 0.8742552224621446, 0.7316164102863121, 0.5751608683935573, 0.05906380111910409, 0.07357958350345786, 0.34887675757700787, 0.71020621239207, 0.6233456433908648, 0.4602015804812938, 0.3465076321441188, 0.1432277123263419, 0.3692060212647856, 0.11904457099620779, 0.3918836522711634, 0.5352472443452796, 0.8067005522851837), (0, 5.664858953268355)),
    ((0, 0.1959559332669985, 0.799330292350902, 0.7493233699856102, 0.5584962318110837, 0.5374521238679199, 0.8352260626426564, 0.5241798575017358, 0.1368033027185349, 0.10474239868366156, 1, 0.31591379655834195, 0.10369493880498154, 0.7647219130709332, 0.3425515433034781, 0.504591590228546, 0.41166758007287985, 0, 0.36045580167180635, 0.04339953023890766, 0.8527455520256129, 0.409723629179407, 0.16390678832060307, 0.3284721066303017, 0.29788024941784247, 0.3810235463786463, 0.5746943803900931, 0.8108355934345443, 0.11122203129023533, 0.059103308337327916), (0, 4.810449002401805)),
    ((0, 0.3900926599267211, 0.05028114946359631, 0.26677418502830696, 0.8898966531804366, 0.7633903121725507, 0.3275890526441026, 0.1951358117808614, 0.3706557915743031, 0.3496370521028765, 0.4270500266462075, 0, 0.8269319893108377, 0.4512690235785794, 0.6164140732893807, 0.18118126804430462, 0, 0.2978836930256951, 0.18209800912181134, 0.36042078160533075, 0.37993706852284964, 0.5511708643449652, 0.7574348429892085, 0.18329635326561822, 0.11747946445184115, 0.5572329086240126, 0.22320156457998044, 0.6944570350456062, 0.8760092149065722, 0.342199863974881), (0, 4.609037462717687)),
    ((0, 0.22620441556023124, 0, 0.19298728608030027, 0.7378693324975144, 0.5705668005902906, 0.2196239533968983, 0.44136698498319915, 0.1720731780066829, 0.09981250326653085, 0.8001537154975077, 0.6793149618563217, 0.2958982333087434, 0.2761548638664725, 0.2117314139332942, 0, 0.2912863887381227, 0.8341328271875866, 0.9342929436612243, 0.272266781361046, 0.3572839038572333, 0.6286591478386504, 0.406416140254758, 0.8277584063695316, 0.3113136922214489, 0.22806269422956013, 0.8526203588307493, 0.653339933716949, 0.734114005636576, 0.755387664754386), (0, 5.037801130466079)),
    ((0.024420911479453022, 0.009432938014318881, 0.11606879761719968, 0.788103445843786, 0.8245567914737734, 0.8621188409148628, 0.17226335979138885, 0.16541842605234258, 0.16078886516427515, 0.30060586326107963, 0.5931837842212546, 0.36565448272596235, 0.9627320476662095, 0.5555867034799968, 0.8626461949505845, 0.07393378325057443, 0.13050549135001832, 0.2823464294291843, 0.19221981358586482, 0.43738516725839693, 0.4056282062049188, 0.36056124115847543, 0.7590504981996548, 0.11781552638746806, 0.14884827792124522, 0.5580091560253151, 0.08543825243056191, 0.8008501480478957, 0.9801713561059109, 0.4689400140195521), (0.024420911479453022, 4.546352390295534)),
),)
