fronts = ((
    ((-0.98245951865777315, 0.098919533159543105, -0.98561258967908805), (-16.410694520921158, -6.0143911502009644)),
    ((-1.1081151847328419, -0.023106192456257224, -1.1699089250755157), (-15.925188587786348, -7.6193286713670645)),
    ((-1.0760387973618872, 0.10764615855568171, -0.81857369768206922), (-16.53296491185005, -5.2586996212440456)),
    ((-1.0248217075475325, -0.0067907484625391312, -0.9170155393706001), (-16.471010422180484, -5.9145738335578404)),
    ((-0.8078417256029552, 0.084916158345370196, -0.94073773728432486), (-16.77910324381739, -4.276329598165729)),
    ((-1.1140322455186684, -0.16310153891121093, -1.1364937088301925), (-15.93200738774961, -7.4745478225206075)),
    ((-1.0493804979229666, -0.074370756736921617, -1.0990269539321575), (-16.12529636677425, -7.1870667013676091)),
    ((-1.0405985500209733, -0.67963856539451339, -1.0556269650490444), (-15.578564048325733, -7.8644245063977367)),
    ((-1.0940292576317856, -0.82070083300289598, -1.0493643835676485), (-15.267947890444585, -9.0629022032256188)),
    ((-1.1122099320888172, -0.68352699431609132, -1.0900077862526181), (-15.433319776755749, -8.3883697394273877)),
    ((-1.0592345443102309, -0.57331709884161519, -1.1138855469867606), (-15.642993928751086, -7.7087703048701748)),
    ((-1.094311847460542, -0.23394958991344816, -1.1067131967654165), (-15.969999866476995, -7.3080395596286509)),
    ((-1.0368837264879416, -0.024105592038924373, -1.1739615105408308), (-16.033638009415903, -7.2665087603581533)),
    ((-1.0029538432173117, -0.1627774849848479, -1.0530355139469676), (-16.241708939465727, -6.5734036598751562)),
    ((-1.1391410203027019, -0.58601110511356802, -1.1115070017269923), (-15.517667035528076, -8.0305111561450815)),
    ((-1.0895595393667905, -0.25199074041882985, -1.1021138125653407), (-15.972133602064154, -7.2709671515722274)),
    ((-1.0863227659167747, -0.90365152537512194, -1.0503203113045314), (-15.117857288991885, -9.7072991794093699)),
    ((-1.0756238873860013, -0.91007967447194826, -1.0813541595724914), (-15.08196026265507, -9.8732767068949876)),
    ((-1.0734782051586658, -0.90410219763952682, -1.0408992714687411), (-15.14264925414552, -9.5957267724113926)),
    ((-1.0557470558528135, -0.89120886859912085, -1.0425901152997072), (-15.18659121865931, -9.406577294311866)),
    ((-1.0665498121432646, -0.72805800839941592, -1.0595961412745611), (-15.456586365423448, -8.3309593428890594)),
    ((-1.0440159927416128, -0.952339792416252, -1.0633310933566382), (-15.05447806247205, -9.9574231097183272)),
    ((-1.070477680739774, -0.90456181682892312, -1.0437736812501588), (-15.141914307267292, -9.6022892031673788)),
    ((-1.0592335982369105, -0.92431348328098384, -1.0755759435279346), (-15.079459720044653, -9.8793561117705444)),
    ((-1.0029227810624655, -0.89877596108937807, -1.0348011123630605), (-15.241176860686938, -9.0764429195028029)),
    ((-1.076301170004724, -0.95205331816711602, -1.0610254079240387), (-15.021510447665001, -10.118225163997767)),
    ((-1.1380896746280089, -1.0220393311398666, -1.0465057846831671), (-14.82791731685728, -10.749021437991262)),
    ((-1.0897701182044586, -0.93495697897753516, -1.0636436018534738), (-15.037264853747628, -10.05323984401452)),
    ((-1.0608384577849881, -0.94124813704627164, -1.0886088803842857), (-15.029319449245214, -10.08463780744874)),
    ((-1.0486269806291686, -0.9406267722088677, -1.0705430736070676), (-15.064747243004678, -9.9276172621723298)),
    ((-1.0266199106541529, -0.94840887880530356, -1.0525787239802431), (-15.093832803413411, -9.7556950212690587)),
    ((-1.0646471557327655, -0.92684311716344447, -1.0599490825133937), (-15.086097539722896, -9.8491213449531543)),
    ((-1.0723780843405537, -0.94830037658598654, -1.0537248685224947), (-15.041602778296607, -10.028442459816794)),
    ((-1.0738274839100064, -0.86462704812659186, -1.0333581006485453), (-15.227982794268973, -9.2259904369682033)),
    ((-1.0980387444144764, -0.93787879927183726, -1.0792771033283093), (-15.004391763180038, -10.186535843380909)),
    ((-1.0424064257916397, -0.93694259008719416, -1.0582147754758551), (-15.093044674106647, -9.7952423475303405)),
    ((-1.0342763983858723, -0.86185107735082001, -1.0480154684242002), (-15.26274886170396, -9.0697016195407816)),
    ((-1.1194365784768181, -0.95469018234572478, -1.0584980456146635), (-14.970399902055858, -10.281426041083833)),
    ((-1.138285588969161, -0.93413082057073826, -1.073446544878498), (-14.972193072190745, -10.225493254117042)),
    ((-1.0610101956155118, -0.90320741970470519, -1.0477253390622654), (-15.150967151478241, -9.5654646958542617)),
    ((-1.0741960255261656, -0.88529954545115208, -1.0535975552752506), (-15.163901454886172, -9.5198525842331847)),
    ((-1.0455407342367038, -0.94043191429721007, -1.0781559768877127), (-15.059991909778958, -9.9444493778542515)),
    ((-1.079357907676765, -0.89011842613590386, -1.0534179542648605), (-15.148731911452755, -9.5828279116393347)),
    ((-1.1180740701946665, -0.83787589160960174, -1.054630126221163), (-15.200543174515438, -9.3043619541373452)),
    ((-1.0822930898514738, -0.90733272225662931, -1.0698459328693142), (-15.092877053852503, -9.8264806783083465)),
    ((-1.1424828073084408, -1.0183343509427234, -1.0563841923976973), (-14.82000513983445, -10.785122167316118)),
    ((-1.0821158654392515, -0.96970764382544805, -1.0752815054196738), (-14.963798767136261, -10.357979648329721)),
    ((-1.0904620058269039, -0.96662344109779408, -1.067656210424851), (-14.969126937333293, -10.33142703816825)),
    ((-1.0920390258910009, -0.97959100915321307, -1.056272733823421), (-14.953933523178137, -10.37747407800628)),
    ((-1.0947213457393818, -0.92593210468580145, -1.049816108875345), (-15.065054547650938, -9.9216890348296509)),
    ((-1.0978800318552417, -0.93616754550077963, -1.0842626796739716), (-15.002259518962632, -10.194356101008704)),
    ((-1.0776439275525187, -0.8957182256121895, -1.0589028273995118), (-15.133493398905799, -9.6517721912650494)),
    ((-1.0874768878514083, -0.92794312947444313, -1.0553233941438702), (-15.063139388065988, -9.940813465275383)),
    ((-1.0890521957181274, -0.98352432473900586, -1.0542013719066325), (-14.951577682709278, -10.383821163992645)),
    ((-1.0763720577454832, -0.93762772951903073, -1.0643022865366609), (-15.046462735485335, -10.019349305467326)),
    ((-1.0506208233724106, -0.84545893244225656, -1.0365860498451556), (-15.28867045388904, -8.9676229173146744)),
    ((-1.0633630301515185, -1.0091439843230989, -1.0534797617279834), (-14.928181453929778, -10.446921353471545)),
    ((-1.0933714489334985, -1.0040361486562086, -1.0573421842473776), (-14.901799402977474, -10.571142089432213)),
    ((-1.1086125327451124, -1.0446213077769126, -1.0406428844430973), (-14.819880955886465, -10.79657168253356)),
    ((-1.07989453718045, -0.94087157720254877, -1.0753705080990197), (-15.023537399337478, -10.11788140227363)),
    ((-1.115013764978656, -0.90893147907239791, -1.0565487978761643), (-15.067135830875053, -9.886134019763638)),
    ((-1.1230865325858244, -0.97671579647095486, -1.0572608811645252), (-14.92397459261646, -10.456285133545363)),
    ((-1.0407576712363653, -1.0227985312918206, -1.0665591770955629), (-14.910127816582117, -10.482498576805927)),
    ((-1.0902741313902298, -1.0123895515864134, -1.0712578008224776), (-14.873120519950291, -10.691710941366473)),
    ((-1.1169652588431767, -1.1754846185339454, -1.0641230005728164), (-14.512718648487343, -11.3020684049051)),
    ((-1.12043518763677, -1.0538673316761624, -1.0541385831883889), (-14.773966760589026, -10.962607087922164)),
    ((-1.0657422951177296, -0.99437017432144992, -1.0695711395086429), (-14.938375458010528, -10.438886108973021)),
    ((-1.08672625524295, -0.95069190006898419, -1.0627765904405215), (-15.010526872032994, -10.16353491310478)),
    ((-1.1269368735314707, -1.1103181886058995, -1.0642705987139003), (-14.639723962277705, -11.281002921666627)),
    ((-1.1063521401790801, -1.1118717604442336, -1.0550223729090398), (-14.667157263736073, -11.182799169077363)),
    ((-1.0192847023911886, -0.87233103955265334, -1.0513280423836404), (-15.255864460689034, -9.075189232836804)),
    ((-1.0833436775418221, -0.95334511693590618, -1.0565662376213873), (-15.015996540206668, -10.13626352825459)),
    ((-1.1328757054540279, -0.97998975909115238, -1.0527896943356125), (-14.911398404434273, -10.473823063629471)),
    ((-1.1194920680138074, -0.83200284315447659, -1.0248068101787835), (-15.245390347888005, -9.0764116990462789)),
    ((-1.0392824168989816, -0.78832498648165705, -1.055085602785671), (-15.387915389430228, -8.5694160119942566)),
    ((-1.0665536814892891, -0.81715682179616944, -1.0277640916288013), (-15.334010924557248, -8.7757587327046771)),
    ((-1.0817547757920181, -0.99889326021292513, -1.0438733916458249), (-14.939593896234191, -10.406647982377372)),
    ((-1.1034392179405594, -0.8158265208525155, -1.0450172065929293), (-15.27075192755187, -9.033130842881441)),
    ((-1.0789619145251335, -1.1177193483509802, -1.058987536897996), (-14.678851620482677, -11.113214789518629)),
    ((-1.1385401429057596, -1.0717516638031857, -1.034871354636602), (-14.737766689284758, -10.97225239723722)),
    ((-1.0165073192199416, -0.90830175971904081, -1.0454970764703815), (-15.194303097464864, -9.3174473917519407)),
    ((-1.0330709895436958, -0.86989776032532107, -1.1184472579506084), (-15.165284198288756, -9.4324424326114347)),
    ((-1.112006378983543, -0.72196777019652181, -1.0798366622504332), (-15.382930311094558, -8.578554093357825)),
    ((-1.0100708642319647, -0.10298608579466295, -0.94872748918491445), (-16.424761702427634, -5.933564509931422)),
    ((-1.0126671385573209, -0.76237716831585578, -1.0413470015300617), (-15.485741785642062, -8.1244146057780302)),
    ((-1.0768500428849215, -0.77642243247043263, -1.0870775277772484), (-15.323506259900698, -8.8485007862175653)),
    ((-1.1219845846730443, -0.6659151403298823, -1.0136813091221368), (-15.549337906016497, -7.8789021303686715)),
    ((-1.0028310512031027, -0.81076365093200198, -1.0891026306559886), (-15.348579890099323, -8.6588451651642835)),
    ((-1.105379775305197, -0.71727430341777065, -1.0692063391614812), (-15.413060196313285, -8.4772928968634407)),
    ((-1.1111165140901584, -1.1718250656748603, -1.1390102703836811), (-14.451981276166812, -11.543026019921751)),
    ((-1.1200964331443886, -0.72854406028616214, -1.0729969719396173), (-15.370124093965075, -8.6095196419051128)),
    ((-1.0386013694152632, -0.7683601495061656, -1.0718509374733354), (-15.404552363875755, -8.5093641340240662)),
    ((-1.1215520286634093, -0.99886639616116146, -1.1208509660595354), (-14.811599918162496, -10.877499761379994)),
    ((-1.0346108095544602, -0.7542756745213115, -1.1059781787687331), (-15.391910216724282, -8.525385581924958)),
    ((-1.1527379008329333, -0.99099136211211059, -1.1026516078240876), (-14.812488261042482, -10.803327660028129)),
    ((-1.0133219563389098, 0.076800940518062133, -1.0271498064860283), (-16.299080562949406, -6.5688315776264359)),
    ((-1.0374996306274995, 0.032051148119534578, -0.88985371278828507), (-16.494031897412153, -5.7274715176587883)),
    ((-0.87801873032907096, -0.017591707642085036, -1.1411375754307811), (-16.348423548785238, -6.0618421713224073)),
    ((0.10062643964840101, 0.11884858270767656, -0.93799191579743235), (-17.970399368555846, -2.3688453171198249)),
    ((0.066893756733939408, 0.16961603905935507, -0.6271823378485345), (-18.423365924177318, -0.14988459500382389)),
    ((-0.12731437976983206, 0.11726682534433674, -0.94106643575037796), (-17.93207137412803, -2.3785487065192523)),
    ((0.14518719082986775, 0.070054112039376226, -0.92153537053574597), (-17.9951151859132, -2.2390713309759449)),
    ((0.0044950133538728676, 0.11432282001864397, -1.1239558616440288), (-17.751347637404713, -3.6480430619764235)),
    ((-0.75573497648163213, -0.056714599890034231, -1.071007599994706), (-16.662994820970752, -4.8462308688006832)),
    ((-0.97869019424752812, -0.050595741079187906, -0.92696368089651382), (-16.52561417772897, -5.5894657735286577)),
    ((-1.0749052974243538, 0.07511335165203778, -0.70239697670113177), (-16.74379846597695, -4.4888313878221888)),
    ((-0.78991576368684002, 0.048898063740740405, -1.067285669182592), (-16.61211928722321, -5.0824265662625576)),
    ((-0.89326414821265221, -0.019331859819930172, -1.0441568522299467), (-16.47864262288615, -5.8180768845877271)),
    ((-1.1332931069548113, 0.017249595857712671, -0.55975791173956935), (-16.912119833685182, -4.0664846885346133)),
    ((-1.1494517958152348, 0.03157862945814463, -0.50817194209025063), (-16.977344867754457, -3.8845807038270759)),
    ((-1.1444791273938071, 0.0053976778202147746, -0.3658135730099013), (-17.24851546539142, -3.6551625545795945)),
    ((-1.1056038846097906, 0.069658769553769567, -0.092565758653518959), (-17.78365212883677, -3.5311721719804763)),
    ((-1.0859679740764059, -0.83067453272284442, -1.0673620873773748), (-15.237482634618456, -9.2074208136560785)),
    ((-0.86108131127461163, 0.087393398159889002, 0.021715282633254729), (-18.232037304128305, -1.9001705984399493)),
    ((-0.55389073344679374, 0.018116072487871504, -0.056917609707197614), (-18.832091423928517, -0.081725181821070109)),
    ((-1.1770553867036118, -1.0299043797298162, -1.1128943739557915), (-14.69796688252632, -11.084949680963147)),
    ((-1.0743057542588565, -0.93041112542230486, -1.0916064876707976), (-15.032006523846693, -10.077594481922798)),
    ((-0.80822980679013001, -0.011356602508508923, -0.10795810340218441), (-18.292519969111076, -1.485477671076683)),
    ((-0.019275758193360568, 0.070043115927494487, 0.0085543938056387714), (-19.715620396496977, 0.18552203634651179)),
    ((-0.87835537361663762, -0.020310773961507378, -0.84231334088126852), (-16.837759094880354, -4.13081408986565)),
),)
