fronts = ((
    ((-1.0522832839102327, -1.0401911536933537, -1.0407859840422153), (-14.888997814142868, -10.517103085277686)),
    ((-1.0613261578340845, -1.0967780406893786, -1.0989247146292591), (-14.700102230280294, -11.143143858193355)),
    ((-1.0734590543921552, -1.0846549927091018, -1.087641546534059), (-14.724669827687858, -11.112832479714978)),
    ((-1.0957164599668305, -0.90829067170926092, -1.0952332971713299), (-15.046166886404212, -10.002172834328899)),
    ((-1.1139082958881479, -0.80245705132255318, -0.97681713860353092), (-15.364959664385182, -8.4855950194785947)),
    ((-1.0985890827213189, -0.92266492807343436, -1.1224155206764512), (-14.983838541663872, -10.212740645942876)),
    ((-1.10628155938859, -0.95017362492237112, -0.96952108729094488), (-15.092554985801158, -9.5969957483825805)),
    ((-1.0718325449405017, -1.1284530688927048, -1.1258118273801918), (-14.59535695136385, -11.360311515764085)),
    ((-1.0418239375272937, -0.99831628273097373, -1.0647593445541719), (-14.961557051103561, -10.30697121635804)),
    ((-1.0882916016343169, -0.83890718959904098, -1.0638175864275903), (-15.223568010289204, -9.2637690310200078)),
    ((-1.0984251089656669, -0.86250766331244133, -0.95754806414243299), (-15.29091641336515, -8.7575520854577995)),
    ((-1.1186628330437616, -0.70527954535988058, -1.0773978447872281), (-15.405487873697476, -8.4798179255815249)),
    ((-1.1042511885478796, -0.95943678743127336, -0.95182953485830524), (-15.094986197014622, -9.5241234116908267)),
    ((-1.0786515340621714, -0.73475140343462653, -1.0421130085798216), (-15.451640785427273, -8.3327486032032105)),
    ((-1.051499434549642, -1.0514860346556796, -1.1555922931943292), (-14.743754951316928, -10.971732070793815)),
    ((-1.0850874895867442, -0.81051654116006355, -1.0674738583590258), (-15.27570668535039, -9.0477134555512642)),
    ((-1.0838808286442787, -1.0252384173177138, -1.0991159494232348), (-14.823780128248009, -10.872509439848812)),
    ((-1.0797162565124545, -1.1214899441641322, -1.1753100426042873), (-14.550502876960957, -11.390184123876885)),
    ((-1.0582483338903115, -0.88866229903382155, -1.0584106690019601), (-15.170345183887644, -9.4917336363419089)),
    ((-1.0654531319360747, -0.96521970149367242, -1.1240166504124058), (-14.936672336699763, -10.412659131310493)),
    ((-1.0884681246080083, -0.82124916764853206, -1.0382131987650782), (-15.287130929594012, -8.9772158856110433)),
    ((-1.1012546866121506, 0.045106218597705416, -0.52879556781501691), (-17.01465173708082, -3.8337626028964173)),
    ((-1.1502008181875145, 0.056999513749596817, -0.0085681734267808313), (-17.82815652477626, -3.7513040928996388)),
    ((-1.0782330274659109, 0.041310931978110824, 0.00016545965128286766), (-17.976643631187958, -3.6089290916806758)),
    ((-1.1352020107189793, 0.044588371615303997, 0.013997814298573497), (-17.874458457722124, -3.747772181810701)),
    ((-1.0995231873942337, 0.033066063253243169, -0.00385014910906821), (-17.958797663838197, -3.6987390190803122)),
    ((-1.0717884073008093, 0.037053136311288828, -0.012170358123748004), (-17.99186525642634, -3.5561469137753074)),
    ((-0.77444611920369866, 0.0088934019374027479, -0.011873151734154763), (-18.535387899539955, -1.3730731979938793)),
    ((-1.064211712191113, -0.014825479213268621, -0.042229931714860419), (-17.993554709232235, -3.5050793931062736)),
    ((-1.0099846152888077, 0.0011684267307237733, 0.043775978072040089), (-18.08377260240499, -3.192395858331508)),
    ((-1.0440295487167737, 0.018558927815265806, -0.037302369293846283), (-18.03227757402929, -3.3909132370234643)),
    ((-0.87030252816940346, 0.02057937801797164, -0.94613471131767979), (-16.677668030820882, -4.9124315583906766)),
    ((-0.88319440218224754, 0.015552173739850669, 0.020245463405749176), (-18.329665665175654, -2.1931240488065122)),
    ((-0.84273885483459998, 0.03101146114423034, 0.019403721374626315), (-18.37504897249964, -1.840035919127454)),
    ((-0.90776704046693801, -0.045175558337139571, -0.93519352485836282), (-16.63017106987784, -5.0928053794322503)),
    ((-0.91565053632560089, 0.032709590979431331, -0.02720701289937888), (-18.240895107408157, -2.4196236504762707)),
    ((-0.89871416358949741, 0.01360959417563487, -0.003227593840895937), (-18.326743184477394, -2.3585339069668856)),
    ((-0.96902962247760516, 0.0042168036844754814, 0.0043553616333802392), (-18.226045490456656, -2.9466699294301528)),
    ((-0.90521885633566657, 0.011382259705780502, -0.018294293964552621), (-18.300869330989237, -2.3859275611346002)),
    ((-0.97896461885825947, 0.073262348640468558, -0.90548728780408172), (-16.555928671818634, -5.3805437622236791)),
    ((-0.99064552442124842, 0.014817604634828133, -0.98945167590287364), (-16.406873863732578, -6.2328645602694897)),
    ((-1.0103864801033013, 0.048416813084688461, -0.90590634991096119), (-16.50910754969069, -5.6528853317671715)),
    ((-1.0140330952545153, 0.045896686211087293, -0.74682549765106687), (-16.77278561391114, -4.4533958892038221)),
    ((-1.0290932120017453, 0.05432526704992157, -0.63382468491121946), (-16.942788309725557, -3.8765740616749262)),
    ((-1.0094902151770413, 0.049678022640081997, -0.66313374309862982), (-16.924451149982588, -3.9020573707659554)),
    ((-0.92277311264867079, 0.07203713195028541, -0.91152948621695762), (-16.638806019838892, -4.9817888548599445)),
    ((-1.1127149261533202, 0.064374920899952545, -0.57030080997396837), (-16.917410125025036, -3.9891406629102337)),
    ((-1.0407702613054082, 0.063401077758802063, -0.6204719532598193), (-16.944945231196197, -3.8730120059256254)),
    ((-1.0650432945529602, 0.045504577278378276, -0.69711758482128738), (-16.775935917637426, -4.4505204201573285)),
    ((-0.99189014933127506, 0.041517687759814292, -0.85417979196755467), (-16.627072036574937, -5.1053949365203248)),
    ((-1.0316993384651476, 0.054684951598901507, -1.0422220835544613), (-16.24934322163293, -6.8208044678737227)),
    ((-1.059453300284956, 0.018017164967659482, -1.0540381269067127), (-16.189332873762503, -7.1155259742160633)),
    ((-1.0696643820352472, 0.040379215574401474, -0.96030845166242573), (-16.32395472861794, -6.4730610761202207)),
    ((-1.088289658317549, 0.049871131464681098, -1.0664082207786811), (-16.11957090362128, -7.2713468730312583)),
    ((-1.0392682373922759, 0.036290467552884897, -0.85467118688865873), (-16.54970198530943, -5.4446700454017556)),
    ((-1.0050040646413014, 0.045079186543143773, -0.94496495166096128), (-16.453608974887196, -5.9395816051093382)),
    ((-1.0307525668905166, 0.0580865390813122, -0.71244850690627848), (-16.802310603651694, -4.3233369594784499)),
    ((-1.0414696905982173, -0.0074705694661161628, -0.75731361995081636), (-16.71407567239718, -4.7717994288046821)),
    ((-1.0566462627088824, 0.0142146229327824, -0.79134593298116096), (-16.630901861874236, -5.0925589649701912)),
    ((-1.0289912823408176, 0.04421630759408561, -0.82280452101120072), (-16.61907408511231, -5.1138279376639062)),
    ((-1.0252754073373349, 0.017736048601514134, -0.87933917519628113), (-16.532762810810205, -5.5860493295565128)),
    ((-1.0501592410042082, 0.035019467843472527, -0.96907235036530959), (-16.34170325349799, -6.4442241820123023)),
    ((-1.0831705754053584, 0.04062727250847787, -0.9303381966918598), (-16.35172110810329, -6.2944055569832589)),
    ((-1.1018136883540228, -0.020498313725791181, -1.1081870676511589), (-16.03372599591456, -7.5440962298453584)),
    ((-1.1184176144595268, -0.00029231805108488954, -1.142511518267922), (-15.952925914132184, -7.7029916918351224)),
    ((-1.1419740076303089, -0.010229718250309994, -1.1328768887171785), (-15.930545985245686, -7.7067049462226258)),
    ((-1.0537511228280327, 0.022840787725648379, -1.0891391542331832), (-16.141616382076766, -7.2486191297634814)),
    ((-1.1572611954430971, 0.011116623883075195, -1.1410965186033537), (-15.89313181404453, -7.7182058602289114)),
    ((-1.1316909850948318, -0.0086621486744431556, -1.0990384247346443), (-16.00110743685363, -7.6110556700708134)),
    ((-1.1262033945909964, 0.012241711813133445, -1.0967977803576534), (-16.01335392417967, -7.5862327682826516)),
    ((-1.0708637642694299, 0.029951521364951151, -1.0689804576118453), (-16.145865953868892, -7.2355955990119902)),
    ((-1.1095310985183655, -0.0024186589482168459, -1.1233171163881635), (-15.997746656039393, -7.6444669245280616)),
    ((-1.0571649254037117, 0.00681421870436547, -1.1273202189897154), (-16.075624382714956, -7.4136420096588465)),
    ((-1.0660804703559048, 0.0073983284950399145, -1.0537272870382761), (-16.179533777874816, -7.1696775318444903)),
    ((-1.0559819302565088, 0.0235483018757194, -1.0379387554213411), (-16.220710792598677, -6.9901660612716814)),
    ((-1.1178257930817681, 0.016981035689798772, -1.0784557984708336), (-16.056047937203772, -7.4822760015463992)),
    ((-1.1011391574645639, 0.010656409291065143, -1.0662073142674262), (-16.10280121540644, -7.3843321944737701)),
    ((-1.1386570976967321, 0.018528582948453207, -1.119608873048094), (-15.956672581970048, -7.6626226598960567)),
    ((-1.0630682594805743, -0.002475923475133656, -1.0004166787483111), (-16.27129985660047, -6.814736907250655)),
    ((-1.0285056098204319, 0.006887539054818639, -0.87807592980701743), (-16.53008819820421, -5.6181909880891965)),
    ((-1.1340112489548133, 0.0004538976275528378, -1.1072220505181463), (-15.984388281873535, -7.6621233772381379)),
    ((-0.45664370251914066, 0.0081769258350569644, -1.1533291738506706), (-17.067043988797394, -3.7955999219761343)),
    ((-0.89312309778497201, 0.0060369134565994098, -1.0512351847499886), (-16.467976201323587, -5.8846545441581455)),
    ((-0.9243171613765776, 0.0025913325385713937, -0.85481159871476153), (-16.740698594586007, -4.6450694867957072)),
    ((-1.076899163318213, -0.0062511090945525129, -1.1222934033401597), (-16.051780283543014, -7.5065049386878835)),
    ((-0.94719126725065439, 0.011410173464174042, -0.91471335165075374), (-16.60216479805107, -5.3030183092766787)),
    ((-1.0443872702073795, -0.007071849737053746, -1.0106780465045961), (-16.284708762961987, -6.7710896705126054)),
    ((-0.83659957984634647, 0.052652051467319307, -0.95316988582091411), (-16.71843831021745, -4.6469520808277309)),
    ((-0.98736032014404651, -0.051792907303712964, -0.94547447754983338), (-16.48053582811022, -5.8047872765049471)),
    ((-0.7273702858200497, -0.018783946566796883, -0.9746324568521163), (-16.87435745776071, -4.0761452497226482)),
    ((-0.99927567959660712, -0.032496298286724762, -0.96175652504042475), (-16.436892887011666, -6.0525612221556564)),
    ((-0.70643778514138067, -0.05427981043118757, -1.0310329535985041), (-16.81310747080736, -4.2949893495880049)),
    ((-1.0956757249223037, -0.023473961269501326, -1.0424738132530704), (-16.149351546771335, -7.20670113095799)),
    ((-0.95830031219815182, -0.013713220673517313, -1.0911953659408999), (-16.29490634829103, -6.5995458507618672)),
    ((-1.0863987267195574, 0.022466665893221854, -0.96825011543845174), (-16.285707132626595, -6.6427374021504608)),
    ((-1.0402888615367374, 0.05716595680815012, -0.69374279163357233), (-16.819428412066394, -4.270900296666956)),
    ((-1.0725433503000676, -0.053158771911796798, -0.64711208398496567), (-16.849451727707645, -4.1987019413123958)),
    ((-0.97240076329450642, -0.031785387218289739, -0.98306718840042551), (-16.44600744085676, -6.0161499462273884)),
    ((0.056432617494723225, -0.09037829023023039, -0.29849332580543309), (-19.18445828991142, 0.49084046513334922)),
    ((0.0074585841205042358, -0.042031730709587323, -0.67153325568973388), (-18.655908191353543, -0.66520270958895089)),
    ((0.090661771198804697, -0.1744767446114843, 0.082880932335971963), (-19.23542444801549, 0.51032845767459134)),
    ((0.072394674575177398, -0.072138712649748138, -0.30094233763832845), (-19.197502877077856, 0.49084206805786279)),
    ((-0.044055980434341835, -0.01007262937676201, -0.571763528114001), (-18.8292965020986, -0.18265786370365089)),
    ((0.016562399143928597, -0.074954822937378596, -0.50630782716406308), (-18.874645033079382, 0.094377800256624456)),
    ((0.026937571189395826, -0.11597214125804926, 0.22121843324084944), (-19.27741751592247, 0.57949069290310706)),
    ((-0.024271276592401636, 0.014601428073074088, -0.40911846273080171), (-19.157374460915037, 0.23207865777463643)),
    ((0.21164644639860408, -0.050700683777303829, 0.12147086326258261), (-19.3142484467073, 0.62166017672027862)),
    ((-0.048912546043799798, 0.036424335986350809, -0.4817219547314589), (-18.95778559164186, 0.15946862753981628)),
    ((0.020150933408414562, 0.043942464937611031, -0.58949985827021678), (-18.788723595940617, -0.23535998864559127)),
    ((-0.49183769288161105, -0.011389184339055225, -0.064012159985472578), (-18.933725256412863, 0.11082508501161588)),
    ((-1.0578967948770337, -0.040703644955459861, 0.0052376182133258009), (-18.010041073812317, -3.4925918136829939)),
    ((-1.0764725811875604, -1.0477106728926346, -1.0444433370633874), (-14.843778976504176, -10.712466532828769)),
),)
