fronts = ((
    ((-0.90544241058372577, -0.0017427807257639999, -0.97039803714193962), (-16.579533292828707, -5.4330181832869577)),
    ((-0.80455390017651807, 0.021186331697673252, -0.92750666314790797), (-16.819680726929704, -4.2395800470143152)),
    ((-0.79419206921577057, -0.0014006267350631998, -1.0492615672135128), (-16.638378074081142, -5.0994712295420932)),
    ((-0.77755859777138547, -0.017695793510256054, -0.99026984576769983), (-16.76242220129865, -4.542914446063671)),
    ((-5, 5, -5), (-4.8623346886842835, 13.951897251108717)),
    ((-0.90483574333600369, 0.00063720861436739832, -0.96133620597729119), (-16.595490411311253, -5.3600362690559127)),
    ((-0.85635609645660915, -0.0056693820208738371, -0.94878839196511544), (-16.697465986774592, -4.8494551516326521)),
    ((-0.79804424190295542, -0.0079195650184312495, -0.98944501184026312), (-16.729261886477357, -4.7066613752025468)),
    ((-0.78630990773663989, -0.00047030266675568942, -1.0026134792700785), (-16.727830470972542, -4.7353350458443462)),
    ((-5, 5, -5), (-4.8623346886842835, 13.951897251108717)),
    ((-0.78995171337811865, 0.00025265329165550902, -0.96765158920715488), (-16.77902868132022, -4.498068883102718)),
    ((-0.85228328474895676, -0.0033585415172833863, -1.0110562049661032), (-16.60199953924146, -5.2977352979001946)),
    ((-0.80182552252528871, 0.024904703964223895, -0.92698022274004843), (-16.82486469222945, -4.2082539756651238)),
    ((-0.80298961579380201, -1.0463025869704001, -0.97039403282026415), (-15.19848985156715, -8.1361160767175562)),
    ((-0.86179915733691381, -0.025809922530292975, -0.95918698961443161), (-16.669949761863535, -4.93923770706445)),
    ((5, -5, 5), (-4.8623346886842835, 7.791492659222152)),
    ((-0.87276604268264624, -0.007193288832254046, -0.95449009880600066), (-16.660395505698784, -5.0252770687818735)),
    ((-0.79800469111958217, 0.0014633424211733109, -0.97804565751808226), (-16.748171022058784, -4.6349897449247379)),
    ((-0.78914751252432858, 0.0001658054866939887, -1.0205189745039269), (-16.693731032009772, -4.8834259654031982)),
    ((-0.84141418475132179, 0.0099022206728629422, -0.96942485001203127), (-16.688492464407645, -4.8848219383432534)),
    ((-0.68061560149529166, -0.0048613061055749448, -1.0062629147423445), (-16.904360907184582, -4.0539514852158343)),
    ((-0.80971297440110734, -0.0016226601228733137, -0.96485488313994761), (-16.74995427789906, -4.6202886909854088)),
    ((-0.9765136253030291, -0.0035456491619362106, -0.92533171878700027), (-16.536325621272542, -5.6395705475799041)),
    ((-0.78745354315222338, -0.00013097767215131118, -0.95457457097978871), (-16.804876309982287, -4.3763583486530351)),
    ((-0.72054663726367707, -0.025285745759243854, -0.9552571958421856), (-16.917511034712994, -3.8681683089897922)),
    ((-0.86013891888255634, -0.022692907922749569, -0.96352076208157544), (-16.66587242035899, -4.965389685434932)),
    ((-0.79624064066166544, 0.0090787497399540812, -0.96012049507905328), (-16.780558004483893, -4.4634394130707742)),
    ((-5, 5, -5), (-4.8623346886842835, 13.951897251108717)),
    ((-0.7988953417352308, 0.0023938795034029372, -0.93965958733275612), (-16.81002081869545, -4.3339345325090637)),
    ((0.081106079683107457, 0.080385388239123584, -1.009790173976953), (-17.940275727024783, -3.0053961824402613)),
    ((-0.8758747573792508, -0.0013212544788093047, -0.97063373900189964), (-16.628633680255653, -5.1928616552702564)),
    ((-0.7877756945894776, 0.0070073907171101374, -0.95821825820597362), (-16.79821173510517, -4.3897279783472616)),
    ((-0.79818175132919711, 0.0043368823140999685, -0.96485335192052024), (-16.76956267430793, -4.5258674743500054)),
    ((-0.79973113348881986, 0.012190236569454567, -0.97322764139716922), (-16.752875925756918, -4.5866042192066745)),
    ((-0.92608291760145145, -0.0031369953240183673, -1.0177736081766446), (-16.467481878805536, -5.9498067682308839)),
    ((-0.80821853677185651, -0.0031969316283879182, -0.95615293680412683), (-16.766844201924123, -4.5355183495276403)),
    ((-1.0968303433362272, 0.00018850322523553814, -0.90057786586053923), (-16.38201377326159, -6.1814179186692355)),
    ((5, -5, 5), (-4.8623346886842835, 7.791492659222152)),
    ((-0.796132833301882, -0.0068783858581985789, -0.96675844227084395), (-16.769860833147398, -4.5197777249302398)),
    ((-0.99452959644222594, -0.0037767215933180096, -0.94300779988844319), (-16.477409683957724, -5.9198974653564065)),
    ((-0.81803976682179558, 0.0076276659032398645, -0.98307792480609846), (-16.705703050724274, -4.811541226266737)),
    ((-0.86362489526162101, 0.0015345744310371334, -0.98999140786375739), (-16.617398154401293, -5.240811463533853)),
    ((-0.79568158229477781, -0.0083581585387387247, -0.94484105298396892), (-16.806793031064416, -4.3381166504273336)),
    ((-0.82444915924169426, -0.0019906661306463239, -1.0113507721102859), (-16.64860608402853, -5.082594457983074)),
    ((-5, 5, -5), (-4.8623346886842835, 13.951897251108717)),
    ((-0.79108511202496068, -0.011391712953304971, -0.97918224850618141), (-16.757862852471234, -4.569614151379934)),
    ((-0.69255705580048077, 0.0065719692925691794, -1.0006508713855089), (-16.8926853540013, -4.0792907965633001)),
    ((-0.79364336596013296, -0.0054071356062800795, -1.0041549938241237), (-16.712729775953427, -4.7876213513331791)),
    ((-0.74434296741764694, -0.013426410220961027, -0.93698567582743364), (-16.907599214435884, -3.8980333061570831)),
    ((5, -5, 5), (-4.8623346886842835, 7.791492659222152)),
    ((-0.9004802728841157, -0.0070843938771376304, -0.95920721512880458), (-16.60618747012651, -5.2909130928226364)),
    ((-0.760847481008042, 0.0036769073942869539, -0.90736817798663383), (-16.92880163029327, -3.7890479335007496)),
    ((-0.79830480217234556, 0.021490542533234756, -0.93702339523324052), (-16.81450729753753, -4.2696686796028036)),
    ((-1.0185706644541876, -0.0055518074140752304, -0.9842738570311399), (-16.37000380482964, -6.4133074500342282)),
    ((-0.82414148488117656, 0.0094729715821419286, -0.89713226070311747), (-16.837711257349596, -4.1620422608119654)),
    ((-0.78156546380542924, 0.0058330747231015306, -0.95997959520492626), (-16.805949509457832, -4.3607545991179304)),
    ((-0.70100156489346732, 0.045110677132095378, -0.97528606234068316), (-16.915481011537523, -3.8725582375306375)),
    ((-5, 5, -5), (-4.8623346886842835, 13.951897251108717)),
    ((-0.88711483459164286, 0.016763273544517052, -1.0003630907010634), (-16.560472879132014, -5.4773361748851102)),
    ((-1.1863082483717093, -0.010865419749633386, -1.1221919553353232), (-15.877334196828706, -7.6437747644937239)),
    ((-1.1125046988751364, -0.0067958005683383107, -0.88430543995288036), (-16.38402725783787, -6.0810766934209664)),
    ((-0.80292022761709558, -1.0335238438923793, -0.94144857092329748), (-15.257829929033647, -7.8251347331423222)),
    ((5, -5, 5), (-4.8623346886842835, 7.791492659222152)),
    ((-0.95735097101458866, 0.08609004869116571, -1.0918722939754679), (-16.28386296124207, -6.4832155475995803)),
    ((-0.74427648190776829, -0.052894754753880904, -0.97866601151087573), (-16.833670567859905, -4.1665748118923416)),
    ((-0.69568483022532412, -0.01566318731520585, -0.95870185414465958), (-16.955782110247988, -3.7583922906206162)),
    ((-5, 5, -5), (-4.8623346886842835, 13.951897251108717)),
    ((-0.85184016111566263, 0.0037961877007388137, -0.878086027821537), (-16.82290637383221, -4.2375591477697441)),
    ((-0.12356758971564008, -0.0091490942640669991, -0.66241714136512764), (-18.514297475738438, -0.51197917693910877)),
    ((-0.78930153472330078, 0.0026609662081884256, -1.0040937268965799), (-16.720284196135978, -4.7615824771139001)),
    ((-0.66271968922074065, 0.023342636799411121, -1.0364415700773191), (-16.88535018175145, -4.1226365127062445)),
    ((-0.97153418319084917, -1.0095632826597105, -0.93321454787519742), (-15.152173704393494, -8.9525756897093647)),
    ((5, -5, 5), (-4.8623346886842835, 7.791492659222152)),
    ((-0.79149453288821259, -0.0086619669550100191, -1.0109251105219883), (-16.70524205606054, -4.8128987679351818)),
    ((-0.92534510009657622, 0.025325694236261895, -0.74801682221921206), (-16.919649575685764, -3.8066503547739678)),
    ((-0.81975728714219465, -0.0021758030913275883, -0.96182382613894879), (-16.737882069000797, -4.6721180724194369)),
    ((-0.16792080793677289, 0.10740265460895744, -1.1243603988692761), (-17.58719370233976, -3.4557402919548386)),
    ((-5, 5, -5), (-4.8623346886842835, 13.951897251108717)),
    ((-0.99382524761502278, -0.044865303348463927, -0.89979917453956781), (-16.54693576169207, -5.4886331404309274)),
    ((5, -5, 5), (-4.8623346886842835, 7.791492659222152)),
    ((-1.0075122244739094, -0.026483739919833035, -0.99111168098526214), (-16.37574124571563, -6.3485580093531206)),
    ((-5, 5, -5), (-4.8623346886842835, 13.951897251108717)),
    ((-0.14041826552357475, -0.083598365471171415, -0.92377631994881571), (-17.985247375626145, -2.2787907619963468)),
    ((5, -5, 5), (-4.8623346886842835, 7.791492659222152)),
    ((0.19964349767947664, 0.055523396074504974, -0.87345484430702036), (-17.988234002161313, -1.778124051461655)),
    ((0.04153335716525558, -0.03205261934171183, -0.33920212198089883), (-19.236894400974307, 0.36843900874958979)),
    ((0.20708821949856238, 0.030422355185358213, -0.5048719583359309), (-18.627925777994797, 0.32660839095297411)),
    ((-5, 5, -5), (-4.8623346886842835, 13.951897251108717)),
    ((-1.0514013472807142, -0.022655077116276401, -0.21676436564272827), (-17.676648806568487, -3.2559765595619954)),
    ((-0.47379302693235564, -0.042085383432385159, -1.0992385140774319), (-17.117649358790267, -3.6767131044749526)),
    ((5, -5, 5), (-4.8623346886842835, 7.791492659222152)),
    ((-0.0073688680910256599, -0.030442789540949047, -0.78690728039164015), (-18.480327031393248, -1.434803202799652)),
    ((-5, 5, -5), (-4.8623346886842835, 13.951897251108717)),
    ((5, -5, 5), (-4.8623346886842835, 7.791492659222152)),
    ((-1.0441387149869714, -1.0883686470177036, -1.2687237588125115), (-14.554255450849293, -10.482440317942668)),
    ((-5, 5, -5), (-4.8623346886842835, 13.951897251108717)),
    ((5, -5, 5), (-4.8623346886842835, 7.791492659222152)),
    ((0.11843544658900562, 0.027241538637027385, -0.077652826221606741), (-19.596635934923466, 0.3729848944756981)),
    ((-5, 5, -5), (-4.8623346886842835, 13.951897251108717)),
    ((-1.0795986709104897, -0.04477514657081294, -1.0564702547315599), (-16.150328673788742, -7.1882809761976425)),
    ((-0.9600666861932029, -0.97093790856304274, -1.2677980303015413), (-14.876265825032839, -9.144202571232336)),
    ((0.22624556264813758, 0.001014649658151151, -1.1379812241503691), (-17.52204617601968, -3.5010185417367907)),
    ((0.017664720152398838, -0.12105773232375527, -0.65007067974581778), (-18.519515216166475, -0.4323893619332263)),
    ((-0.79430804176172165, -0.002931216041615059, -0.95683694331868629), (-16.78941882488948, -4.4366754163442881)),
),)
