fronts = ((
    ((4, 4, -4), (-6.451814594072729, 13.694429590046344)),
    ((-4, 4, -4), (-6.451814594072729, 4.494169208078437)),
    ((4, -4, -4), (-6.451814594072729, 4.494169208078437)),
    ((4, -4, 4), (-6.451814594072729, 13.694429590046344)),
    ((-4, 4, -4), (-6.451814594072729, 4.494169208078437)),
    ((4, 4, -4), (-6.451814594072729, 13.694429590046344)),
    ((4, -4, 4), (-6.451814594072729, 13.694429590046344)),
    ((4, 4, -4), (-6.451814594072729, 13.694429590046344)),
    ((4, -4, -4), (-6.451814594072729, 4.494169208078437)),
    ((-4, -4, -4), (-6.451814594072729, -4.706091173889471)),
    ((-4, 4, 4), (-6.451814594072729, 13.694429590046344)),
    ((-4, 4, -4), (-6.451814594072729, 4.494169208078437)),
    ((4, -4, -4), (-6.451814594072729, 4.494169208078437)),
    ((4, -4, 4), (-6.451814594072729, 13.694429590046344)),
    ((4, 4, -4), (-6.451814594072729, 13.694429590046344)),
    ((4, -4, -4), (-6.451814594072729, 4.494169208078437)),
    ((-4, 4, -4), (-6.451814594072729, 4.494169208078437)),
    ((-4, 4, -4), (-6.451814594072729, 4.494169208078437)),
    ((-4, -4, -4), (-6.451814594072729, -4.706091173889471)),
    ((-4, 4, 4), (-6.451814594072729, 13.694429590046344)),
    ((-4, 4, -4), (-6.451814594072729, 4.494169208078437)),
    ((-4, 4, 4), (-6.451814594072729, 13.694429590046344)),
    ((-4, -4, 4), (-6.451814594072729, 4.494169208078436)),
    ((-4, -4, 4), (-6.451814594072729, 4.494169208078436)),
    ((-4, 4, 4), (-6.451814594072729, 13.694429590046344)),
    ((4, -4, -4), (-6.451814594072729, 4.494169208078437)),
    ((-4, -4, 4), (-6.451814594072729, 4.494169208078436)),
    ((-4, 4, 4), (-6.451814594072729, 13.694429590046344)),
    ((-4, 4, -4), (-6.451814594072729, 4.494169208078437)),
    ((-4, -4, 4), (-6.451814594072729, 4.494169208078436)),
    ((-4, 4, 4), (-6.451814594072729, 13.694429590046344)),
    ((4, -4, -4), (-6.451814594072729, 4.494169208078437)),
    ((4, -4, 4), (-6.451814594072729, 13.694429590046344)),
    ((-4, 4, -4), (-6.451814594072729, 4.494169208078437)),
    ((4, -4, -4), (-6.451814594072729, 4.494169208078437)),
    ((4, 4, -4), (-6.451814594072729, 13.694429590046344)),
    ((-4, 4, -4), (-6.451814594072729, 4.494169208078437)),
    ((4, -4, -4), (-6.451814594072729, 4.494169208078437)),
    ((-4, 4, -4), (-6.451814594072729, 4.494169208078437)),
    ((-4, 4, -4), (-6.451814594072729, 4.494169208078437)),
    ((4, 4, -4), (-6.451814594072729, 13.694429590046344)),
    ((-4, 4, -4), (-6.451814594072729, 4.494169208078437)),
    ((4, -4, 4), (-6.451814594072729, 13.694429590046344)),
    ((4, 4, -4), (-6.451814594072729, 13.694429590046344)),
    ((4, -4, -4), (-6.451814594072729, 4.494169208078437)),
    ((-4, 4, 4), (-6.451814594072729, 13.694429590046344)),
    ((-4, -4, -4), (-6.451814594072729, -4.706091173889471)),
    ((-4, 4, -4), (-6.451814594072729, 4.494169208078437)),
    ((4, 4, -4), (-6.451814594072729, 13.694429590046344)),
    ((4, -4, -4), (-6.451814594072729, 4.494169208078437)),
    ((-4, 4, 4), (-6.451814594072729, 13.694429590046344)),
    ((-4, 4, 4), (-6.451814594072729, 13.694429590046344)),
    ((-4, 4, -4), (-6.451814594072729, 4.494169208078437)),
    ((-4, 4, -4), (-6.451814594072729, 4.494169208078437)),
    ((-4, -4, -4), (-6.451814594072729, -4.706091173889471)),
    ((4, -4, 4), (-6.451814594072729, 13.694429590046344)),
    ((4, -4, -4), (-6.451814594072729, 4.494169208078437)),
    ((-4, -4, 4), (-6.451814594072729, 4.494169208078436)),
    ((-4, 4, -4), (-6.451814594072729, 4.494169208078437)),
    ((-4, -4, 4), (-6.451814594072729, 4.494169208078436)),
    ((-4, 4, -4), (-6.451814594072729, 4.494169208078437)),
    ((-4, -4, 4), (-6.451814594072729, 4.494169208078436)),
    ((-4, 4, 4), (-6.451814594072729, 13.694429590046344)),
    ((4, -4, -4), (-6.451814594072729, 4.494169208078437)),
    ((-4, 4, -4), (-6.451814594072729, 4.494169208078437)),
    ((-4, -4, 4), (-6.451814594072729, 4.494169208078436)),
    ((-4, 4, 4), (-6.451814594072729, 13.694429590046344)),
    ((4, -4, -4), (-6.451814594072729, 4.494169208078437)),
    ((4, -4, 4), (-6.451814594072729, 13.694429590046344)),
    ((-4, 4, -4), (-6.451814594072729, 4.494169208078437)),
    ((4, -4, -4), (-6.451814594072729, 4.494169208078437)),
    ((4, 4, -4), (-6.451814594072729, 13.694429590046344)),
    ((-4, 4, -4), (-6.451814594072729, 4.494169208078437)),
    ((-4, 4, -4), (-6.451814594072729, 4.494169208078437)),
    ((4, -4, -4), (-6.451814594072729, 4.494169208078437)),
    ((-4, 4, -4), (-6.451814594072729, 4.494169208078437)),
    ((-4, 4, -4), (-6.451814594072729, 4.494169208078437)),
    ((4, 4, -4), (-6.451814594072729, 13.694429590046344)),
    ((4, -4, 4), (-6.451814594072729, 13.694429590046344)),
    ((4, 4, -4), (-6.451814594072729, 13.694429590046344)),
    ((4, -4, -4), (-6.451814594072729, 4.494169208078437)),
    ((-4, 4, 4), (-6.451814594072729, 13.694429590046344)),
    ((-4, 4, -4), (-6.451814594072729, 4.494169208078437)),
    ((-4, 4, -4), (-6.451814594072729, 4.494169208078437)),
    ((-4, -4, -4), (-6.451814594072729, -4.706091173889471)),
    ((4, 4, -4), (-6.451814594072729, 13.694429590046344)),
    ((4, -4, -4), (-6.451814594072729, 4.494169208078437)),
    ((-4, 4, -4), (-6.451814594072729, 4.494169208078437)),
    ((-4, 4, 4), (-6.451814594072729, 13.694429590046344)),
    ((-4, 4, -4), (-6.451814594072729, 4.494169208078437)),
    ((-4, 4, -4), (-6.451814594072729, 4.494169208078437)),
    ((-4, -4, -4), (-6.451814594072729, -4.706091173889471)),
    ((4, -4, -4), (-6.451814594072729, 4.494169208078437)),
    ((-4, 4, -4), (-6.451814594072729, 4.494169208078437)),
    ((-4, 4, -4), (-6.451814594072729, 4.494169208078437)),
    ((4, -4, -4), (-6.451814594072729, 4.494169208078437)),
    ((-4, 4, 4), (-6.451814594072729, 13.694429590046344)),
    ((-4, 4, 4), (-6.451814594072729, 13.694429590046344)),
    ((-4, -4, 4), (-6.451814594072729, 4.494169208078436)),
    ((-4, 4, -4), (-6.451814594072729, 4.494169208078437)),
    ((4, 4, -4), (-6.451814594072729, 13.694429590046344)),
    ((-4, -4, -4), (-6.451814594072729, -4.706091173889471)),
    ((4, -4, 4), (-6.451814594072729, 13.694429590046344)),
    ((-4, 4, -4), (-6.451814594072729, 4.494169208078437)),
    ((4, -4, -4), (-6.451814594072729, 4.494169208078437)),
    ((-4, 4, -4), (-6.451814594072729, 4.494169208078437)),
    ((4, 4, -4), (-6.451814594072729, 13.694429590046344)),
    ((4, -4, 4), (-6.451814594072729, 13.694429590046344)),
    ((-4, 4, -4), (-6.451814594072729, 4.494169208078437)),
    ((4, -4, -4), (-6.451814594072729, 4.494169208078437)),
    ((-4, 4, 4), (-6.451814594072729, 13.694429590046344)),
    ((-4, 4, -4), (-6.451814594072729, 4.494169208078437)),
    ((4, 4, -4), (-6.451814594072729, 13.694429590046344)),
    ((4, -4, -4), (-6.451814594072729, 4.494169208078437)),
    ((-4, 4, -4), (-6.451814594072729, 4.494169208078437)),
    ((-4, 4, 4), (-6.451814594072729, 13.694429590046344)),
    ((-4, 4, -4), (-6.451814594072729, 4.494169208078437)),
    ((-4, 4, -4), (-6.451814594072729, 4.494169208078437)),
    ((-4, -4, -4), (-6.451814594072729, -4.706091173889471)),
    ((4, -4, -4), (-6.451814594072729, 4.494169208078437)),
    ((-4, 4, 4), (-6.451814594072729, 13.694429590046344)),
    ((-4, 4, -4), (-6.451814594072729, 4.494169208078437)),
    ((-4, 4, -4), (-6.451814594072729, 4.494169208078437)),
    ((-4, -4, 4), (-6.451814594072729, 4.494169208078436)),
    ((-4, 4, -4), (-6.451814594072729, 4.494169208078437)),
    ((-4, 4, 4), (-6.451814594072729, 13.694429590046344)),
    ((4, -4, -4), (-6.451814594072729, 4.494169208078437)),
    ((-4, 4, 4), (-6.451814594072729, 13.694429590046344)),
    ((-4, -4, 4), (-6.451814594072729, 4.494169208078436)),
    ((4, -4, 4), (-6.451814594072729, 13.694429590046344)),
    ((4, -4, -4), (-6.451814594072729, 4.494169208078437)),
    ((4, 4, -4), (-6.451814594072729, 13.694429590046344)),
    ((4, -4, 4), (-6.451814594072729, 13.694429590046344)),
    ((4, -4, -4), (-6.451814594072729, 4.494169208078437)),
    ((-4, 4, 4), (-6.451814594072729, 13.694429590046344)),
    ((-4, 4, -4), (-6.451814594072729, 4.494169208078437)),
    ((4, 4, -4), (-6.451814594072729, 13.694429590046344)),
    ((-4, 4, -4), (-6.451814594072729, 4.494169208078437)),
    ((-4, 4, -4), (-6.451814594072729, 4.494169208078437)),
    ((-4, -4, -4), (-6.451814594072729, -4.706091173889471)),
    ((-4, 4, 4), (-6.451814594072729, 13.694429590046344)),
    ((-4, 4, -4), (-6.451814594072729, 4.494169208078437)),
    ((-4, 4, 4), (-6.451814594072729, 13.694429590046344)),
    ((4, -4, -4), (-6.451814594072729, 4.494169208078437)),
    ((-4, -4, 4), (-6.451814594072729, 4.494169208078436)),
    ((-4, 4, 4), (-6.451814594072729, 13.694429590046344)),
    ((4, -4, 4), (-6.451814594072729, 13.694429590046344)),
    ((-4, 4, -4), (-6.451814594072729, 4.494169208078437)),
    ((4, -4, -4), (-6.451814594072729, 4.494169208078437)),
    ((-4, 4, -4), (-6.451814594072729, 4.494169208078437)),
    ((4, -4, 4), (-6.451814594072729, 13.694429590046344)),
    ((-4, 4, -4), (-6.451814594072729, 4.494169208078437)),
    ((4, -4, -4), (-6.451814594072729, 4.494169208078437)),
    ((-4, 4, 4), (-6.451814594072729, 13.694429590046344)),
    ((-4, 4, -4), (-6.451814594072729, 4.494169208078437)),
    ((4, 4, -4), (-6.451814594072729, 13.694429590046344)),
    ((-4, 4, 4), (-6.451814594072729, 13.694429590046344)),
    ((-4, 4, -4), (-6.451814594072729, 4.494169208078437)),
    ((-4, 4, -4), (-6.451814594072729, 4.494169208078437)),
    ((-4, 4, 4), (-6.451814594072729, 13.694429590046344)),
    ((-1.9463011975186189, -1.0774386833561322, -1.0595067553457485), (-13.80047325365843, -10.006517459210183)),
    ((-4, 4, 4), (-6.451814594072729, 13.694429590046344)),
    ((-4, 4, 4), (-6.451814594072729, 13.694429590046344)),
    ((4, -4, 4), (-6.451814594072729, 13.694429590046344)),
    ((4, -4, -4), (-6.451814594072729, 4.494169208078437)),
    ((4, -4, -4), (-6.451814594072729, 4.494169208078437)),
    ((-4, 4, -4), (-6.451814594072729, 4.494169208078437)),
    ((4, 4, -4), (-6.451814594072729, 13.694429590046344)),
    ((4, -4, 4), (-6.451814594072729, 13.694429590046344)),
    ((-4, 4, -4), (-6.451814594072729, 4.494169208078437)),
    ((-4, 4, 4), (-6.451814594072729, 13.694429590046344)),
    ((-4, 4, 4), (-6.451814594072729, 13.694429590046344)),
    ((-4, 4, 4), (-6.451814594072729, 13.694429590046344)),
    ((4, -4, 4), (-6.451814594072729, 13.694429590046344)),
    ((4, -4, -4), (-6.451814594072729, 4.494169208078437)),
    ((-4, 4, -4), (-6.451814594072729, 4.494169208078437)),
    ((4, 4, -4), (-6.451814594072729, 13.694429590046344)),
    ((4, -4, -4), (-6.451814594072729, 4.494169208078437)),
    ((-4, 4, -4), (-6.451814594072729, 4.494169208078437)),
    ((-4, 4, 4), (-6.451814594072729, 13.694429590046344)),
    ((4, -4, 4), (-6.451814594072729, 13.694429590046344)),
    ((4, -4, -4), (-6.451814594072729, 4.494169208078437)),
    ((-4, 4, -4), (-6.451814594072729, 4.494169208078437)),
    ((4, 4, -4), (-6.451814594072729, 13.694429590046344)),
    ((-4, 4, -4), (-6.451814594072729, 4.494169208078437)),
    ((-1.0052812995876561, -0.058109662075195342, -0.81496802763805987), (-16.66837090444299, -4.8711036968647026)),
    ((-1.1083594208312315, -0.077417494058494241, -0.9773666481805694), (-16.226874821961367, -6.7154134436763417)),
    ((-1.011360900366107, -0.065826063930818232, -0.99913258882535938), (-16.35041155948148, -6.3778928540538304)),
    ((-0.98579394111209684, -0.059233735248458097, -0.86925489191615568), (-16.608516969110784, -5.1573638853381647)),
    ((-0.96273866845904199, -0.072792304052011064, -0.81020385990200539), (-16.742533974757375, -4.4921705820605808)),
    ((-1.0374243183910703, -0.029934627850450299, -0.83467553964222829), (-16.587190759748736, -5.2838425947113912)),
    ((-1.0492806580924114, -0.10857222305086944, -0.9766682196783345), (-16.313640622107588, -6.404032923734146)),
    ((-0.89568400079147559, -0.069988710244772809, -0.87972705035590382), (-16.73732804928397, -4.5031190985107399)),
    ((-0.99039620030643505, -0.053730094680687061, -0.83981709320133147), (-16.651604477750887, -4.9623749416473242)),
    ((4, -4, 4), (-6.451814594072729, 13.694429590046344)),
    ((-0.66239428901327135, -0.063855422326793448, 0.054950986186224626), (-18.586759324715814, -0.50513606944882117)),
    ((-0.96084517569854166, -0.069455346094558557, -0.81021815143056819), (-16.74652578221668, -4.4815399080981297)),
    ((-1.0464525692797966, -0.04571081386167293, -0.82112785374464425), (-16.593325359610667, -5.2090536583315448)),
    ((-1.0841742110236545, -0.075674715436011675, -0.96452457466507557), (-16.287100154589258, -6.5272288900078541)),
    ((-4, 4, -4), (-6.451814594072729, 4.494169208078437)),
    ((-1.0184440249446391, -1.0107605442648766, -0.97653346902382954), (-15.054928296048121, -9.653390998050785)),
    ((-0.86774376833101563, 0.006138191122286335, -1.0326860587882565), (-16.54065539327846, -5.5626170116448419)),
    ((4, 4, -4), (-6.451814594072729, 13.694429590046344)),
    ((-4, 4, -4), (-6.451814594072729, 4.494169208078437)),
    ((-0.9976427190409165, -0.086488556827399185, -0.99533961044063934), (-16.373837937206375, -6.2252830622928741)),
    ((-1.155668893663186, -0.063674006401050171, -1.008904432828746), (-16.10301067671811, -7.037777926167319)),
    ((-1.0221806117812209, -0.061713725253457259, 0.054047763299338136), (-17.985302938385573, -3.1593423645012382)),
    ((-1.031276275655187, -0.097198265029164205, -1.0055964695971717), (-16.299306746938804, -6.5213531639042266)),
    ((4, -4, 4), (-6.451814594072729, 13.694429590046344)),
    ((4, -4, 4), (-6.451814594072729, 13.694429590046344)),
    ((-0.94660970834443381, -0.06217040617795648, -1.0023083191539766), (-16.45220240951621, -5.9104959070722431)),
    ((-1.1422193023480998, -0.045281333273879461, -1.1254984392290148), (-15.939194257532865, -7.6361854416668482)),
    ((-0.99385830055178148, -0.090031781105070152, -0.85636799376523787), (-16.608661709753232, -5.0744511429733032)),
    ((-1.0044256529949516, -0.10343833921447673, -0.9617744007924004), (-16.41237155921487, -5.9971264205286108)),
    ((-1.0079568254389017, -0.070701819147258066, -0.024864065994649853), (-18.02146592904913, -3.0944603800010722)),
    ((-4, 4, -4), (-6.451814594072729, 4.494169208078437)),
    ((4, 4, -4), (-6.451814594072729, 13.694429590046344)),
    ((-4, 4, -4), (-6.451814594072729, 4.494169208078437)),
    ((-0.95727540527235211, -0.045819926453508464, -0.93411863111259308), (-16.54979375562766, -5.4867608718213772)),
    ((-1.1190850434899939, -0.072723054216379562, -0.44132476838023438), (-17.1351324231566, -3.6228919542695843)),
    ((-0.9793616586260383, -0.027539888609594255, -0.85519104637276588), (-16.647681827096825, -5.0409671031023393)),
    ((-0.91429062965997254, -0.048346089838021002, -1.0122142058090771), (-16.49218263191932, -5.7361021317358762)),
    ((4, -4, 4), (-6.451814594072729, 13.694429590046344)),
    ((4, -4, 4), (-6.451814594072729, 13.694429590046344)),
    ((-0.70210002623383927, -0.11465221630877834, 0.057822618330890085), (-18.420237921523476, -0.67008436528474602)),
    ((-0.9062365221422819, -0.032059906017211384, -0.88983778650946599), (-16.7100737930398, -4.7269818915436712)),
    ((0.043711592314623182, -0.15412755193382616, -1.1484447732600325), (-17.61612467019045, -3.5871609600627838)),
    ((-4, 4, -4), (-6.451814594072729, 4.494169208078437)),
    ((4, 4, -4), (-6.451814594072729, 13.694429590046344)),
    ((-0.96372641708418927, -1.0387952817974093, -0.89695322647443909), (-15.131792643881965, -8.7884281199515559)),
    ((-1.0030587246194544, 0.048557744030658129, -0.840421965305578), (-16.630834259545313, -5.066678312179171)),
    ((-4, 4, -4), (-6.451814594072729, 4.494169208078437)),
    ((-1.0697063515699927, -0.084390762206446507, -0.61331130829768732), (-16.90399884301465, -3.9786159167108424)),
    ((-1.0690683653279311, -0.087201430398865465, -1.1858186085103064), (-15.952827339083042, -7.3356305522805902)),
    ((-0.98557899283087236, 0.042451751163000651, -0.67239335380227638), (-16.948829830818575, -3.7884198135634772)),
    ((4, -4, 4), (-6.451814594072729, 13.694429590046344)),
    ((-0.73989474937094279, 0.00048986403183959304, -0.98079500609059711), (-16.843307654583732, -4.245671121848293)),
    ((4, -4, 4), (-6.451814594072729, 13.694429590046344)),
    ((-1.1397080327666065, -0.15476252955858272, -0.99291683718167423), (-16.1243481938128, -6.8181617719820125)),
    ((-4, 4, -4), (-6.451814594072729, 4.494169208078437)),
    ((4, 4, -4), (-6.451814594072729, 13.694429590046344)),
    ((-1.0732015938509667, -0.079611601586037584, -0.10829389501535958), (-17.798323413312744, -3.3722498208436695)),
    ((-4, 4, -4), (-6.451814594072729, 4.494169208078437)),
    ((-0.95580922197054385, 0.056371295793651327, -0.91343652944160325), (-16.584636873813224, -5.2885922274594339)),
    ((4, -4, 4), (-6.451814594072729, 13.694429590046344)),
    ((-0.093630042119365653, -0.071759254135038433, -0.46967042972697093), (-18.86033923043088, 0.29515031336155617)),
    ((-1.2056277299995224, -0.84736926017950187, -0.93055030937512428), (-15.222057751776227, -8.4012503464498014)),
    ((4, -4, 4), (-6.451814594072729, 13.694429590046344)),
    ((-1.0681418047138034, 0.028335743484568632, -0.81551921218144507), (-16.57007147023298, -5.3125578733460639)),
    ((-0.99606113100256244, 0.050663347466154987, -0.81964721706976795), (-16.67701394170613, -4.8491040954551199)),
    ((-0.83531825677007043, -0.031482371875385169, -0.095352721087708758), (-18.261626080469135, -1.675145845582108)),
    ((-4, 4, -4), (-6.451814594072729, 4.494169208078437)),
    ((4, 4, -4), (-6.451814594072729, 13.694429590046344)),
    ((-4, 4, -4), (-6.451814594072729, 4.494169208078437)),
    ((-1.0753414649775461, 0.029211191171383155, -0.74609271766759533), (-16.677047535947693, -4.8416607343579132)),
    ((4, -4, 4), (-6.451814594072729, 13.694429590046344)),
    ((-1.173386153709455, -0.071971725455601779, -0.10138162724183955), (-17.659178000367362, -3.5835475754313628)),
    ((4, -4, 4), (-6.451814594072729, 13.694429590046344)),
    ((-4, 4, -4), (-6.451814594072729, 4.494169208078437)),
    ((4, 4, -4), (-6.451814594072729, 13.694429590046344)),
    ((-0.027998855245093601, -0.084200213011193029, -0.31694253240023096), (-19.189271846362864, 0.43193055100494226)),
    ((-4, 4, -4), (-6.451814594072729, 4.494169208078437)),
    ((4, -4, 4), (-6.451814594072729, 13.694429590046344)),
    ((4, -4, 4), (-6.451814594072729, 13.694429590046344)),
    ((4, 4, -4), (-6.451814594072729, 13.694429590046344)),
    ((-4, 4, -4), (-6.451814594072729, 4.494169208078437)),
    ((4, -4, 4), (-6.451814594072729, 13.694429590046344)),
    ((-4, 4, -4), (-6.451814594072729, 4.494169208078437)),
    ((-4, 4, -4), (-6.451814594072729, 4.494169208078437)),
    ((-4, 4, -4), (-6.451814594072729, 4.494169208078437)),
),)
