fronts = ((
    ((-0.82959416296721089, -0.013126095298112567, -0.93909682115871729), (-16.758465913894444, -4.5423382981120737)),
    ((-0.92844925235985543, -0.051243778435538123, -0.89736585744368735), (-16.657625130518955, -4.9432034579422872)),
    ((-0.7722691459588894, -0.01198249473534771, -1.0213610465545733), (-16.72096089151429, -4.7380998381604655)),
    ((-0.75984421277166725, -0.028614140646339901, -0.99388748280649086), (-16.785872729124556, -4.4252798389533599)),
    ((-0.76762211456634932, -0.014485174381509133, -1.0418772424163443), (-16.695421780339007, -4.8329209625114835)),
    ((-0.7768808696540086, -0.03233262000753917, -0.9508570598622722), (-16.82704459764969, -4.2060094176844265)),
    ((-0.78556564652529082, -0.036704684858873168, -1.0160445964014015), (-16.70460453577629, -4.7564164765509407)),
    ((-0.96940357573436486, -0.020627818647519905, -1.065778934931064), (-16.317179975123707, -6.5571798459391886)),
    ((-0.98582273513447916, -0.020204153745791278, -0.91255147375985257), (-16.541603279223324, -5.5726561819684841)),
    ((-0.89521255559821644, -0.0231975063393303, -0.90114988077233826), (-16.710483930623106, -4.7437468369485583)),
    ((-0.84464577386455097, -0.022605695618558089, -0.89125338054161907), (-16.812023302422176, -4.2514509956873248)),
    ((-0.71246173593559226, -0.031755462213989977, -1.0350591572551637), (-16.80002364334588, -4.3915939509612976)),
    ((-0.97395557576653236, -0.023829552343873347, -0.99393703119578047), (-16.426358976745917, -6.1230697997647496)),
    ((-0.9362859012440482, -0.016317521937287447, -0.9125610721552363), (-16.623570272429184, -5.1875588340284944)),
    ((-0.93337645181352535, -0.041516362211359154, -0.94937736795235295), (-16.56472029983218, -5.4236773574162074)),
    ((-0.7846217387526413, -0.022646512780739987, -0.95854151022787237), (-16.80216344039568, -4.3397476390416383)),
    ((-0.72939101963182407, -0.043016979645981154, -1.0305865562090237), (-16.776354925911914, -4.4539968483963914)),
    ((-0.76382300734030095, -0.026151576233608184, -1.0039363311250773), (-16.76285650526265, -4.5308680470692355)),
    ((-0.94528792557799857, -0.00014837255510245177, -1.0607251724475804), (-16.365862145715663, -6.3819021045269189)),
    ((-0.93330098976697062, -0.025456170970597349, -0.97912679884672416), (-16.51769435303181, -5.682985805645643)),
    ((-0.99434442476054996, -0.048272011461640202, -1.0255829032263766), (-16.338328113358187, -6.4641435195565453)),
    ((-1.031046995479703, -0.053243499743222691, -1.0138313034976272), (-16.296800892159446, -6.6335460490688787)),
    ((-0.95403576951525615, -0.063689262715450515, -0.92619636365418045), (-16.564831229033125, -5.3712344768580245)),
    ((-1.0653330411031636, -0.061540005949162466, -1.1111379261958938), (-16.08275769858772, -7.3316166921639265)),
    ((-0.98620474420833026, -0.066181999988131957, -1.0003641800736776), (-16.38941792640281, -6.2022090059807446)),
    ((-0.99884416001743437, -0.045422500144397936, -0.91984627424667242), (-16.50525897579128, -5.6900637759183503)),
    ((-0.97917873624198437, 0.0027274300571358129, -1.0821060600227492), (-16.275420732450826, -6.7481583745096767)),
    ((-0.992279661466556, -0.060764278834386697, -1.0466164263131006), (-16.305382270385238, -6.564528534954098)),
    ((-0.98479527421351765, -0.041571795370804403, -1.0455807672587081), (-16.32247179054834, -6.5290531682690922)),
    ((-1.0057474169241258, -0.029063331385301559, -0.9921605567659999), (-16.37667155862726, -6.3395731132246311)),
    ((-1.0046846772610296, -0.028760906961806457, -1.0568049203494241), (-16.273151433424005, -6.7613365636913247)),
    ((-1.0783224207041371, -0.04364603867858162, -1.0824423089707214), (-16.110635311451425, -7.3150613350920155)),
    ((-0.98860694880171629, -0.063033190782869425, -0.97554276637095194), (-16.426797243823845, -6.0374496781253786)),
    ((-0.98900714016410674, -0.065313857199792907, -1.0382926439572071), (-16.323303236162353, -6.4830224624705641)),
    ((-0.99315929590117435, -0.054432261380514213, -1.0307355103532014), (-16.330869552023792, -6.4805637488146077)),
    ((-1.094686325639612, 0.0011652471690886471, -1.1466904819635941), (-15.984316034780859, -7.628038204973139)),
    ((-1.0359717411684908, -0.015113466007978468, -1.0664330969139026), (-16.20750968629217, -7.049231735484633)),
    ((-1.0192077953579388, -0.046188997319340577, -0.99912300836274659), (-16.341205961264127, -6.4593498329476713)),
    ((-1.0749138611138527, -0.023313067786349898, -1.0765724514548545), (-16.127616914965017, -7.3038549854997088)),
    ((-1.1262621513924673, 0.0018554116438946749, -1.1313365304799614), (-15.958190830908695, -7.701838713317767)),
    ((-1.1509172325197456, -0.012524972343509255, -1.1524109050371585), (-15.885168096595237, -7.7213249260292454)),
    ((-1.0368199649445242, -0.0014601085723090351, -1.0808902925094319), (-16.18315291006939, -7.1544391402041407)),
    ((-1.1317904644244587, -0.0092482785558901954, -1.1176290407220186), (-15.971146026184645, -7.6665062976493727)),
    ((-1.1291122144110661, -0.010628332833270939, -1.1591232895338899), (-15.909292164174872, -7.7027329543475602)),
    ((-1.0946880246252524, 0.020130879732284737, -1.1345998833781727), (-16.002981987938107, -7.5775516169102168)),
    ((-1.1373778954461644, -0.040344753245130024, -1.0821418561458882), (-16.016970552925542, -7.4966609062587555)),
    ((-0.98931093362943301, -0.030694439168641882, -1.0253819241348396), (-16.349150704168764, -6.4516771560797306)),
    ((-1.0260847111771267, -0.028004095272945971, -0.9351212339864674), (-16.43762453778272, -6.0327579957887156)),
    ((-1.0252381662940924, -0.026097062181785667, -0.96641524942343626), (-16.387449732985708, -6.2816935818764383)),
    ((-1.125570128879005, -0.016138696086979661, -1.1041562003355232), (-16.00239773926894, -7.6034682185471638)),
    ((-1.0280784553598641, -0.035385249218040919, -1.0219287842093008), (-16.290948006435112, -6.6959415663194495)),
    ((-1.022352790900988, -0.031136468110684847, -0.98460389098698953), (-16.361763202400546, -6.3950669979256265)),
    ((-1.0438496998507252, -0.013158529672564243, -1.0299686520829989), (-16.253929634123892, -6.8868134934358949)),
    ((-0.97972224039638922, -0.050628516201038337, -0.97213059708853145), (-16.449330909406633, -5.9603338348418546)),
    ((-1.0825743985987861, -0.032291443813688953, -1.0971185858066257), (-16.081481154970447, -7.4114240809407885)),
    ((-1.0584589298425351, -0.014507109522908925, -1.0559366097728506), (-16.188042385171293, -7.1272450741438114)),
    ((-1.1072150957232048, -0.020814356995653156, -1.0868734597446201), (-16.059265857592486, -7.4832919566359717)),
    ((-1.0399747729228712, -0.033914086119243167, -1.0158167029603609), (-16.281738799399935, -6.7324907600699468)),
    ((-1.0917512149332391, 0.013444215556492271, -1.0466551446419374), (-16.149432222589212, -7.23459748913106)),
    ((-1.0253382819458183, 0.0042323852038888173, -0.916232797478297), (-16.471520054954027, -5.9173792024075293)),
    ((-0.98023872060376638, -0.054170136181283995, -0.94713467486128056), (-16.489042166450197, -5.7606460054550181)),
    ((-0.9890767480687408, -0.035716482613249646, -0.90412648398717399), (-16.548790127160245, -5.5025030034089077)),
    ((-0.98344015955638875, -0.03455020127391624, -0.90190287340100683), (-16.561891133593384, -5.4432804311470324)),
    ((-1.0292238390137867, -0.04744480752048829, -0.8137044604409237), (-16.633580076671464, -5.0410969153778593)),
    ((-1.0500100226742741, -3.1834881720427255e-05, -1.0324420928838238), (-16.24018303114675, -6.9706028656451302)),
    ((-0.91811587274405226, -0.005617881916425909, -0.8326170226002898), (-16.78846289961846, -4.4096890494450847)),
    ((-0.93705992493744528, -0.026566547404199808, -0.86011357192667015), (-16.70930635519715, -4.7459203167907509)),
    ((-0.97016223947608404, -0.03801463544436845, -0.91457102306803606), (-16.562166270821006, -5.4397923023375254)),
    ((-0.98565192791842682, 0.036132516136272969, -0.86166048920602079), (-16.625469891677078, -5.1272994284365119)),
    ((-1.0021815104341076, -0.049879363247981486, -0.92693831477562139), (-16.48729966516477, -5.7662483845060253)),
    ((-0.94222835692742068, 0.048596627379987087, -0.94840311137731903), (-16.550555303543376, -5.4764400355064007)),
    ((-0.92001026250076756, -0.0084794264197237262, -0.93336339705507598), (-16.616364780765174, -5.2401670162490781)),
    ((-0.95788931473824379, -0.031074001125603393, -0.86064292863595815), (-16.673486275649818, -4.9110034441230734)),
    ((-0.89787901184290231, -0.015707911987803094, -1.0058358832180487), (-16.53357293193589, -5.6075468842005325)),
    ((-0.7781196725719044, 0.017728907186291026, -1.013254785140568), (-16.72384309509176, -4.7137344385308255)),
    ((-0.89171651580270639, -0.033704608021081578, -0.97652382049417774), (-16.59036874900311, -5.307534152533008)),
    ((-0.93496315221969495, -0.046930599284020276, -1.0481257462653013), (-16.3997246056258, -6.1413139279870181)),
    ((-0.90475972357171863, -0.0073570497257666456, -0.98989779290702828), (-16.5485260378702, -5.5635688480682273)),
    ((-0.97911772914709272, 0.038403293764673767, -1.0230564584267381), (-16.36880117773535, -6.3460277887860235)),
    ((-0.77359464383205967, -0.042522051813893624, -1.0332680932423097), (-16.696149388832318, -4.7757066073302497)),
    ((-0.51268205977949688, -0.0071869198035339754, -1.0885029268119097), (-17.06898621024285, -3.8000418455531371)),
    ((-0.41748918095766624, 0.007040403174761331, -1.1262262616764187), (-17.181990476524657, -3.6970503740873371)),
    ((-0.59823259061421052, -0.023722247553315763, -1.1290418582756361), (-16.849817979136745, -4.204107453342897)),
    ((0.06489410769629822, 0.026027479520013316, -1.1164273793144359), (-17.85951448099397, -3.6601761144175571)),
    ((-0.57619433190211633, 0.035670416269668492, -1.0856811964126327), (-16.956826959410137, -3.959259831651273)),
    ((-0.50091524690129452, -0.013861007403993292, -1.1292033218159276), (-17.024687540737496, -3.8740924360158764)),
    ((-0.58561081639573143, -0.032873463687307036, -1.1302849844399383), (-16.86908918521067, -4.1376619871742637)),
    ((-0.005001990304602133, 0.060224843189830457, -1.0249071433952932), (-18.023607513078694, -3.260708368110675)),
    ((-0.065938085522238676, -0.0188299112498167, -0.96178829925360976), (-18.113601461416927, -2.7612790495565576)),
    ((-0.77773811658819114, -0.01885514869931626, -1.0079411309195838), (-16.733098193731617, -4.6715089949038049)),
    ((-0.78265660020463135, -0.017398883266844578, -0.98066764973325893), (-16.76948775715325, -4.507702790314176)),
    ((1.6304608634109323, -0.8731890792223953, -0.96826370779778126), (-14.612554454922494, -8.3257942891886092)),
    ((1.6514925808515388, -0.88327893197899154, -0.92442267754779273), (-14.619468675303196, -8.2847409461365782)),
    ((1.6380273080068484, -0.87365625997265706, -0.94652530270207025), (-14.627336252247632, -8.2540265175675849)),
    ((1.6688365319612704, -0.88896175263774624, -0.94630299203625168), (-14.564199794536663, -8.5947230235810892)),
    ((1.6651277614937288, -0.90803240655923889, -0.94369273096051765), (-14.538946636353973, -8.7210742946479556)),
    ((1.6391746858521232, -0.86703309745670987, -0.93074385180290664), (-14.655114332563958, -8.0849787337140029)),
    ((1.6620257333411759, -0.93926238401570195, -0.94914019839368746), (-14.482461717230912, -9.0096364590856943)),
    ((1.6587907928262731, -0.90404067922348619, -0.94250306503365744), (-14.55476317613406, -8.6511913700991663)),
    ((1.6668174797397401, -0.88802512882474238, -0.94386027707321807), (-14.570981562916838, -8.5625581784464995)),
    ((1.6511720362026068, -0.86033321835631194, -0.97133784150342639), (-14.605245677893052, -8.4725805542896317)),
    ((1.6472231125041508, -0.89360288557862999, -0.94769537043335983), (-14.580844622712947, -8.5234693157292512)),
    ((1.6535470643720791, -0.97902125351137026, -1.0056414968804728), (-14.361637201223536, -9.7115620951237549)),
    ((1.6537791314466428, -0.92599576395472449, -0.99956134384445117), (-14.459571166258897, -9.2448307758542363)),
    ((1.6457553458022036, -0.89374437505012516, -0.99359791868727831), (-14.530508625583689, -8.8688960929492922)),
    ((1.6537473504374969, -0.8907540117196836, -0.94315449896862591), (-14.582927188501154, -8.5157496704469153)),
    ((1.661002410051833, -0.94077282447358834, -0.94945929992603351), (-14.480687938957406, -9.0199186794443094)),
    ((1.6357670427536608, -0.93572774067194342, -0.98013887936841182), (-14.485887459445253, -9.0023042551563215)),
    ((1.690191801577027, -0.97213598556337055, -1.2533692799838254), (-14.052394531085275, -9.8519125797878253)),
    ((1.7093399497632751, -0.93151135776135596, -1.141448672266697), (-14.222913060792877, -9.8085020345923404)),
    ((1.6644997384380196, -0.83532624000922373, -1.0590579134386768), (-14.52587374697186, -8.9483989328108144)),
    ((1.639584740655436, -0.9622145375145843, -0.94994408772376393), (-14.46768722286193, -9.0231745505915697)),
    ((1.6587684238833178, -0.8728913471728541, -0.93988725154289121), (-14.610925072300105, -8.3737562635771745)),
    ((1.6548355625584747, -0.94753233364075395, -0.98391756828102006), (-14.438603076989175, -9.3106237124275779)),
    ((1.6348790636845381, -0.87514826511390598, -0.9447211718396118), (-14.630679525510736, -8.2129414601300326)),
    ((1.6726443246725982, -0.90376489083643841, -1.0092786642231049), (-14.46348172018796, -9.2048657988703937)),
    ((1.6375976614466057, -0.88054156415291396, -0.97849660707692077), (-14.579801913391698, -8.5582587655399927)),
    ((1.6607161610272738, -0.9923274137732464, -0.96056294385036478), (-14.377932445315388, -9.5119318505337205)),
    ((1.6511074556315566, -0.78877943558616925, -0.97650402374075984), (-14.715029273043509, -7.9550842104397743)),
    ((1.678959392151206, -0.77557566043835757, -0.9871455359391148), (-14.687754797012065, -8.0299625894164439)),
    ((1.7006110808668835, -1.2312923751548692, -1.0314942633050066), (-13.823453431804886, -10.391850836862428)),
    ((-0.017567913851317507, 0.029252022036580866, -0.26484836477709561), (-19.41302166423645, 0.3513826103674631)),
    ((0.05390094937001022, 0.054957449672633635, -1.0782677918437078), (-17.905111762309204, -3.4920641122321299)),
    ((-0.38786149314453788, 0.023143259055507695, 0.033115974075119903), (-19.171847213908812, 0.29203639816572191)),
    ((0.0041009920995217497, 0.0066109297449484933, -0.93801247874543847), (-18.273855736659506, -2.693399946402935)),
    ((-0.10294048881712037, 0.18967564686291355, -0.56196166119401014), (-18.45900093106377, 0.20328896544843411)),
    ((-0.50537332881245556, 0.035305114702241194, 0.12686766349485912), (-18.776490287480186, 0.206768843629063)),
    ((-0.044981971243034879, -0.028571324118953967, 0.20236678756714022), (-19.49348181322027, 0.46123933900761727)),
    ((-0.80774216291042034, -0.01249424851018599, 0.083699152888590422), (-18.34025997347252, -1.5013722630653261)),
    ((-1.065222156552653, -0.016222844440159423, -0.72792771626665287), (-16.72584947505388, -4.692418108962686)),
    ((-0.72065010246970118, -0.0051405875724120781, -0.98337072360705724), (-16.87228056316914, -4.1268477097993106)),
),)
