fronts = ((
    ((-0.827714572070129, -0.0010613182489833568, -1.0685154212395322), (-16.550214299228443, -5.4630177734262375)),
    ((-0.9564749291471234, 0.06617104979547953, -0.8653707110190546), (-16.661617971687512, -4.884813255160125)),
    ((-1.1373721157764498, 0.12578067924075081, -1.1173170649369657), (-15.940550467274754, -7.496467544136924)),
    ((-0.7542684521789318, -0.021460440479604603, -1.012385109714716), (-16.765891151553053, -4.532177403846049)),
    ((-1.1398625759096466, 0.005766311565256088, -0.5959710820606483), (-16.837742575914977, -4.242816780464247)),
    ((-0.9756001803861508, -0.055036847184380344, -1.0192075138721797), (-16.37830143606523, -6.269284284793672)),
    ((-1.066286128831015, 0.03575613457257676, -0.666547631515737), (-16.828778643200714, -4.29591844220204)),
    ((-1.105858019763562, -1.0860712638187562, -1.0682325313282792), (-14.70811217300979, -11.16023907478089)),
    ((-1.0510691670099135, 0.018735344863062275, -1.1146876067711855), (-16.105235188547095, -7.327379576203652)),
    ((-0.6205467730492965, 0.03454595111549641, 0.058457316640868395), (-18.696249200776684, -0.32869778178727316)),
    ((-1.0962265700736564, -0.672020493970707, -1.0972808078881107), (-15.463448434765578, -8.298561032820729)),
    ((-1.1582943747072643, -0.5647439349248927, -1.0839909813599609), (-15.559362993574823, -7.851507607544455)),
    ((-0.9969180091364449, -0.009741340122514312, -0.9358194042326045), (-16.48527183473623, -5.866029557875631)),
    ((-1.0621336357463422, 0.016607490048847456, -0.7362376705551782), (-16.71646549033582, -4.729942621371624)),
    ((-1.1050233461254138, -1.0461112443305258, -1.0238152046397166), (-14.83826666813091, -10.685695621590948)),
    ((-1.0958359786007712, -0.07388118356147197, -1.0161429718618393), (-16.184418779139044, -6.962421444088853)),
    ((-0.7453785222613106, 0.023758632984720647, -1.0183153801827978), (-16.77130626131143, -4.508418279115114)),
    ((-1.0535955611178809, 0.009026822023110344, -0.9974498576595165), (-16.291370341391332, -6.7257501265137645)),
    ((-1.1234389276102712, -0.9813219915702349, -1.073007101759352), (-14.89705863092416, -10.574971222880421)),
    ((-1.0649742843304073, 0.030001501625131592, -0.9447367357009211), (-16.35843252364019, -6.340364403427063)),
    ((-0.9010577430651079, -0.010348718636505383, -0.9500915085000101), (-16.62018282852729, -5.215941543441408)),
    ((-0.9845067909890373, 0.036631323861185755, -1.0254386478092257), (-16.356290496955246, -6.405974925419127)),
    ((-0.815556683088527, 0.05561043601104723, -1.0119034276119852), (-16.657094522034885, -4.92442232369277)),
    ((-0.8009370092326902, 0.038521101705434324, -1.0767059410349913), (-16.57981602805851, -5.227191338381589)),
    ((-1.1727194195539146, -0.8569949305592103, -1.0317561628548906), (-15.126078864351147, -9.346045061177346)),
    ((-0.9770755653791765, -0.017481645396628248, -1.0906368463084666), (-16.26467935700002, -6.737853289913035)),
    ((-1.006963423582378, -0.03872909626407542, -0.8733343225802629), (-16.57062160534524, -5.376089061279097)),
    ((-1.0004505846571365, -0.9470944672924481, -1.0715325359156187), (-15.10419758822986, -9.664196695323565)),
    ((-1.1080092113536286, -0.6613723510603634, -1.0068567086811426), (-15.584326304243852, -7.769018401689681)),
    ((-0.8917935602435975, 0.03518451630740983, -0.9412318927631811), (-16.648278384923163, -5.024823277280115)),
    ((-1.095590244672723, -1.0520472979281168, -1.0414403898208295), (-14.817571888836692, -10.801035774651485)),
    ((-1.1333257048585805, -1.082342744062635, -1.092816288442087), (-14.661351003920059, -11.319621796747771)),
    ((-1.1197989160379789, -0.8611812242031658, -1.1470968139168876), (-15.044777265790692, -9.803914417032278)),
    ((-1.0867521821169968, -0.757361250505519, -1.1092624440411936), (-15.316894083155201, -8.837902487126888)),
    ((-0.7648163163825585, 0.06678043815842802, -0.9823125760511371), (-16.78921579725785, -4.314872590018066)),
    ((-1.0648715473348798, -1.02080495788977, -1.005919920270492), (-14.953024900994809, -10.226553106607403)),
    ((-1.0455707735658404, 0.06252076398833145, -0.9966219804843888), (-16.299627647423264, -6.585683912746381)),
    ((-0.9017922789259325, 0.058254726927089606, -0.8802024870802727), (-16.72918150839183, -4.570936323382139)),
    ((-1.1103533263998153, -0.9295003202574896, -1.0529196118815323), (-15.036594719217629, -10.021734837181754)),
    ((-1.0758877175181112, -1.1196691987004255, -1.1248042590267269), (-14.610629519251898, -11.359922269986551)),
    ((-0.9846411077939632, -0.03680261024476054, -0.9990686042850314), (-16.39908967983028, -6.222353304249933)),
    ((-1.0961832213279177, -0.8307151283947197, -0.9596805659362273), (-15.353158027256676, -8.511955491161519)),
    ((-0.7750359617676099, 0.07585462541393019, -1.0453002336973436), (-16.66675577078434, -4.81133672286018)),
    ((-1.0931747593972247, -0.08209332895825885, -0.5828853616064098), (-16.920586225612375, -3.954173980231749)),
    ((-0.579480249058032, -0.00460396877167632, -1.063774246965005), (-16.98917206439445, -3.9233263597018526)),
    ((-0.553976457012493, -0.029921708554204965, -1.1349447889819635), (-16.91844150481843, -4.026113639030276)),
    ((-1.1519440278557451, -1.1351733943787101, -1.1333800357306993), (-14.491962243277111, -11.601532721576604)),
    ((-0.9770392365804563, -0.05976302568695546, -0.9714648827987795), (-16.453130391982892, -5.921838316730939)),
    ((-0.9208121741200821, 0.01748255581216108, -0.9990157701256211), (-16.506399547757287, -5.743794421630401)),
    ((-1.1620818421866237, -0.032634714019274425, -0.480357281929656), (-17.00741361467161, -3.8046086898295983)),
    ((-1.155507404481727, -1.048560587596603, -1.0668972795760023), (-14.733553560698894, -11.03912493048204)),
    ((-0.9921649504478983, 0.05510232781548345, -0.7139427497012122), (-16.86333301688353, -4.066188674153101)),
    ((-0.9554918848530806, 0.06291551082286029, -0.9164023037246241), (-16.57885068469341, -5.300928593652848)),
    ((-0.6830514400178082, -0.01382318973483554, -1.0319756752014015), (-16.85782213649201, -4.225220060544093)),
    ((-0.9840283995765599, -0.00021089566344301147, -0.7696210468726109), (-16.78687210640623, -4.477159972214687)),
    ((-0.9837423000363916, -0.024333895540027184, -0.9213919494632261), (-16.529985832950132, -5.622570429389689)),
    ((-1.1072691469141662, -0.8007127749398251, -1.0373367091344783), (-15.303180138518488, -8.882824143484589)),
    ((-0.8930486163066248, 0.05037837585671955, -0.030138005565588544), (-18.24522441530925, -2.201369903395458)),
    ((-0.9548312278530274, 0.012851954438816496, -1.0114486938165443), (-16.429910628406674, -6.118417263724325)),
    ((-1.1646678935761101, -0.8113856747106807, -1.0896499496292709), (-15.149253838894705, -9.308007452708626)),
    ((-0.9763111850255265, -0.057912476750420494, -1.0620341845277748), (-16.307171308074004, -6.53451859108675)),
    ((-0.9410941841110969, 0.020218509225269007, -0.990902441063575), (-16.48585381589354, -5.844702208443426)),
    ((-1.1024649885859463, -1.1007913133196983, -1.174378240716949), (-14.570354248639966, -11.423502284947784)),
    ((-1.1061160551692137, -0.09523461844782083, -1.155627177189584), (-15.939003463064958, -7.525539483472333)),
    ((-0.4412704287491296, -0.06738681388661111, -0.002137408329300372), (-19.01198353546771, 0.21197555460550052)),
    ((-0.9409873857716522, -0.04778115972872354, -1.064934572923826), (-16.36243805240663, -6.283145813465322)),
    ((-1.0571774389440434, -0.8124033392946185, -1.0390029003889647), (-15.340780344786143, -8.760846781125581)),
    ((-1.1140107999861044, -1.0509117851054322, -1.0213228633179388), (-14.821248709801498, -10.723942861623009)),
    ((-1.0195964858476505, -0.015118925897285529, -0.7814770578900103), (-16.70791372574118, -4.7867834772946685)),
    ((-0.8759163872614595, -0.07721616862469952, -0.9421929573255605), (-16.66461445674222, -4.844599157418862)),
    ((-0.5538468336670326, -0.0702889256536143, 0.004149405398867212), (-18.803666451986437, -0.09182038733734721)),
    ((-0.43612991005760027, -0.011668203274981331, -0.048516350988362156), (-19.06511050520752, 0.2172605001059566)),
    ((-1.043834756699121, 0.030208291370466545, -0.7464145475549345), (-16.72733569999812, -4.670218087031397)),
    ((-1.0548423415706984, -0.8281745819564208, -1.1468470410127616), (-15.18316632268364, -9.27158681265897)),
    ((-0.7781906217244859, -0.017552488583859858, 0.0010461014773274213), (-18.523244227565012, -1.4083184689061734)),
    ((-0.9423874114108293, 0.049478869386085284, -1.037301078821517), (-16.404580806984683, -6.130741046925757)),
    ((-1.107669558908765, 0.0018717835819916373, -1.1974831342677417), (-15.883121929281668, -7.58794948555397)),
    ((-1.044934336070408, -1.0479549633694702, -1.1109293704188352), (-14.806001168111809, -10.849585798274195)),
    ((-0.6699820177920593, -0.03849020239287837, 0.00857027766390539), (-18.66544454788493, -0.6595152229292751)),
    ((-1.0775174693002896, 0.030868585293051254, 0.021580194136264108), (-17.98559690557447, -3.5764566648378366)),
    ((-1.0092793067464567, -0.04185017121488689, -0.9634842109089479), (-16.416530942460362, -6.124089690823409)),
    ((-1.1058738661770473, -0.6089084934865803, -1.1003038670404237), (-15.544925710145012, -8.023039259163397)),
    ((0.05748996324736455, -0.020989883784922336, -0.07636610364708037), (-19.72119375824066, 0.27365555407278785)),
    ((-1.0841443608941703, -0.00643076178365528, -1.094968297288258), (-16.08388433801982, -7.456635283050041)),
    ((-1.0162795160176679, -0.07481142624506099, -0.803904485833823), (-16.66507992729928, -4.8422515849516765)),
    ((-1.1542908826183975, -0.023214884148589965, 0.015434654759621788), (-17.882549836211183, -3.7908925542004424)),
    ((0.007941741190082452, 0.15796221423704862, 0.000469164932199978), (-19.377639724397802, 0.2712496334162858)),
    ((-1.0093035340240641, 0.006522197385870954, -0.0033281634330211696), (-18.15741923917284, -3.2460803744539137)),
    ((-1.1730133815016464, 0.010601990486958368, -1.1646479297722447), (-15.830791549016862, -7.702954625202507)),
    ((-0.5646395243602651, -0.030078891598586177, -1.1282811208017076), (-16.910004544113114, -4.055218188860889)),
    ((-1.052103967729549, 0.008346253103950596, -1.064823417075727), (-16.18417256626982, -7.151790636943804)),
),)
