fronts = ((
    ((0, 0.673435006261922, 0.3403649582534317, 0.6520430977012612, 0, 0, 0.5573154353407621, 0.4708461731300415, 0.5011783056751072, 0.06122741058651604, 0, 0.25503641731895244, 0, 1, 0, 0.08642534690387571, 0, 0.10428472759815188, 0.3993620763972258, 0.4195473923486035, 1, 0.9868003744682229, 0.4667030918272609, 0.9043147214280641, 0, 0.6474190367682562, 0.7175490484931917, 0.5215541026021391, 1, 0.002510841818721854), (0, 4.652112347734324)),
    ((0, 0.7475743220577251, 1, 0.36317707800567534, 0.8015960913799847, 0.7286566347542137, 0, 0.23066820854129388, 0.5967321748479326, 0.9508855182109831, 0.49672136074097173, 0.5106721602542867, 0.33460342317197267, 0, 0, 0.1924355136968599, 0.5733128774450735, 0, 0.2623560978601448, 0.6209063966440383, 0.6717138563220232, 0.08272099095816288, 0, 0, 0.13874781441023287, 0.2930991403438059, 0, 0.03403213653434693, 1, 0), (0, 4.299155385021296)),
    ((0, 0.6174151960045676, 0.6848316313408331, 0.42500118805927456, 0.7353083873866046, 1, 0.2683049015020867, 0.11964022061188606, 0.6502778259494043, 0.15205148836983612, 0.2903546622922676, 0, 1, 0.40756655338658476, 0.5151854173928373, 0.6642802668345862, 0, 0, 0.6744464974911939, 0, 0.18192519494207696, 1, 0.19661458440316415, 1, 0.16323059066263973, 0.8871808683003206, 1, 0.8568737179848973, 0.11814355782509472, 0.6907459095926078), (0, 5.4377382049308585)),
    ((0, 0.2845514882415481, 1, 0.813256740231841, 0, 0.05374470905652929, 0.7935723741406676, 1, 0.16678312037768014, 1, 0.4564875753143395, 0, 0.7760214352521144, 0.5899227127464106, 0, 0, 0.04469044958534221, 0.43685647332354094, 0.6043543772365443, 0.4184372059886057, 0.338775492318491, 1, 0.28273348169552803, 1, 0.5807940311490558, 1, 0.2913466277448434, 0, 0, 0.34004047149598116), (0, 5.119010996313503)),
    ((0, 1, 1, 0.8487314941671473, 0.3894225421692795, 1, 0.45654798281315223, 0.23788919230260863, 0.47368420521269783, 1, 0.8937906484388977, 1, 0.5113857292989571, 1, 0.4258965068652255, 1, 0.07174803849301245, 0.900499591412079, 0, 1, 0, 0.7726379358605894, 1, 0.08720332141055476, 0.11436053436259008, 1, 0, 1, 0.2687610554664702, 0), (0, 6.416311344981357)),
    ((0, 0.117686478156521, 0.8932996153307017, 1, 1, 1, 0.7099552482892137, 0.8041257922579288, 0.8737293306106108, 1, 0.7714997683442534, 1, 1, 0.8877171627777227, 0, 1, 1, 0, 1, 0.7463354243506057, 0, 0.3860469035980748, 0, 0.49016548447298197, 0.8578243744343435, 0, 0.32230179178180457, 0.4194024360486023, 0.3127564446112765, 1), (0, 6.77019366536489)),
    ((0, 0, 1, 0, 0.5871110630577299, 0, 0.8099598099988091, 0.5971071815487239, 0.03476547541618635, 0.052455151203917305, 0.9185225453732939, 0.39170206659131035, 0, 0, 0.5646049375211608, 0, 0.39021419276984004, 0.5150400721722772, 0.32657021208941167, 0.3155826131758841, 0, 0.23225983837030512, 0.28429584183518586, 0.4503808128751039, 0.3587327537360391, 1, 0.22897861009737752, 0, 0.7759473372889119, 0.392956942743488), (0, 4.173954728302918)),
    ((0, 0.4058308388074997, 0, 0.8231799019896475, 0.8084069873478716, 0.4109764039930093, 0.13655100072593412, 0.535479751946834, 1, 0.278522263872393, 0.9427124987337937, 1, 0, 0.7644070897162658, 0.24291418807928666, 0.6067685605548483, 0.8961169815860988, 0.5943210538279863, 1, 1, 0.7993796371552687, 0.809515974406573, 1, 0.9159778883286277, 0.3819213557611236, 0, 1, 0, 0.6019004954687767, 0.20184807938517413), (0, 6.3245027091442445)),
    ((0, 0.04880865616437627, 0, 0.9233123628544221, 0.7737320777829073, 0, 0, 0.07844381579590172, 0, 0.9337076315180158, 0.9549572502370453, 0, 0.2497011582141852, 0.8881874493116311, 0.7513438782103617, 0, 0.2770725537592177, 0, 1, 0.6588534244974763, 0, 0.6764642337233718, 0.044176009394034876, 0.10323536726203608, 0.5530048601640637, 0.43441148017292125, 0.7491855033657902, 0.3249279265732038, 0.8854203539251299, 0), (0, 4.509672894356374)),
    ((0, 0.505560457062296, 0, 0.07400421159006298, 1, 0.3833629177247137, 0, 1, 0.98872057288661, 0, 0.06763123005359761, 0, 0.0952771897546924, 0.32085554480703027, 0.7331337685258758, 0.21881529813936873, 0.9632018055858556, 0, 0.5786120249788342, 0.5569382370477615, 0, 0.4506841974418093, 0.29915689696168235, 0.9580399848208663, 0.8445470190964552, 0.7315488614401184, 0.4191249466725908, 0.0978113921203374, 0.31091375420498507, 0.24066789411521966), (0, 4.674050822250926)),
    ((0, 0.6922859651065132, 0.5018549537142382, 1, 0.7856378497432395, 0, 0.5148471333837493, 0.7274851190820051, 0.28595206175284077, 0.5206783082909908, 0.6713244549065841, 0.8909115869811105, 1, 0, 1, 0.7422746992355396, 1, 0.014384483327711028, 0.050539095123054434, 0.9087042027444608, 0, 0.6864090429117471, 0.20193422352401386, 0.9136755263526117, 0.5582319935679294, 0.920776951819743, 1, 0, 0.016045043620729005, 0.22980283007407887), (0, 5.913924128529862)),
    ((0, 0.16611701392294576, 1, 0.9540730458121316, 0.9376651644043855, 0.8076396183312897, 0.6771398415524682, 0, 0.37210004155108267, 0.7869063045449456, 0.3573799524935172, 0.03514418845509527, 0.5426679492041909, 1, 0.6458531590458761, 0.4324616726151099, 0, 0.33350833843995226, 0.8311991890767753, 1, 0.24059625906835092, 0.2554836276592825, 0, 0.17003655854337485, 0.026160390636955855, 1, 0.38091878722771566, 0.42683155987786775, 0.16505059266275546, 0.12226097291648472), (0, 5.241543036289069)),
    ((0, 0.9520120647496988, 1, 0.8022150627398702, 0.0834324309497214, 0.6691428949704437, 0.7327298218843585, 1, 0.29460368505034285, 0.6482539700139452, 0.10912736763353917, 0.7203504278540138, 0.1331794419080108, 0.8604411682905708, 0, 0.737370822282408, 0.008294025229297342, 0.28300910764224513, 0.5157797585294881, 0.16194193649866598, 1, 0, 0.893041456430479, 0.7000628965971835, 1, 0.8853616910934118, 0.057938614176556505, 0.015728500946194, 0.8776695939398866, 0.33484299911212123), (0, 5.803060953334556)),
    ((0, 0, 1, 0.23054496074514197, 0.594083272026712, 0, 0.4622225054138407, 1, 0, 0.31291197855644176, 0, 0, 0, 0, 0, 0.632332790256776, 0.28184398906141195, 0.6297024567906421, 0.16485947438564796, 1, 0.9224076042588636, 0, 0.8911027919394624, 0.8298058965896047, 0.9370527563871782, 0, 0.4112522341955494, 0.2009602357518674, 0.20875597751988845, 0), (0, 4.323743114307284)),
    ((0, 0, 0.5274522275757386, 0, 0.6078764698413052, 1, 0, 0.902109205972125, 0.02312773329832582, 0.48844868818389614, 0, 0.563811021617194, 0.7603623402468611, 0.7704144209000213, 0.3645959870301471, 1, 1, 0, 0.09448904474708442, 1, 0.1366253988595711, 0.8805526370768879, 0.5258134043051211, 0, 0.5769957017948564, 0, 1, 0.6939652711800656, 0.2837709906609187, 0.6654372073603129), (0, 5.303194129512204)),
    ((0, 0, 0.11755121724719525, 0.24485107724308916, 0.4709716917221664, 0.45924737317219894, 0, 0.7720667943401645, 0, 0.5776104336241001, 1, 0.7516891713354938, 0, 1, 0, 1, 0.5410982307480589, 0.20153415603845254, 0.15655576856824677, 1, 0.8981487733086885, 0.7343465792641168, 0, 0.18813419711341853, 0.6576398914066713, 0, 0.2882250465280052, 0.5389683500092999, 0.7895390404725227, 1), (0, 5.154951728595759)),
    ((0, 0.05642417569444712, 0.605041338783736, 1, 0.4581365465710906, 0.8837083716421302, 0.8181167398502608, 0, 0, 0.1816134111270521, 1, 1, 0.24074238421693095, 0.532453322484948, 0.32650273261527707, 1, 0.003213202473382526, 0.475924922418257, 0.5200487646853953, 0.5183772358479085, 1, 0.8341283775691191, 0.3789455742109476, 0.40241435330840114, 0.6038627044780838, 0.7369947472158289, 0.006579371432608672, 0.18368741695361002, 0.3034584748057332, 1), (0, 5.677012672947114)),
    ((1, 0, 0.18012229584201855, 0, 0, 0, 0.028247191933827742, 0.49941508603557977, 0.32308237851853666, 0.46816458947059536, 0, 0, 0.10469195012010982, 0, 0.9216318141948517, 0, 0.8495902366076398, 1, 0, 0.8761403859992292, 0.6074066165396077, 0.40004553542415616, 0, 0.741508489281641, 0.10475043605239909, 0.6725172380868485, 0.07504457016655941, 0.1598997744483346, 0.1369531879526334, 0.35352853073912976), (1, 1.7312224390057147)),
    ((0, 0.4657144183894456, 0, 0.023287698180877392, 0, 0, 0.38387737545204736, 0.506654403265811, 0.6294430981056844, 0.41664170278309465, 0.516021907186967, 0.8927984493743001, 0.8180495124420024, 0.43001614391858073, 0.3510149761645517, 0.3579257400356523, 0.47364335481322095, 1, 0.16514509914267145, 0, 0.4359705294954461, 0, 0.5721940632503744, 1, 1, 0.18794503563139553, 0.06765425715736711, 0.007908165809148215, 0.8905551672770153, 0.8401274518663353), (0, 4.858389549919927)),
    ((0, 0.5065767205537498, 0, 0, 0.7690898216180178, 0, 0.7845573454103534, 0.9675394180663428, 0.45415276539776916, 0.8673439159042369, 0, 1, 0.8568006068020599, 0, 0.34545288410573144, 1, 0, 0, 0.8601839517404022, 0.5321654802853724, 0, 0.3881978801769247, 0.4527146410739892, 0.5493253004998587, 0.39331418149858255, 0.6880563573054331, 0.5288189332409317, 1, 0.3205840478336963, 0.4450346214675698), (0, 5.254799305407903)),
    ((0, 0, 0.9404386315973966, 0, 0, 0.9034830923844324, 0.5143014283318428, 0.8536874553008786, 1, 0.15486900974776047, 0.41639119055293455, 0.1671692975173471, 0.1122823732809961, 0.1955515869351233, 0.042485032073716344, 1, 0.8881064699225675, 0.27352228065209017, 0.833713903360009, 1, 0.33931324395138596, 0.44641140731976525, 0, 0, 0.9118464080135471, 0, 0.5321059580439222, 0, 0.3776423427448631, 0), (0, 4.6941341381232835)),
    ((0, 0.27815755631806593, 1, 1, 0.47535832795221084, 0.4595293100886907, 0.8574697961008348, 0, 0.07504108556279165, 0.8607360609176261, 0, 0.0173812966675439, 0.14355917676498614, 0.9076696072852452, 0.36739759907119696, 0.7746323339114075, 0.31013500134366845, 0.250583232243471, 0.9637884637133567, 1, 0.45401894075087634, 1, 0.2709353377641543, 0.122792494544451, 1, 1, 0.7832330294852339, 0.2601478835303006, 0.6112270055217469, 1), (0, 6.041177305373819)),
    ((0, 0.557643248356069, 0.27375197078779334, 0.21977375580675507, 0.8899822544989878, 0.5608811107638689, 0.5633287024353475, 1, 0.5296157993564294, 0.1434711131387667, 0.012253483305351531, 0.7533552220122143, 0.8371283707808639, 0.18494343020160073, 0.2445542121298032, 0.8161411663301377, 0.7266768994965108, 0, 0.5688379940357441, 0, 0, 0.42656789797106975, 0.2967841198749989, 0.5056458195895892, 0.6934157602417839, 0.44107921761714175, 0.28821965431371166, 0.9550242624134544, 0.8060507412733424, 1), (0, 5.436418477951103)),
    ((0, 0.2600318551996502, 0, 0.34580104139042656, 1, 0, 0.9899237226046156, 0.4126824417403466, 0.6202207365934149, 0, 0.567640451269371, 0.5073020691648963, 0, 0.021468115691377965, 0.6241890764410127, 0, 0.09283717236346456, 0.4054127588221409, 0.9647807625116079, 0, 1, 0.8031287881247876, 0, 0.40909791087886643, 0.45268876056775453, 1, 0, 0.19725587544330675, 0.19319873111101987, 0), (0, 4.372722152733192)),
    ((0, 0.593394411897121, 0.5038520052357789, 0.6189887812724095, 0.502616719793757, 0.37793984207156717, 0.8216147918957855, 0, 0.13565837719631557, 0.9516099836525751, 0.5267003452592117, 0.10436541460138715, 0.1414257191275905, 0.7865624663832025, 0.02966340256167324, 0.964763307562871, 0, 0, 0.2479221977004954, 1, 1, 1, 0.04339110616572328, 0.2529017152462848, 0.2916573958186703, 1, 0.2852433119416178, 0.08457817138007825, 0.5479355664941049, 0.3089066088676544), (0, 5.072249130314927)),
    ((0, 1, 0.9095516108124018, 0.9363929672486802, 0.7816590771259898, 0.7211556392569907, 0.0662301620567892, 1, 0.9919726329637195, 1, 0.45004559782385634, 0.45396861268633226, 0.386221041233555, 0.16214613152883564, 0.24043481395656913, 0.46307869631288434, 0.3443080442807518, 0.044234223222007374, 0, 0.657297746176425, 0.05395356844161628, 0.25177211808063993, 0.23986313990660207, 0, 0, 0.44993806042802065, 0, 0.0313496015730258, 1, 0), (0, 4.921384874691077)),
    ((0, 0.1346632644084562, 1, 1, 1, 1, 0.6583150687715863, 0.2903706404298515, 0.2797526822869111, 0.7020592633448197, 1, 0.7307454679410096, 0.2422228669963673, 0.5755844168058301, 0, 0.7772872090106812, 1, 0.2997486770961072, 0.6873492601991777, 0.04158450687015036, 0.4999777241030593, 0, 0, 0.7088210661986426, 0.1780046721864693, 0.8010657430189653, 0, 0, 0.06869362632441456, 0.7566229242738887), (0, 5.479166266289568)),
    ((0, 0.7189366165241904, 1, 0, 0.9613895665624292, 1, 0.6680439552353163, 0.542294560039069, 0.5844305050275298, 1, 0.2722096185208531, 0.4675280191894523, 0.3444417439018901, 1, 0.349842977952712, 1, 0.842965514658402, 0.27618067857301953, 0.46837488631167995, 0, 0.8147358152466901, 0.3285900122317953, 0.20373561098787152, 0.8256251553297613, 0.7422300083955741, 0, 0.8912674260672809, 1, 0.03813577268831492, 1), (0, 6.381676758310154)),
    ((0, 0.2130197764615959, 0.40190208564267393, 0.5274940592818675, 0.9452077843793975, 0, 1, 0.726326681515753, 0.16022134909454738, 0.16221877222498432, 1, 1, 0.8315057130959438, 1, 0.5955067549462758, 0.47091753856305296, 0.6172090847421946, 0.39908675194240584, 0.40496131725781837, 0.09640722274830937, 0.0454294717521575, 0.1744508793149925, 0.8757823734308922, 0.40128421929028346, 0, 1, 1, 0.15258343341732628, 0, 0.5299960315311875), (0, 5.571848334679411)),
    ((0, 0.8342969062492547, 0, 0.5463406461527824, 0.6846979857383442, 0.6663456521800027, 0.47660670092021873, 0.7142356319647565, 0.15101918304493175, 0.6653291691924019, 0.0032349374832315037, 0.7523251982420293, 0, 0.15516521631008628, 0.9155528673332939, 0.6101330729889556, 0, 0.7636618081271924, 0.00679332986240011, 0.8747487402914154, 1, 0.4333325986791338, 1, 0.8402320126322117, 0.5406080535369095, 0.7803367146430631, 0.639794162299776, 0, 1, 0), (0, 5.6721763893397075)),
    ((0, 0.5331117446991785, 0.48312786323929857, 1, 0.07538582443446173, 0.222755033411411, 0.7874982185085576, 0.0437776395355412, 0, 0.09158367130462985, 1, 1, 0, 0.6505566014228741, 0.8353051469070828, 1, 0, 0.6968222523345335, 0.5105859456265415, 0.24597858085524787, 0.9276616864101269, 0.5862032091323868, 0.3823744575078889, 0.6232351476502787, 0.3168321723288027, 0.6735788755653058, 0, 0.2713363840998545, 1, 1), (0, 5.642048072233311)),
    ((0, 0, 1, 0.2791428838575617, 0, 0.4108711674693365, 0.042521215297663374, 0.8266547930242777, 0.39216201291005603, 1, 0.1774033266798955, 0.36945949667481637, 0.2548109918197678, 0, 0.9905590696971024, 0.5749553263744448, 0.40549198028724015, 0, 0.014600991656535611, 1, 0.9503385664482394, 1, 0.9000365699241307, 0, 1, 0.24361248403317437, 0.021341229390612726, 1, 1, 0.4854071513091081), (0, 5.4501490797133)),
    ((0, 1, 1, 0, 1, 0, 0.4032544093209396, 0.2197964580033378, 0.013312265514665744, 1, 0.5035051302780288, 0.5300857882230272, 0.6607845935796657, 0, 0.5947558386619606, 0, 0, 0.30635234549519935, 0.6779964170231112, 1, 0.4068034350961715, 0.07543036569203099, 0, 0.25520337210406846, 0.5939258250630359, 1, 0.6244770915060194, 0, 0, 0.8226590419275881), (0, 4.93776142749654)),
    ((0, 0.6048310983657585, 0.3359982673257245, 0.8365327112279153, 1, 0.3282746012700564, 0.14867120885306379, 0.4857009750483744, 0.4269176976893699, 0.13663262020972716, 0.12635274216524078, 0.4738491589584015, 0.8737612083055195, 0, 1, 1, 0.03504371610915774, 0.41291575114938256, 0.6282329092887236, 0.36950234082373246, 0.5351101231383156, 1, 1, 0.8406576882700703, 0.15623258081151273, 0.502260997698298, 1, 0.7927707150921466, 0.28322711580527077, 0.37180777620150973), (0, 5.874053656353981)),
    ((0, 0.37564314607309895, 0, 0.9555388543904487, 0.04205454470332304, 0.9184272577149959, 0.5157731742756647, 0.048611132617282435, 0.06329518099576115, 0.1374230865989042, 0.38122701410701615, 1, 0.14411711035752783, 0.21331717938308573, 0.8248969859167606, 0.35856970329400817, 0.25265546012101714, 1, 0.07459897369495438, 0.16672396661933409, 0.13106533091749306, 0.5112932713348831, 0.7641479527242202, 0.6848995140467656, 0.4484541610204751, 0, 0.31126320501148735, 0.28575597618856197, 0.0884289886699409, 1), (0, 4.630470018517004)),
    ((0, 0.06421491405691337, 0.1592724922389176, 0.5469989581114911, 0.4253232474530303, 0, 0, 1, 1, 0.22458528875171058, 0.5961966613228751, 0, 0.22586645758330826, 0.97983359102726, 0.8259229125781149, 0.6438245903423633, 0.9595969910413914, 0.018491828745555994, 0.7433557677111322, 1, 0.41499152474742457, 0, 0.16900904549489854, 0.2687235884880523, 1, 0, 1, 0.7652158110050522, 0, 0), (0, 5.04423493228605)),
    ((0, 0.6294078097161286, 0.10239974026056325, 0.45936811704113645, 0, 0.5529746512404274, 1, 0.7712933721255993, 0.11064841056772312, 0, 0.36807070619943666, 0, 0, 0.6886317010105479, 0, 0.5204667397481646, 0, 0, 0.9561912463672952, 0, 0.7405152150160571, 0, 0.12922900684603908, 0.7904930494575118, 0, 0.18561287817522498, 0.2659373795228218, 0.6055019931347285, 0.4776259632343029, 0), (0, 3.9030797178266687)),
    ((0, 1, 0.4038004269072743, 1, 0.05665639928491176, 0.5617355795413599, 0.73998893768075, 0.5794711482017412, 0, 1, 1, 0.42772009080061, 0.028875124203140756, 0.4961927837411408, 0.15471560006548812, 0.9283467954372648, 0.33305119250228443, 0.5223495168327011, 0.349551356423035, 0.23561611853882192, 0.5947806298810404, 0.707786163743541, 0.05542012371647864, 0.8541642670077805, 0.6076774414065778, 1, 0.16932204662380856, 0.05479604183156206, 0.4645312449188457, 0), (0, 5.446170388400394)),
    ((0, 0.5182604714594241, 0.9197102171671548, 0.2477141913838184, 0.35779965976963446, 0.5425081757354481, 0.7805484865540637, 0.8582414481922143, 0.40947865452507637, 1, 0.2972705207757288, 0.9089841121567783, 0.6978191485184544, 1, 0, 1, 0, 1, 0.8687593239512263, 0.6305343117853, 1, 0.5420940586374549, 0.48129219980229054, 1, 0.35989654326445175, 0.7154385079025505, 0.3587239180356877, 0.2364058973172402, 0.38917442365797067, 0.47280310023551375), (0, 6.460038494394737)),
    ((0, 1, 0, 0.927001534782669, 0.8992337389155516, 0, 0.7735085540507874, 0.845203262121799, 0.5428773539540013, 0.20862396854243792, 0.5403805285840937, 1, 0.9224998727800853, 1, 0.6793714248030273, 1, 0.3540682922440144, 0.5565788637868643, 0.8988247460364018, 0, 0, 0, 0.3990952397695534, 0.4355659587342301, 0, 0.056018549949649055, 0.8840338786018593, 0.8135620252361185, 0.5151803149445315, 1), (0, 6.043608723122037)),
    ((0, 0.29024772408048793, 1, 1, 0.9187228961583516, 0, 0.8196747774866033, 1, 0.5765667915939008, 1, 0.5670514236278854, 0.7070382330913786, 0.4584604559880693, 0.9426559276065112, 0.9559327399190386, 0, 1, 0, 0.5256084660744881, 1, 0.14374098752929598, 0.4294657350053407, 0.11390883676733476, 1, 1, 0.6274596521121748, 0.3954550026400344, 0.5406621587742353, 0.8777357673015705, 0.5635809072773563), (0, 6.727093667148501)),
    ((0, 0.5571710886400028, 1, 1, 0.46489741671414075, 1, 0, 1, 0.2565443265192482, 0, 1, 0, 1, 1, 0.48521423466347785, 0.662645330018961, 1, 0, 0, 1, 0, 0.6919960146557625, 0, 0.19837391890197148, 0.46566517648507466, 1, 0.3278909583621733, 1, 1, 1), (0, 6.310123661539562)),
    ((0, 0.5293707173744853, 0.22725118523535714, 0, 0.2933084773927867, 0, 0.42442131573278713, 0, 0.5479046736758331, 0.3169158779263765, 0, 0.4003679785152611, 0, 0.9884970055273212, 0, 0, 0.6068881419090996, 0, 0.779005529597592, 0.5317309636128027, 1, 1, 1, 1, 0, 0.5416122178929781, 0.9054765921701848, 0, 1, 0), (0, 4.75292262376089)),
    ((0.6721007441498923, 0, 0.22745293363886282, 0.4558007100713846, 0, 0, 0, 0.5104229738982969, 0.6433741437096578, 0.14559401891247822, 0, 0.0029071738612054254, 0.21331667095433138, 0, 1, 0.17018570128471094, 1, 0.7907988387389364, 0, 0.7832590142421345, 0.6335078607991279, 0, 0.7445962421957583, 0, 0.0892666399927945, 0.9751663289939845, 0.19632011061737165, 0.4378661534628481, 0.05570865653805179, 0), (0.6721007441498923, 2.214953710946235)),
    ((0, 0.2719271154124327, 0.5355367673311036, 0.9178165389763594, 0.18802513937387777, 0.625917168389305, 0.9529787862292275, 0.08794030679186748, 0.05910448529165446, 0.2291690327347225, 1, 0.7333502984590592, 0, 0.8394226393267012, 0.8038650505517648, 1, 0, 0.6314204755451492, 0.6452826564141245, 1, 0.5929114737600236, 0.7928778220920105, 0.581705331504442, 0.5013987614977625, 0.22237137471745208, 0.7799089336338826, 0, 0.2883601041639384, 0.8353756142863251, 1), (0, 6.001723892701678)),
    ((0, 0.5169210208620201, 0.566618776267348, 0.8744830700737889, 1, 1, 0.8768321742287604, 0.8682944294712138, 0.5982075252692391, 0.5844369104560385, 0.22214725444703132, 0.05627046553703868, 0.4718678750196017, 0.7263449360086174, 0.713136532709829, 0.5387123333180186, 0.4242114156869289, 0, 0.7233529227391875, 0.261500395905787, 0.39148718892018186, 0, 0, 0.7966701681865094, 0.14337527820198243, 1, 0.4048125276248808, 0, 0.8733009620435759, 0.1721542481911802), (0, 5.594698127604097)),
    ((0, 0.43871618039454824, 0.2327881724101601, 0.9516650552122418, 0.16943515649547752, 0.5612703172072812, 0.4570530243438209, 0.6681823646032068, 0.27643255591680355, 0.06392260486626666, 0.9955057264047078, 0.8750275482386061, 1, 0.04591678983260347, 0.667767631171983, 0.36962705289658726, 0.20243058335952713, 0.3266235893647853, 1, 0, 0.048554513371922146, 0.4279608036365895, 0.6275452597285827, 0.6770896967299556, 0.29735112806938313, 0.2881926917461119, 1, 1, 0.6360320445186352, 1), (0, 5.749855669471659)),
    ((0.006833411842167236, 0, 0.6462699299457777, 0, 0.5539291840388814, 0, 0.6580572297392295, 0.29027982345518455, 0.27134709872742885, 0.36708329699395936, 0.09862762826899557, 0, 0.13731087391184654, 0.08858208473289148, 0.1695572412851332, 0.5901511620985653, 0.0519708420853604, 0.12749248593576215, 0.40255121065541266, 0, 0.7923687869730714, 0.01865613185097542, 0.5235782301084358, 0.05948647703871131, 0.5067599766041606, 0.3262578333227537, 0.008048760857161219, 0.3105316723868095, 0.8948572917250766, 0), (0.006833411842167236, 3.296248465168606)),
    ((0, 0, 1, 1, 0, 1, 0.14210443714783283, 0.6401607996104075, 0, 0.7069435844060735, 0, 0, 0.2815165447742982, 0, 0, 0.5390896944778389, 0.06246903099669976, 0.18679785229634271, 0.43481843379159824, 1, 0.2147939155566284, 0, 0.4217322520466684, 0.4228866005937678, 0.2786472310864784, 0.6343279220753173, 0.6595667824252959, 0.748911269405214, 0, 0), (0, 4.2197550743522125)),
    ((0, 0.8338278037358018, 0.2165276071357626, 0.99364798761808, 1, 0.3680929428945091, 0.5137098044114894, 0, 0.5579833457716024, 0.2500849341294186, 0.127641068390907, 0.3832808935632716, 0.2779978817350607, 1, 0.20064952290501414, 1, 0, 0.8606071984063488, 0.7088602919064836, 0.3718615844237326, 0.592449405100294, 1, 0.6911027466991148, 0.41400949834742407, 0.5911791204520844, 0.9150687910872333, 0.6858705242468794, 1, 0.1843198943742359, 0.5562711287679538), (0, 6.057082613273254)),
    ((0, 0, 0.5334489767985171, 0.018585958122565804, 0.5650833275008199, 1, 0, 0.822792988251238, 0.0373717927972424, 0.5963515662697084, 0.13325001192498664, 0.7442527861897101, 0.3249815721952254, 0.7282586083460512, 0, 0.8484009885372719, 0.4877110118761768, 0.16676601030322655, 0.3129148462058065, 0.8675636500900127, 0.8569011864923856, 0.6680173207283379, 0.5578645381209923, 0.3423046944826211, 1, 0, 0.4410932709617108, 0.5380614671917305, 1, 0.6347314996265299), (0, 5.4151852640384766)),
    ((0, 0.8683116027135412, 1, 0.4647478397289996, 0.233300917128705, 1, 1, 1, 0.09086832319468677, 0.6990899443101279, 1, 0, 1, 1, 0.062166113105002224, 0, 0.7676333981418528, 0, 1, 1, 0.145282233578377, 0, 0, 0.24759205294818676, 0, 0.728939928335161, 0.8998377262405188, 0.5186153316996671, 0.6927438806166804, 1), (0, 6.095591849161157)),
    ((0, 0.9087735455508404, 1, 1, 0.6239730506414082, 0, 0.35628937526872057, 0.4826679739634061, 0, 0.5255523971357989, 0.704049313692185, 0.34943740701389414, 0.8306993853196191, 0.8035519423795552, 0.402295305666645, 0.9128531633194813, 1, 0.4592465897528393, 0.9080331832035211, 0.6726956357511377, 0.14426545655184564, 0.8715641305931563, 0.5785209225875196, 0.4012052738679148, 0.31177528514218045, 0.4058296472438261, 0.6766099425528239, 0, 0.301650235454926, 1), (0, 6.161512153926869)),
    ((0, 0.4844155760180342, 0, 0.8933459584521553, 0, 0.22757797058362916, 0.993297346438505, 0.595258488576469, 0.8516913919699269, 0, 0.26829763158903874, 1, 0.29441946656896223, 0.8868166208281403, 0.6053163371868994, 0.16036163334295664, 0.169836364714017, 0.30094882798468076, 0.2833499176776386, 1, 0.7563860474123971, 0, 0.3088772731313405, 1, 0.43510893015180724, 0, 0.3630790727404817, 0.40873420957317474, 0, 0.3275950750786295), (0, 4.9149112848334475)),
    ((0, 0, 0.2590436949692879, 0.9305041274588151, 0.16438087345238728, 0.30861357508883785, 0.6928191157452825, 0, 0.19426113921151586, 0.6824654240751382, 0.647639672492426, 1, 0.21940520916999162, 1, 0.8509397246658056, 0, 0, 0.195435936733394, 0.05982397475177792, 1, 0.08376529757481559, 0.8309505697342576, 0.23276969927283714, 0.24603497454213955, 0, 0.34577514924446884, 0.06650853321148564, 0.24697027716671768, 0.8372850999451302, 0.5137061191873775), (0, 4.6028235754912075)),
    ((0, 0.053892946028892164, 0.7513116621778905, 0.2488373867886633, 0.3757752988352312, 0.4875527468479429, 0.09674189401602251, 0.3557159626680644, 0.9327003102420003, 0, 0.7506579486168108, 0.2626820808683508, 0.02212037149449264, 0, 0.17811556405991588, 0.9695130664211395, 0.5683196910910417, 0, 0.6588638975926946, 1, 0.2674774596314168, 0.6046304076189093, 0, 0, 0.8054559193586841, 0, 0.7926914668891557, 0, 0.551295335642599, 0.0716244577219104), (0, 4.353578719707119)),
    ((0, 0, 1, 0.5714015851972996, 0.8758316519027625, 0.3270141468772953, 0.9236375898769387, 0, 0.1420104156270185, 0.6527358111785616, 0.06977179582424074, 0, 0.7740074058250472, 1, 0, 0.05387709926029216, 0, 0.2802429101278191, 1, 0.3811243401254536, 1, 0, 1, 0.8899938694152206, 0.4755412517371206, 0.6104485261769678, 0, 1, 0.49861881242687256, 1), (0, 5.508148789800351)),
    ((0, 0.4662627531410983, 0.9822335871181941, 0.9854725877496033, 0.28904888410275315, 1, 0.27255245396437167, 0, 0, 0.43363907816586406, 1, 0.47400015591917793, 1, 1, 0.3144641606830294, 0.5186043379090882, 0, 0.5896921647572181, 0.7542361240068505, 1, 0.11168147426964306, 0.3453176564814195, 0, 0.8542238046494965, 0, 0.3931633901139535, 1, 0.7919891468695112, 0.30257062596292394, 0.2612423195554243), (0, 5.6987431844405725)),
    ((0, 0.628953715771144, 0, 0.8137519783481921, 1, 0, 0.4310196649944691, 0.9967426106153443, 0.6061790192033003, 0.41388090393979, 0, 1, 0.4550355613461676, 0, 0.7376929452726397, 0.886224335084078, 0, 0.41476419070563497, 0.49306601467375616, 0, 0.13244795623877056, 0.7514803175155332, 0.5541476428339246, 0.8004627695336279, 0.13566376261904872, 0.7069698945900329, 0.9983913234617225, 1, 0.3920697274932428, 0.8598666159548465), (0, 5.719975812129566)),
    ((0, 0.9313814549309771, 0, 0, 0.1250491314841313, 0.14091535006593958, 1, 1, 0.20811622553762665, 0.3715474007374955, 0.6732784168390962, 0.5025143927162863, 0.24882484782823233, 0.4913329520797302, 0, 0.28212205544477464, 0, 0.6427826925314206, 0.7620471101942248, 0.9284348226632896, 0.2122971740402805, 0.6832597907031636, 0, 1, 0.5103718696047361, 0.38032846585698554, 0.27968452289788015, 0.1969436226227015, 0.6513935179582689, 0), (0, 4.79322870174604)),
    ((0, 0.07557322305826322, 0.7398921296339028, 0, 1, 0.5321554605572669, 0.2498647192845428, 0.07638077125777742, 1, 0, 0, 0.02374921407916253, 0, 1, 0.8241257512015063, 0, 0.7330212007360706, 0, 0.38496185727323107, 1, 1, 0.3997470680593319, 1, 1, 0.6121878734631462, 0.26897325043609777, 0.4966563618172193, 0, 0.6772527619666062, 0.651019417374119), (0, 5.265863777302903)),
    ((0, 0.039031619538089264, 0.9689367633855429, 0.6750740607235481, 0.36473947275571184, 1, 0.9683786644890223, 0, 0.4458193691127159, 0.4067683036177928, 0.5161486874894348, 0.26090311594733967, 1, 0.9766066696430914, 0.11224330620743694, 0.1530313285727219, 0.3102594595485849, 0, 0.6670963350714408, 0.4039440646529815, 0.6001012923576288, 0.9502516201106157, 0, 0, 0.03929356139765583, 0.8093992790611274, 0.25474638292003626, 0.9549774308323392, 0.1541064739392164, 0.8620751324473392), (0, 5.3119100532549215)),
    ((0.2413616145936584, 0.09570760428918074, 0.893489717661385, 0.30027473323669984, 0.1833416797849825, 0, 0.24730766031487472, 0.1482768509573233, 0.5491638662490388, 0.2893078857324003, 0.042245544364384366, 0.5654841401732399, 0, 0.13183470707946435, 0.263559918799604, 0.6539159570410872, 0.39133873730329416, 0.10909380700406618, 0.542655410718274, 0.5295313440818302, 0, 0.20295179030609212, 1, 0.14388932620985495, 0.2604362034994676, 0.48529114060559053, 0, 0, 0, 1), (0.2413616145936584, 2.8441729262037674)),
    ((0, 0.8040606771799487, 0.24337450584198614, 0.6812860058787661, 0.5438096120910936, 0.3846003356522351, 1, 0.5338674536332096, 0.5663848860217362, 1, 1, 0.8141921004327403, 0, 0.7020323737408818, 0.12103649166738888, 1, 0.28773521710461936, 0.7485108966582636, 0.21404184422352035, 1, 0, 0.28791429669401225, 0.9065268534453337, 0, 0.3842053659204119, 0.6298600258779339, 0.16501420624536367, 0.37966678574725854, 0, 0.16223092162503883), (0, 5.518729575901232)),
    ((0, 0, 0, 0.7173443849674893, 1, 0, 0.4039323971771429, 0.7845522245640824, 1, 0.8358105287952223, 0.5925651942264845, 0.47204919375900867, 0.46266871752781435, 1, 0.16102573615885726, 0, 0, 0.9942475441131335, 1, 0.7378052395567167, 0.02470575567482236, 0.5029482965676995, 0.40324796404753227, 1, 0.5817423123515192, 0.5156171001383374, 0.9397510722896885, 0.6077191479732551, 0.9976192742895272, 0.21110301565345257), (0, 5.948899858568486)),
    ((0, 0.858396032076796, 1, 0.6838723188177958, 0.3494837576253804, 1, 0.8635457128252921, 0, 0, 0.4324778306411015, 0.691019362375897, 0.15961345028149632, 1, 1, 0.2697281904407607, 0.014670023035572993, 0.6521345947965931, 0, 1, 0, 0.6269754119449912, 0.7301471451244679, 1, 0.4625944601934405, 0.16058757000089385, 0.26918150421082326, 0.5911331816505829, 0.943043054659569, 0.4612336266585754, 1), (0, 6.033742587801388)),
    ((0, 0.28521586363373297, 1, 0.44815466917851676, 0.9118600531423422, 0.9325169932135211, 0.6717617672371221, 0.036338067718598155, 0.3940606002773799, 0.5467018466724102, 0, 0.3447618897710692, 0, 0.9625002957437314, 0.5634848810730159, 0, 0, 0, 0.8247779188788106, 1, 0.7433717195277462, 0.6832377297696783, 0.30915581014205473, 0.6169099568080175, 0, 0.9413522402069718, 0.29856553572134814, 0.1202210368832568, 0.18672993238070903, 0.851002843613706), (0, 5.243246029804953)),
    ((0, 0.9103711884887034, 1, 0.18323393705380048, 0.6692985502089535, 0, 0.7976826154701595, 0.6503833442272162, 0.0494914523135236, 0.905319094817131, 0.7627485737318428, 0.3784574848920688, 0.14981772050526565, 0.6867943687781635, 0.3787659660348892, 0.14090248862153404, 1, 0.27543028325492114, 1, 0, 0.3677306520654662, 0.09606208907491048, 0.8327817819881794, 0.25443311655423, 0, 1, 0.3132525888056378, 0.4975320644967156, 0, 0.1418814292712387), (0, 5.171770245375551)),
    ((0, 0.19449927656788774, 0, 0, 0.33013879889168357, 0, 0.8200210866315907, 0.34622694057315173, 0.6921191890327311, 0.5757223626311803, 0.3480303524955848, 1, 0.5068687796952753, 0.19472057457422753, 0.31032975629140935, 0.03537185546413607, 0.9486016910453764, 1, 0.05065223251071027, 0, 0.26963945977013737, 0.23774564185236713, 0.8239860341256712, 0.9345886422577966, 0.8910655900507214, 0, 0.14860695220915676, 0.34414110374486295, 0.31944873520996814, 0.10662612511297664), (0, 4.546977952643015)),
    ((0, 0.27976499749519496, 0.20752483369318964, 0.6501553971259546, 0.17747216600119647, 0.7047469634582071, 0.5687994289123502, 0.2219449846909941, 0.31176615743991554, 0.9057224989753105, 0.8904646196791399, 1, 0, 0.020948381314900955, 0.5596428421327441, 0.9079893047108443, 0.34870228821165306, 0.6468967034790396, 0.04554387183995523, 0.8439320988284413, 0.32495672016927213, 0.4320448298818075, 0.7916359086668325, 0.30024586025362443, 0.5002909133493882, 0.6297192894012034, 0.17350159827134193, 0, 0.806146996873705, 0.9502417173883315), (0, 5.407145253455202)),
    ((0, 0, 0.7780407297638277, 0.6288500860045149, 0, 0.6739838652444642, 0, 0.9456725273354124, 1, 0, 0.46193585257154357, 0.22150018321467813, 0, 0.3641553841768653, 0.08510965347290983, 0.9588385741879599, 0.6685782934218305, 0, 0.546897182568234, 1, 0.4529023867964993, 0.48547455762067415, 0.20434309775833914, 0, 0.5203684928067909, 0, 0, 0.11340255010821267, 0.5212235744340771, 0), (0, 4.29936182494419)),
    ((0, 0, 0.6527700679242346, 0, 0.08742956391841661, 0.40734911812454344, 0.6150326567847186, 0.8366066180781015, 0.06667259458820357, 0.9587590248020484, 0.14573256688714256, 1, 0.1321167794339364, 0.9623567544357139, 0.028578108072427555, 0.8598238613722416, 0.5162119928627875, 0.026196649062220412, 0.6149248334056507, 1, 0.9442239653847264, 0.22368856093460143, 0.6461828097181053, 0.7433686732742553, 0.9626371609257067, 0.9417577267518034, 0.20824931495426569, 0.8684478731898513, 0.9044251081333976, 0.38249962737272153), (0, 5.883599244604359)),
    ((0, 0.6457837446414068, 0.05194128032884843, 0.7085054932675344, 0.5464111471316985, 0.09288249832430884, 0.5397925794190486, 0, 0.8843751658048981, 0.9536048211287901, 0.06043005434185572, 0.4353025657380869, 0.253842628895464, 0, 0.13087377035955394, 0, 0.4437567910589565, 0.31155623857459613, 0.695133765912791, 1, 0.028379561589938332, 0.8730713728142705, 0.2355375584570698, 0.6222794256920159, 0.3442519886057557, 0.8267987611717796, 0, 0.8397151701080405, 0, 0.9930856308530237), (0, 4.88468303889578)),
    ((0, 0.523537715920111, 0.1780271881754928, 0.9584745627286323, 0.8291008551095402, 1, 0.8797343887124283, 0.5642534902204432, 0.8172965138339735, 0.5324926721829772, 1, 0.13947189383020997, 0.9633250492168474, 0.37138467815795073, 0.8667240309098232, 0.978303318458619, 0.81265154525726, 1, 1, 1, 0.5927970957798213, 1, 0.21293363097393397, 0.4910520051755415, 0.35060825293331555, 0.5564427389995799, 0.772955037628066, 0.6782471232856446, 0, 0.7429281382248831), (0, 7.148781976946065)),
    ((0, 0.6638675013322093, 1, 0.5085222579507405, 0.2707827015533182, 0.6774877941654285, 0.4659430161422198, 1, 0.4768652067966309, 0.46582411126504275, 0.15309221968769327, 0.9769632724078021, 0.08698593492136966, 0.3986725797243074, 0.4235031840955429, 1, 0, 0.5891940697596829, 0.3980319783001542, 0.9308866193489072, 0.7823114775783759, 0.4568976939327681, 1, 0.36250829628523107, 0.8842910478545567, 0.38858971330920833, 0.1663944798122431, 0.8404621773230445, 0.8911032499343241, 1), (0, 6.3562974224595585)),
    ((0, 1, 1, 0.5028719424338833, 1, 0.7270589049879768, 0.36818356979347067, 0.9904894884384097, 0.506276758482472, 1, 0.6552554232730202, 0.4616166830173176, 0.059090661412729825, 0.057512276516175076, 0.3086073152139757, 0.7105822807819753, 1, 0.005044420834515617, 0, 0.5307787573699412, 0, 0.906876838784938, 0.6066085703741378, 0, 0, 0.5464629903986155, 0, 0.653348208773623, 0.8985821412849588, 0), (0, 5.498525003087904)),
    ((0, 0.42617768819167523, 0.7464356899678093, 0.9985012344788957, 0.9274966792354394, 0.29613066804540644, 0.8031041716824877, 0, 0.8232068387129889, 0.29290732813509296, 0.9139611048138587, 0.8444866805674869, 0, 0.9611006288478925, 0.20601826817227775, 0.5555288994136232, 0.7534337466448827, 1, 0.32026497996473857, 0.7737180366243415, 0.8528868831269782, 0.9933532079727379, 0.711673046898776, 1, 0.8036657206273987, 0.6678091963283118, 0.560817124972552, 1, 0.11206728777998931, 1), (0, 7.003541586236234)),
    ((0, 0, 0.43288064157487455, 1, 0.3095340842121249, 0.9012435221721422, 0.6893637095219501, 0, 0.18524521130970673, 1, 0.8144161727275914, 1, 0.2970525751224175, 0.11072505900827173, 0.5664421545524417, 0.7371647844992549, 0, 0.5078853608704621, 0, 0.9561872961061038, 0.2923180564443415, 0.8338142130517728, 0.6359119147717094, 0.3872112499077763, 0.19285897622676534, 0.415591745202447, 0.14113953295533935, 0.2084958426047856, 0.6295161059143849, 1), (0, 5.420861513062413)),
    ((0, 0.19227958685223334, 0.32744786619560257, 1, 0.37652495883509135, 0.8590729202513565, 0.08853735700306797, 0.31055893750408337, 0.09787771508484877, 0, 0.23664687448258093, 0, 0.4197783585323695, 0, 0.6711871451051326, 0.6452205653771961, 0.9000411561427287, 0.5139803317661842, 0.879311851434698, 0.5917598797811991, 0.16780882558903026, 0.43978432126970274, 0.4612363201724672, 0.6663947307213127, 0.2692890377590522, 0.5230877541136774, 1, 0.8636670411219756, 0.5741437251032387, 1), (0, 5.3683012186823955)),
    ((0, 0, 0.21480336870555503, 0.4872147206719113, 0, 0.15238986806069144, 0, 0.41447431423543024, 0.5228598608033319, 0.14849265295032055, 0, 0.7090025789873231, 0.1338041824447806, 0, 0.999837338596441, 0.24990948031546117, 1, 1, 0.11091667754550161, 1, 0.5893360228477231, 0, 0.7853660494069062, 0, 0.7141779682909353, 0.6585252055843905, 0.15624203857568675, 0.5333667844709649, 0.36576799402258653, 0), (0, 4.397185653746326)),
    ((0, 0.5217256784039149, 0.6758173516348309, 0.4200064719932373, 1, 0.012896546603911818, 1, 0, 0.19240126083811093, 0.2989648584415563, 0.0285188035607441, 0, 0, 1, 1, 0.4192946537009457, 0, 0.11647854298606977, 1, 0.09392748497330072, 0, 0.6804458607248264, 0, 0.6097028929939451, 0, 0.33288095053468225, 0.31875156271806393, 1, 0.5981537126416864, 0.7630693991538117), (0, 4.74990773403906)),
    ((0, 1, 1, 0.9292441101078535, 0.7398299476673648, 0, 0.9130159801300777, 1, 0.005386506767363186, 0.9218983921985786, 1, 0.46841513276302404, 0.9847533548386354, 0.18813822416754133, 0.49831486452783674, 1, 1, 0, 0.49978586622901067, 0.8260017117578491, 0.06281777963296431, 0.18291777296096534, 0.12155998678573188, 0, 0.09973152431724491, 0.5911976473823315, 0.603334125758494, 0, 0.6149711224396494, 0.7740865718478485), (0, 5.973400193121493)),
    ((0, 0, 1, 0.6610003576223358, 0.45604938855141974, 0.8873533117339392, 0.45418695059505043, 0, 0.3339556697425857, 0.49434483259453915, 0.540289402365452, 0.03465464360800785, 1, 0.27517555464030186, 0.8444575344595785, 0, 0, 0, 0.6426716216973389, 0, 0.15194287763178987, 1, 0.10971051543201782, 1, 0.18921158858533493, 0.5477602248442909, 0.8975920858018607, 0.9217527102305103, 0.005441465376655241, 0.6629673653391828), (0, 5.068781479574818)),
    ((0, 0.5558813454630462, 0.5194359119725663, 0.23213053580960788, 0.7227102455282094, 0.889790634105089, 0.754858873298252, 0, 0.7622251090306509, 0.648070051963244, 0, 0, 0, 0.9052882424406501, 0.3203264506044753, 0, 0, 0.14407237799145545, 0.8605621823061814, 0.48943355720834947, 1, 0.8985407956735362, 0.13239538902272716, 0.339927185915149, 0.12559735171815262, 0.5216571210954106, 0.727550743590105, 0, 0.8494019769097934, 1), (0, 5.1585760253386175)),
    ((0, 0.14316863065888522, 1, 0.14772919113227703, 0.6699711364376975, 1, 0, 1, 0.26297546206168526, 0.8578023334027551, 0, 0.7325556475362797, 0.32391975803370304, 0.6644831130046609, 0, 1, 0.5905434230867075, 0, 0.2756916697048624, 1, 0.7756190166664918, 0.23073950012967478, 0.4848652505195067, 0.3139615654091372, 1, 0.22941832829701322, 0.553349147576316, 0.6664879557366434, 0.8182516725224147, 0.37483419520059624), (0, 5.6912863094502)),
    ((0, 1, 0.18929060284962507, 0.45143675241538384, 1, 0.4466747622379026, 1, 0.30210468303373494, 0.5270103596030635, 0.9038987254605363, 1, 0.8062212163074663, 0.008001016441146064, 0.5067157739434258, 0.37554357865633475, 0.8171148045271457, 0.46570803623379436, 0.3284061311426383, 0.38600285692311176, 0.9047177656420793, 0.607761520366382, 0.3927235339036765, 0.9269977490932645, 0.2583743371190095, 0.3394473320498216, 0.6491911459289167, 0.6474811448112359, 0.302628546117187, 0.0639162128776741, 0), (0, 5.843666113419345)),
    ((0, 0.23532941090525417, 0.48927242915695907, 0.8118218981690221, 1, 0.37923480527778947, 1, 1, 0.19598860341166632, 0.702124878096714, 0.3082145167132078, 0, 0.08663113974332586, 0.9014506225662495, 0.9673140798706904, 0.49613449711411983, 0.229202163350668, 0, 0.6893731112270671, 0.40182059969393047, 0.30549972130644854, 0.32998788208730845, 0.02966260949415811, 1, 0.01254380544301207, 1, 0.5082546445749949, 0.17631978345852392, 0.7107389211823805, 0.5158291986549515), (0, 5.494646341154689)),
    ((0, 0.31184977334994574, 0.2888490512394806, 1, 0.3043783375009433, 0.14969890824400356, 0.6070268106263879, 0.15559535112754788, 0.28422300174418247, 0.7045106812478511, 0.14469475331328352, 1, 0.7981818404083755, 0.5214233867188711, 0.14097426535719138, 0.9999217503184699, 0.04171291669964189, 0.8668155168339129, 1, 0, 0.5020202874694508, 0.42124071185691514, 0.2551571480585871, 0.7546350296690022, 0.0024307401717339645, 0.40245997404229394, 0.14275636628120364, 0.5421786748917103, 0.48441073304250937, 0.4981927115105702), (0, 5.135449948121261)),
    ((0, 0.7756980828465792, 0.04413650558489657, 0.7017635473254091, 0.8990081773648794, 0.1924090679316447, 1, 0.759925178279875, 0.6123900515151774, 0.2636586577154774, 0.7475146937341793, 1, 1, 0.8540907709515306, 0.6226734950053793, 0.1527400687137246, 0.5591892622462502, 0.12270007310305164, 0.5232633075644857, 0.1975431108089843, 0.8876500671361076, 0, 0.5157742242274674, 1, 0, 0.13559291767006054, 1, 1, 0.5685075476656493, 1), (0, 6.318139974707492)),
    ((0, 0.4611463935176384, 1, 0.6594403905037858, 0, 0.056473655018694835, 0.9784133821132817, 0, 0, 0.31912059465098164, 0.15641995585597657, 0, 0, 0.8644467314265705, 0, 0.7562678391118292, 0, 0, 1, 0.022977257062528122, 0.5334873262047087, 0.007453942948323911, 0.10724881628890144, 0.6288145296081086, 0, 0.4715711710508088, 0, 0.6461120647910831, 0.4916399642813394, 0.6799190518467106), (0, 4.054088882639015)),
    ((0, 0, 1, 1, 0.20603817383719614, 1, 0.24966735853301314, 0, 0, 0.6044480334603664, 0.5946035340582512, 0.14790021034890796, 1, 0.31178675757242436, 0.10634665551069558, 0.39205513431680633, 0, 0.25727898278228756, 0.7743796416969141, 1, 0.22121866253276612, 1, 0, 0.49019181449502974, 0.3119122873035785, 0.473743740586289, 0.4818237597745013, 0.8973092898643413, 0.10602963660885678, 0.89576566331775), (0, 5.196637725151716)),
    ((0, 0.16908540138380246, 0, 0.3666988036636244, 1, 0, 0.6980221933817689, 0, 0.6894271734494714, 0.17364227340265415, 0.3551258998307386, 0, 0, 0.4346887276269312, 0, 0, 0, 0.38580201570212225, 0.6719237505417265, 0, 1, 0.6765713984691806, 0, 0.7893988206049218, 0, 0.44811634428491487, 0, 0.7733384454501058, 1, 0), (0, 3.989192111383713)),
    ((0, 0.6253958242780463, 0, 0.8055564009315526, 0.6863814907232102, 0, 0.7695126839650133, 0.826993896575597, 0, 0.36878928908995856, 0, 1, 0.2839450943942957, 0, 0.7029786219873162, 0.9604627257678453, 0.4753899554274722, 0.06316964567307222, 0.05372572756121896, 0.671829752506024, 0.07758922348444508, 0.3429030630107444, 0.3846489566339871, 0.7859025529614359, 0.1796716282554739, 0.3612595920043631, 0.399984307467782, 0.22294900695930747, 0, 0.025446832197099756), (0, 4.436909532644737)),
    ((0, 0.22901706787300116, 0.278792769624282, 0, 0.3052944204183423, 0.4898703079314005, 0.4369084781339886, 0.41896056145207144, 0.5563324376345875, 0, 0, 0.8187143717363932, 0, 0.9292112769673515, 0, 0, 0.4985178812078729, 0, 0.5066177636556686, 0.35189160145315945, 1, 0.8870084734479458, 1, 0.8310328615491342, 0.10482675928680948, 0.637707384075191, 0.6730299058964719, 0.030543122921633553, 0.7033224746144245, 0.3114196170092547), (0, 4.72383364937934)),
    ((0.42629936754829, 0.5526228975833665, 0.3058823331676568, 0.3843008909379103, 0, 0, 0, 0.11249301016117863, 0, 0.6920140503231844, 0.2813499084973885, 0.3534441588989611, 0, 0.004632879195194062, 0.25968708491960246, 0.6389561257407868, 0.544274388121108, 0.3010813562652361, 0.6136093665247081, 0.18560157816538014, 0.5023325028771535, 0.1870305201526518, 0.3638715801456248, 0.3264464072741592, 0.2787091233405202, 0.3041958774731807, 0, 0, 0.7035400260140432, 0), (0.42629936754829, 2.2376796335014357)),
    ((0, 0.09472223666960039, 0, 0.6180298301547513, 0.9527879446799443, 1, 0.6361234777778878, 0.27182202029387126, 0, 0.7115723830545625, 0.17935328649172635, 0.7545141930086752, 0.2789096668913436, 0.5728970234138184, 0.3131122796697762, 0, 0.28431380131785466, 0.747092560409367, 0.3567792273204726, 1, 0.42627784244497624, 0.7572063646706473, 0.13013971137129107, 0.3788973192084194, 0.3658222202624858, 0.8941659422980925, 0.171432560824728, 1, 0.702654248622238, 0.8118368306550229), (0, 5.4722126463311715)),
    ((0, 0.00688236218833993, 0, 0.6957335826498872, 0.48334389449769843, 0.29890569616248175, 0.8077534864445015, 0.09577857418561364, 1, 0.8544746736496365, 0.4877530767054185, 0.47272669616624974, 0, 0.895378474292942, 0.6553835852392136, 0.009450252286851757, 0.21767955994745203, 0.603266712109291, 0.5195129993643354, 1, 0.28718521366868627, 0.6414086916903796, 0, 0.5998439613175671, 0, 0.42167432677567573, 0, 0.7399230874440466, 0, 1), (0, 4.97057000555436)),
    ((0, 0.1301080576978021, 0.20585502369270936, 1, 0.3551010148203023, 0.25701935219679195, 0.9747789485213507, 0.08742273337971307, 0.2907736668321854, 1, 0.30040510715557966, 0.9007699237760546, 0, 1, 0.6464984957312806, 0, 0, 0.5131233533230772, 0, 1, 0.41332918783195527, 0.6900392022230059, 0.12133760583846753, 0.35232253777033823, 0.053530465593773106, 0.5341554288214118, 0.15719758491221528, 0.30295424690580597, 0.8282539946281455, 1), (0, 5.070164944305783)),
    ((0, 0.5532769683524219, 1, 0.9737637437935006, 0.8714292869214237, 0.22668592908455243, 1, 0.2382410575742826, 0.4196956438461095, 0.9076494398166677, 0.2770656211537396, 0.9320252491615773, 0.6359811905364942, 1, 0, 0.6644578403116548, 0, 1, 0.6433583217074793, 0.6516261195620966, 1, 0.7029758231439127, 0.6824294969598186, 1, 0.48149324464910537, 0.5529907956136173, 1, 0.3875384870947583, 0.3578864935164745, 0.5236938106879725), (0, 6.798564864530654)),
    ((0, 0.297762988172773, 0.8435769041608486, 1, 0.7656429787744921, 0.9517404688819351, 1, 0.7237136369381217, 0.22523648975554666, 0.9922604812848657, 0.5712911006329349, 0.5105977495341875, 0.983472110591715, 1, 0.44821674838800424, 0.8847447752240298, 0.9967806657921591, 0.24361954118114404, 0.8399391759500269, 0, 0.13840307825297432, 0, 0.05039987414193614, 0.5410850769436506, 0.5472345806086387, 0.3460717515050905, 0.470172819946027, 0.399852930485706, 0, 0.9997317289621189), (0, 6.204963065688978)),
    ((0, 0.007993508595098009, 1, 0.6587947969617887, 0.260030914625173, 0.42057541281757127, 0, 1, 0.8923338682444024, 0.3403293877990252, 0.500433858987136, 0.9266764096415222, 0.938039682241421, 0, 0.8476229348312717, 1, 0.2385556905136256, 0.5923068441058285, 0.5856206369692862, 0.6595141086161574, 0, 0.15009317684471268, 0, 0, 0.9958262181254656, 0.04600852282662238, 0, 0.17040989093070938, 0.11689298572530654, 0), (0, 4.832156194642039)),
    ((0, 0.26322509388958054, 0, 0, 1, 0.16219359368325315, 0.9778315405743384, 0.5325450116337568, 0.6220949236736237, 0.5038053057186863, 0.04366261409588834, 0.9288421266629785, 0.5685855953953038, 0.35416696547750304, 0.37281294755293093, 0.2853372793761099, 0.8015257767243784, 0.6863476646046183, 0.090193571101571, 0.1421616546531184, 0.6252658324893594, 0.379784848535855, 1, 0.7901991422625252, 1, 0.1557729771183255, 0.12241593047604149, 0.7558112136917122, 0.18946677339298687, 0), (0, 5.144359842933103)),
    ((0, 0.25019764614367634, 0.30677710412301507, 0.28252546745601337, 0.595998470873575, 0.01260624975971203, 0, 0, 0, 0.7966070826387364, 0, 0, 0.34062532578241433, 0.8517607561833769, 0.45008575497871245, 0, 0.2972386577656809, 0.23695753142454595, 0.9447076464780346, 0.6334562095703379, 0.16158776584306178, 1, 0.31924960512744205, 0.15416904393574596, 0, 0.7137847956468941, 0.20337219025744768, 0.0874392495223677, 0.6998621608105007, 0.21628413708394373), (0, 3.965435712505073)),
    ((0, 0.3221741949673126, 0.8187821657834783, 0.957549064855356, 1, 0.27946424956800275, 0, 0.4008820453016809, 0, 0.8500730097073038, 0, 0.05054458835092834, 1, 1, 0.6539257021390872, 0, 0, 0.2599150804029161, 0.07905228134794107, 0.758293407352266, 0.31405558927151056, 0, 0.02158515518797066, 0.6032254814576807, 0.20594601639271565, 1, 0.3085051136278085, 0.9384072766416743, 0.3633120462360229, 0.5113016410721269), (0, 4.940446447826693)),
    ((0, 0.5753757663762059, 0.3891151919028397, 0.5010825474066103, 1, 0, 0.5557545438882134, 0.5290460295569048, 0.08915715912526566, 0.8777504841664661, 0.15982164782228156, 0.2757319591918562, 0.02591713818215602, 0.7588010879884137, 0.8657278454921946, 0.07622484962668702, 0.22685060556768089, 0.33348382252099695, 0.7412452639305129, 0.5169368693160498, 0, 0.3831163604813015, 0, 1, 0, 0.9697910185141801, 0.5574710582175465, 0.23288862358505114, 0.5275474899309155, 0.29032162135404427), (0, 4.866635546803427)),
    ((0, 0.6069087531591648, 0.14535175526828392, 0.45610730112064984, 0.3863847212607838, 0.44737811279784134, 0.5691619868287194, 1, 0.1779727740108119, 0.5113288728959077, 0.8702241965613541, 0.8076830113328689, 0, 0.3418514215397165, 0.5875134621072906, 0.5911855773460131, 0.9746955772875794, 0.5634140587972627, 0.07914454911809343, 0.6127083929096218, 0.42423032385282927, 0, 0.7084170844389917, 0.40263500079192915, 0.6621734976100528, 0.5816570265679987, 0.9140078077138335, 0, 0.7266091901459384, 1), (0, 5.7013344861783395)),
    ((0, 0.6019409884947432, 0.7943203468665352, 0.48952058094947093, 0.5593545163938991, 1, 1, 0.634884204355443, 0.01246138609678829, 0.731483794296079, 0.4666460964469479, 0.6044661606079595, 1, 0.45880670200943463, 0.3728451140138609, 0.9786887522825478, 0.9662180533619908, 0.23954334646184583, 0.9477214505510205, 0.6040138503600996, 0, 0.713475055671851, 0.8929348320893102, 1, 0.7590466451906307, 0, 1, 1, 0.036670186404133, 0.3138144116973849), (0, 6.64171407832475)),
    ((0, 0.24390498195488985, 0, 0.4810156790500444, 0.8825615332934251, 0, 0.7794055795038859, 1, 0.6955321990707655, 1, 0.09070901389926668, 0.6959054295476841, 0.8568734315290633, 0.5548827153565815, 0.7773442149559386, 0.6428957897709382, 0.5395827822710838, 0, 0.49474207646561236, 0.38541098236647453, 0.3114780274615294, 0.3225098047475887, 0.6344394680673111, 0.659222691850577, 0, 0.6325830843013158, 1, 1, 0, 0.7935916038651482), (0, 5.8024593035849)),
    ((0, 0, 0.7387005219974896, 0.07032942949485971, 0.12458518792132744, 0, 0.539876154303049, 0.24959042248004876, 0.4087248842025672, 0.40009857152834, 0, 0, 0, 0.013237276241785945, 0.2315818356565858, 0.28199556246118807, 0.7308891706211808, 0, 0.547462637375526, 0.37263726289432625, 0, 0.19889873873554934, 0.7963745479626151, 0.14324012450907445, 0.30420647792835487, 0.7770890796399922, 0.12491902344089655, 0.17596827567086903, 0.43627776039585714, 0.7760591346385799), (0, 3.620161335203468)),
    ((0, 0.5466698496513623, 0.050894904648945916, 0.32037952400627917, 0.9128818143721533, 0.787690590630572, 0.7924996577808794, 0.17373008433774673, 0.2351333855145055, 0.29058357004600693, 0, 1, 0, 0.20897489087801846, 0.39912208976586205, 0.19234701292355127, 1, 0.2574768603376234, 0, 0.4751782452173533, 0.7169468257588885, 0.43359675980133955, 1, 0.7100935540212552, 1, 0.6270325962377898, 0.22591169846577192, 0.8706035430671564, 0.11479995903899931, 0.8521998586526793), (0, 5.405266395737679)),
    ((0, 1, 0.08323634606360142, 0.7902481443538525, 0.330034218331943, 0.5746367073581647, 0.8236848811674619, 0.9435765980934057, 0, 0.7436201398817026, 0.7192139678081186, 0.3770939654876082, 0.7381267598390004, 0.5728756126783593, 0.14013920486262532, 0, 0.6772226590076695, 0.30768058342451826, 0.8910451696138729, 0.08776347260407802, 0.4261727486536415, 0, 0, 0.31509336690833945, 0, 0.7250265384663339, 0.48066531102760257, 0.4622405355016734, 0.3249200631617445, 1), (0, 5.200305274091651)),
    ((0, 0, 0.8774976491519617, 0, 0, 0.7762614818557877, 0, 0.7506133026548809, 0.2541883287221308, 0.9470317924301844, 0.04692712811113198, 0.38544516487753666, 0, 0, 0.0953783816893059, 1, 0.5608215428390368, 0, 0.19702112785185322, 1, 0.6309503742924405, 0.6733704589403551, 1, 0.3366389628679841, 1, 0.33134965537819816, 0, 0.9827915080344383, 1, 0.25878857161116264), (0, 5.067092375233638)),
    ((0, 0.8982004894250079, 0.7946946691079175, 0.8947698135632088, 1, 0.5215208640315403, 0.8977233221458631, 0.5800914010308007, 0.14907800731172843, 1, 0.9190855959725852, 0.7643612984859742, 0.1428662505982654, 0.6110915658371419, 0.410055976973145, 0.878002839446232, 0.5522997241554723, 0, 0.6008551735747949, 1, 0.5999185187836816, 0.7480093697788128, 0.699097407236258, 0, 0.29180727102688825, 1, 0, 0.517909476613671, 0.3344044357167164, 0), (0, 6.215606594391081)),
    ((0, 0.1114072491573645, 0.27982926041442713, 0.695721996287531, 0.5451521528500554, 0.5277036628100537, 0.5760966964518599, 0, 0.008213529565672631, 0.8948114671613374, 0.33614743221402793, 0.5345731309177763, 0, 0.6411244775323259, 0.19969112815259862, 0, 0.4187510666243055, 0.2803795895537914, 0.921777207546888, 0.9136885695494815, 0.37111266960390726, 0.6715453460376465, 0.16508172741128008, 0.5108786700713004, 0, 0.6778668191284367, 0.11700375345587122, 1, 0.42406676526733783, 1), (0, 4.97943514861681)),
    ((0, 0.8061400648338293, 0.3126003790455263, 0.7365948237881832, 1, 0.1356632701259966, 0.6022151650935688, 0.9179025512898364, 0.6053622901522316, 0.4097473158312093, 1, 0.9219902013579178, 0.6772268899209537, 0.9523639681686877, 0.498956369969911, 0.9818364122617809, 0.6214932633059337, 0.49554748047325137, 0.5685033495936157, 0.025991361152889803, 0.17279436182467656, 0.0845118395551269, 0.40139560854209144, 0.9271103148014264, 0.08942871528252544, 0.2524013950387827, 0.6354576204589619, 1, 0.5661373406626413, 0.9109034088837245), (0, 6.3721545466461205)),
    ((0, 0.0871758101956113, 0.47046469826961657, 0.43413989625419525, 1, 0.5421245142215714, 0.3430022189897116, 0.07010121114830892, 0.028598445001363687, 0.7461349428267398, 0, 0.4438659134998221, 0, 1, 0, 0, 0.8211883393746439, 0.9022790507460239, 1, 0.9224919166658837, 1, 0.26088672007941904, 0.662678709515397, 1, 0.881024364292829, 0.5609211791114977, 0.06315971527069686, 0.46525096937701993, 0.6917891076858445, 0.7074699998066615), (0, 5.6876803276205425)),
    ((0, 0.055272027883738695, 0.1387172559765858, 0.6107852400446101, 0, 0.3917710953422103, 1, 0.9571679289758815, 0.40516704242348667, 0.37915455297480527, 0.5364474613633284, 0.7464635364558196, 0.4326198119202455, 0.3706927601160024, 0.6478102765773173, 0.7912007596968684, 0.2239482282577182, 0.9578025527237797, 0.8462920773875544, 0.8049873008047634, 0.1835671848976988, 0.6854167133517148, 0, 0.3394674609039976, 0, 1, 0, 0.26055847388516773, 0.7116370928379466, 0), (0, 5.182500741834868)),
    ((0, 0.26160766872117414, 1, 1, 0.7383218106291343, 0, 0.795867321551788, 1, 0.23241055570369923, 1, 0.4795250139839221, 0.05031836324709202, 1, 0.6973719005409603, 0.42174007475319525, 0.4956951289958684, 0.7172736631067216, 0.3021219861247015, 0.964171703169145, 0, 0.12453794981158117, 1, 0.2714375991052331, 0.5764506494217922, 0.7394012524958887, 1, 0.8720297795452557, 0.11004024473059076, 0.14590012680468495, 0.8977930709651101), (0, 6.2429704403678565)),
    ((0, 0.13461815319042125, 0.36540595925787445, 0.47684517279550975, 1, 0.4077778202835129, 0.33033991385651795, 0.27759608716450235, 1, 0.7702167812087632, 0.3198683500448302, 0.6033884546417784, 0, 1, 0, 0, 0, 1, 0.9433217828286694, 0.5111918993659049, 0.66356368475534, 1, 0.5690709076768785, 0.9989125979851479, 0.6949713525278671, 0.5966817736838266, 0.0961610865213289, 0.2781258107466309, 0.7169742554484829, 0.9210132164161021), (0, 5.864979501503414)),
    ((0, 0.30786039712414287, 0.6714052256454741, 0.7676174589351393, 0.9399128902302414, 0.4643293318077526, 0, 1, 0, 0.910299470965265, 1, 1, 0.553553014875185, 0.8454564599842915, 0.18955700844321643, 0.968388205741815, 1, 0.2374628396204456, 1, 0.6022486677962761, 0.09961599270513233, 1, 0.1954862476694974, 0, 0.11977262097330144, 0.7970047261099507, 0.5603516245559088, 0.3092890231276094, 0.4985435334275453, 0), (0, 5.977358367504955)),
    ((0, 0.304594844439146, 0.1275498556133603, 0.5090496019062707, 0.8837054786834242, 0.001656871025780715, 0.5570682461178873, 0.6941826686299344, 0.9020132464955865, 0.157476769021335, 0, 1, 0.0620973862485783, 0, 0.5198946965890535, 0.4891454368784724, 0.3137498933407654, 0.29355966873465633, 0, 1, 0.5262539826962287, 0.4181208163875221, 0.6993352372958048, 0.6491606311707274, 1, 0.0510255587370424, 0.272299339471318, 0.6583090723529461, 0.1215640048657512, 0), (0, 4.789873095183252)),
    ((0, 0.7228551895949133, 0, 0.15439044538163504, 0.16249700708924342, 0, 0.7156390288097032, 0.7655393782170041, 0.10468625533961351, 0.5378563350175376, 0.654411728704397, 0.6920516412596, 0.25264493045723324, 0, 0, 0.7214173099824821, 0.6991785462847792, 0.630766089881656, 0.9590715732475796, 0.8358927060012389, 0.68847434299306, 0.9080335998874098, 0, 0.33873947872005084, 0, 0.3257568665942117, 0, 0.4414423425868834, 0.6358810097494054, 0), (0, 4.707759732834369)),
    ((0.18048024228178472, 0.4317683615218884, 0.7779661982893371, 0.384433253195174, 0.3347122654785013, 0.006069407893446899, 0.1655093051470859, 0.2673100818430979, 0.5059246799341383, 0.4219697058246311, 0.31550302038097633, 0.6278220318622831, 0.026855603756106294, 0.21503347766083747, 0.2852640588805123, 0.4950386966278546, 0.6263946456768933, 0.365342622744954, 0.5404453870643686, 0.39542248453828643, 0.2659177977630509, 0.1217978468240909, 0.5382299364410106, 0.0650138671138284, 0, 0.5077544225981598, 0, 0.3776122090566821, 0.8151087424427972, 0), (0.18048024228178472, 3.2096058805008414)),
    ((0, 0.2828989263508481, 1, 0.7527962666411706, 0.7265201379361195, 0.5737815567477863, 0.7518506740507794, 0.09308961680002115, 0.37112503081994497, 0.8269151193256369, 0, 0.03720739865486078, 0, 0.8307489463815406, 0.6333722455203117, 0.2654204998798322, 0, 0.17629998919135453, 0.6247686049447561, 0.7658393692639622, 0.7675325773526064, 0.8677495739072798, 0.31100311888805665, 0.44687299906838585, 0, 0.794779032920944, 0.34726300230829044, 0, 0.6851074196309404, 1), (0, 5.324016515836857)),
    ((0, 0.1358418033606109, 0.7717372380557641, 0.21603287240442326, 0.13447119927472334, 1, 0, 0.5917032438599829, 0.4399449540532348, 0.049138494759670026, 0, 0.9351542542175588, 0.1652842375425566, 0.26022506340911533, 0.05715489188306652, 0.7599490711388974, 0.5046835097047006, 0, 0.43545288067168064, 1, 0.6847259610341729, 1, 1, 0.6608155878290394, 0.47720805250110254, 0.5535022826185253, 0.34706846101009675, 0.06864453457850195, 0.8230035034394045, 0.6672046146184294), (0, 5.263811048540942)),
    ((0, 0.29907079399588177, 1, 0.33007564239767384, 0, 0.6507724470903279, 0, 1, 0.32288568841847676, 0.34665085272580387, 0, 0.7076683383101524, 0, 0, 0, 1, 0.5753759815641492, 0, 0.2571551062553161, 1, 0.6729589289212026, 0, 1, 0.4329365413279708, 1, 0.2030904036874358, 0.26263376881362555, 0, 0.30682159289789157, 0.6702418629819716), (0, 4.736035915327274)),
    ((0, 0.49898623940065495, 1, 1, 1, 0, 0.16044895974200934, 0.7513809346975404, 0.5121196386812585, 1, 1, 0.457989068969652, 1, 1, 0.3830316811857447, 0.7959420152227281, 1, 0.2952123943144876, 0.9849167194725693, 0.007198220133512803, 0.0184598337038544, 0.2941802369808686, 0.7752447935484925, 0.7010334340752371, 0.23706514373133725, 0.9132380433767036, 0.8588531753056426, 0.6758444517224079, 0.15456457484290254, 0.443791737894945), (0, 6.561224540449068)),
    ((0, 0.689506687350829, 0.7139961221485958, 1, 0.8872907456065743, 0.4552284431601019, 0.7872537940177169, 1, 0.2263264336210744, 0.9539776238034043, 0.6138492198813338, 0.9861529493342981, 0.9508534524612593, 0.8794711126330771, 0.5794947400566943, 0.9346778419445593, 0.5236734019232796, 0.18587041762438528, 0.6179276132136516, 1, 0.09189666266596505, 0.45408895823009954, 0.12751490504313234, 0.2711722050576517, 0.3296746446993094, 0.4973495853671943, 0.5403156064880432, 0.5084198443707505, 0.4427063682802014, 0.5085238348725091), (0, 6.5108592732655595)),
    ((0, 0.46923466426301635, 0.5752873509439314, 0.5705538678222002, 0.8852889558826642, 0.2414107880495574, 0.5100414357881579, 1, 0.35761278535113566, 0.7370848671716501, 0.6954189535011388, 0.9679176852529741, 0.7966007727417548, 0.9220988668392767, 0.36113883457444146, 0.7557320929650166, 0.8112228197917372, 0.6140675273730403, 0.4082547110722844, 0.5048603993046406, 0, 0.026462494238253087, 0.6911132778121831, 0.3517252235658852, 0.510775486553396, 1, 0.8232870511252972, 0, 0.6001556842142362, 0.7973299404175244), (0, 6.2711065113633975)),
    ((0, 0.61621139770735, 0.9071671153502894, 0.7605060735280305, 0.1872345930904955, 0, 0.7417526786536234, 0, 0.2676958115629945, 0.6411919171144734, 0.17372773136324096, 0, 0.42203865562147147, 0.9005026986600064, 0, 0.7609445496480484, 0.015365374668456222, 0.7960703949314993, 1, 0.1124554923725079, 0.7832756402013739, 0.5199134806034469, 0.24920837777482957, 0.8072091931225114, 0, 0.5096219678467598, 0.007394249994199131, 0.48777768480505734, 0.5566521881596669, 0.8731730343682166), (0, 5.064614231390928)),
    ((0, 0.4388522178622603, 0.4356785019193995, 0.5816965479198168, 1, 0.5079544818001536, 0.674301607768998, 0.2572113686622688, 0.5914494088674545, 0.7703332528261169, 0.39503383968707223, 0, 0.014972915712214707, 0.8079959930649729, 0.12682712318967376, 0, 0, 0.20789090538324081, 0.7374087211101813, 0.027209801435147618, 0.26573785820942625, 0.9127249351086387, 0.2837132695465719, 0.9646305711555658, 0.05456563720515917, 0.7251847763854968, 0.04559212486980982, 0.6097304422109954, 0.5989504717855383, 0.2849080921978355), (0, 4.823620475619175)),
    ((0, 1, 0.7059805696829599, 0.19693037652908826, 0.4865948027206909, 0.0013508757029124796, 1, 0.7559599351018593, 0, 1, 0.4130693731780738, 0.6457592361331301, 0.8844855239349361, 0.27234406402376143, 0.45888045226844154, 0, 1, 0.33496469764594006, 0.7577697966703586, 0, 0.4203277616156617, 0, 0.11643827110492388, 0.12454917309906788, 0.059556235836584315, 1, 0.5218405685919503, 0.46839433658409746, 0, 0.9211597512153668), (0, 5.204041455681318)),
    ((0, 0.36349533241657483, 0.592336912878938, 1, 0.4863273732119499, 0.5937124717132751, 0.2503045401431506, 1, 0.3253016360645208, 0.2423884952064964, 0.4473398579369354, 0.4114841245211588, 0.381768337501749, 0.1617984381298002, 0.4569231016993888, 0.5800745022147132, 0.7826692405990233, 0.648844773059972, 1, 0, 0, 0.3184626097715515, 0.5028044476923607, 0.6295992171206837, 0.25123404223680246, 0.3492655337726815, 1, 0.910852663541093, 0.5230452934010741, 1), (0, 5.720355051845002)),
    ((0, 1, 0, 0.7028382458079755, 0.9751140694579223, 0.1474261864415981, 1, 0.8979480081318831, 0.8657198582244046, 1, 1, 1, 0.6696292711211049, 1, 0.6514993219976606, 0.7799983212943766, 0.5842855560929962, 0, 0.5944276929495126, 0.5385721639929979, 0.29791794940913213, 0.05139398231869308, 0.4147503231224936, 0.6084519855195655, 0.1529143415277085, 0.617641636009257, 0.9025686250319251, 1, 0.09071511602378413, 0.831217614475728), (0, 6.702595600708843)),
    ((0, 0.7638969468920854, 0.5234231596784773, 1, 0.7404457259270455, 0.2252197142278498, 0.7128541016068656, 1, 0.1533032210899976, 1, 0.5517429323221577, 0.705800298145992, 0.37744252440670195, 0.9234702815484868, 0.031127251516651744, 1, 0.8058321861560019, 0, 0.7201361430666497, 0.9934283594033215, 0, 0.7516260769325964, 0.04645537177144449, 0.877003501857354, 0.2430012927031323, 0.8515358299312036, 0.5869890645593656, 0.23409463844039946, 0.6579852199235504, 0.5149982401350991), (0, 6.2733209910407535)),
    ((0, 0.6116280799505933, 0.7948025952692961, 1, 0.9710819930096386, 0.9221083931772711, 1, 0.46721136582605466, 0.6484430495274576, 1, 1, 0.3425703567707293, 1, 0.5587662541930208, 0.7232160758285624, 1, 1, 0.7754746733548845, 0.5448237768406123, 0.7112369602072961, 0.2901275845654757, 0.8246843667765617, 0.20327606951724975, 0.5658904187663747, 0.1853745754730357, 1, 1, 0.6969442950540279, 0, 0.9912666302326356), (0, 7.464149918243688)),
    ((0, 0.6551725484740069, 0.8639513190218113, 0.7163284751242411, 0.5383166516288336, 1, 1, 0.7426298974389853, 0.32011427919534996, 0.7110717771336392, 0.7487480780418981, 0.7840600004629616, 1, 0.7570812376018916, 0.43653270261288524, 0.9640472704163644, 1, 0.4762650110473954, 0.8670195379320498, 0.40908882207552466, 0, 1, 1, 0.4896017251448146, 0.5221167831898952, 0, 1, 1, 0.31021200573113994, 1), (0, 7.303835279326316)),
    ((0, 0.24186594790252047, 0.8651224211621049, 0.7321032939372131, 0.4418359617496274, 0.32748369218012097, 0.7134579713400577, 0, 0, 0.7600499574653794, 0, 0, 0, 0.6822859310933544, 0.41057669648388906, 0, 0, 0.3063382975719987, 0.9221384907346887, 0.656178788857192, 0.2267471619714937, 0.6207245221118399, 0.3606135578235654, 0.34616491878740985, 0, 1, 0.4442951229636353, 0.5046659207173885, 0.47510495790214113, 1), (0, 4.735854569475883)),
    ((0, 0.613661088743692, 0.41037803865157296, 1, 0.535854614677766, 0, 0.798629555645096, 1, 0, 0.552548199507651, 0.2605900548195267, 1, 1, 0, 0.7683148564037791, 0.6805817034296799, 0.6441145869057766, 0, 0.18256903707097893, 0.7263957209989051, 0, 0.6144347493279377, 0.2827434669562394, 0.7442248672468921, 0.2934818445733723, 0.8614642313633505, 0.27963178136652533, 0, 0.0434182696043951, 0.2622235810146565), (0, 5.206804904647246)),
    ((0, 0.32243431283344787, 1, 1, 0.8438300895611069, 0.2849503971695573, 0.8144808485305765, 0, 0.3384008693801113, 0.7566941024714424, 0.19166262707052328, 0.6337711150342722, 0.4161551208468965, 0.9083459452015962, 0, 0.5881248435669054, 0, 1, 0.6620277333906974, 0.6617567352078655, 0.7010959529334899, 0.7651687356676264, 0.7751156494342837, 1, 0.5419447091757862, 0.5888632638501682, 0.9565653722046088, 0.8597618772789952, 0.2711854795071892, 0.6037048036889974), (0, 6.426702250208804)),
    ((0, 0, 0.9469270185029073, 0.6660453504690633, 0.2950763273001602, 1, 0.32235599357561767, 0, 0, 0.498364931694499, 0.5704343060464012, 0.19053597813275747, 1, 0.7178199563034441, 0.390036733725036, 0, 0, 0.2976722490011179, 0.6583698890250967, 0.9041910247916742, 0.14682325290587855, 0.7993821529510795, 0.05816150092006245, 0.7729392356518328, 0.18215223711605688, 0.7228658865230584, 0.9948176463174425, 1, 0.30360112152301666, 0.4713108767098104), (0, 5.316860449057729)),
    ((0, 0.34294173737943023, 1, 0.43162034760178697, 0.5089189694052493, 0.8994936756212903, 0.47681803020928953, 0.6436789197507324, 0.4206540064030869, 0.42801132106827544, 0, 0.9394588281301826, 0.1399825433620927, 0.4404153375128832, 0.4704311007901816, 1, 0.4806351065020724, 0.14151799386645886, 0.29678584489252, 1, 0.6371414326753175, 0.3423686496544872, 0.9885205261158175, 0.7117879158505535, 0.8534371432330168, 0.4414380979163383, 0.3148629141992244, 0.68864620818325, 0.6493890211325262, 0.5758127648050136), (0, 6.047686756081023)),
    ((0, 0.6011718180783119, 1, 1, 1, 0.8115804133080617, 0.8635868602349727, 0.8554320899708199, 0.9138350371640876, 1, 0.9685731720597259, 0.43364944334659855, 0.8478330596625715, 0.9819359724016794, 0.5527165201697473, 1, 1, 0.4820917817860249, 0.9553277711367185, 0.7364396647345813, 0.3293784604185282, 0.6698569935031065, 0.3745527672188907, 0.2269209439207951, 0.15061515245652346, 0.9163878749686669, 0.7398115950394779, 0.6185323619365108, 0, 1), (0, 7.526623026953365)),
    ((0, 0.6953119747292722, 1, 1, 0.8376847307400488, 0, 0.8508765441291696, 1, 0.09814407624571864, 1, 0.5570435576238455, 0.825949036803703, 0.8713650212100048, 1, 0.7840954070585295, 0.9060640129895823, 1, 0, 0.6520486028969293, 0.7605372506274869, 0.1608122478989229, 0.5965747350345031, 0.29818709295502727, 0.7823637887470641, 0.40223699104297284, 0.8684700682425971, 0.45160132053435675, 0, 0.5106843318448056, 1), (0, 6.868636452489341)),
    ((0, 0.6584560462546454, 0.2743841049585223, 0.9272962863369716, 0.8727838749801844, 0.7165735531619505, 0.8995385951257873, 1, 0.14464095195243515, 0.9158263529377071, 0.6014141979053471, 1, 0.7327828705915537, 0.9234855829857018, 0.3873603841880602, 1, 1, 0.19233383274025773, 0.8430740368867502, 0.6861982234848498, 0, 0.4529056760495374, 1, 0.5890701129443668, 0.3934024912245232, 0.6390438513189342, 0.9724053960325468, 0.9534128194218732, 0.5618897244767419, 1), (0, 7.311879679090801)),
    ((0, 0.40797698960851747, 1, 1, 0.7014018558025926, 0, 0.20776578910722038, 1, 0, 1, 0.6021825392166195, 0.47718420141805423, 1, 1, 0.4608186786274603, 0.9056271230915985, 1, 0.3091318798920769, 1, 0, 0.16537744063649434, 0.7740065981187954, 0.3334887243369836, 0.5291497306991428, 0.22884406616644132, 1, 0.7835905577252162, 0.5583304595980905, 0.2414333064920381, 1), (0, 6.488854809132279)),
    ((0, 0.25800948002776575, 1, 0.9485857318586135, 1, 0.2871104316656572, 0.7578289444175408, 0, 0.8761218756147444, 0.9699068092933255, 0.3194166779968477, 0.21773588374432573, 0.22281506878962754, 1, 0.10401930585536183, 0, 0.0841832813285025, 0.9389287302178393, 1, 0.5088780664258555, 0.6883300067917364, 0.8395684234941604, 0.6654814660493156, 1, 0.3057508097960931, 0.4935865012826719, 0.9196781353350949, 0.7310118516358526, 0.5476885017811358, 1), (0, 6.488335305193745)),
),)
