fronts = ((
    ((4, -4, -4), (-6.451814594072729, 4.494169208078437)),
    ((-0.88263347113687129, -0.035607383399083647, -1.1699374306845611), (-16.293420404025053, -6.063232938694294)),
    ((-4, 4, 4), (-6.451814594072729, 13.694429590046344)),
    ((-1.2004970837983959, -1.009078160830285, -1.1295551174546323), (-14.694259579017338, -10.907682384153263)),
    ((-1.0134335245555715, -1.0824001122590734, -1.0806331263732809), (-14.79834801579394, -10.710144356546287)),
    ((-1.1419638481482968, -0.74966786714613032, -1.1364035333277813), (-15.225741860911556, -8.9876653881444142)),
    ((-1.0983546255814003, -0.97146084698608026, -1.1466776682146049), (-14.86217682770236, -10.637370799230496)),
    ((-4, 4, 4), (-6.451814594072729, 13.694429590046344)),
    ((-1.0672537273048255, -0.77007658833631876, -1.1064938607390016), (-15.322480866263268, -8.8273192272542076)),
    ((-1.0657914311830499, -0.97295990655159648, -0.89963133011181062), (-15.164805605049727, -9.0382241851846086)),
    ((-4, 4, 4), (-6.451814594072729, 13.694429590046344)),
    ((-1.0137189131995241, -0.75244338601789296, -1.065050977369618), (-15.472926849092488, -8.1981896294216181)),
    ((-4, 4, 4), (-6.451814594072729, 13.694429590046344)),
    ((-0.58229986908960019, -0.41056212407281156, -1.1517571789622907), (-16.502477984497673, -4.0629002917346213)),
    ((-0.09026127808043144, -0.49066486565533263, -1.151017813668137), (-16.83645017716259, -3.7568231855226752)),
    ((-4, 4, 4), (-6.451814594072729, 13.694429590046344)),
    ((-1.1116851807160257, -0.93396202768092795, -1.1295827060141699), (-14.938927885253921, -10.361440036729498)),
    ((-0.074703284632713196, -0.67552536751980552, -1.0936964785616623), (-16.46195997871665, -4.4173317950234505)),
    ((0.016178474344271061, -0.067122288114050743, -0.99258226779947667), (-18.058606121328815, -3.0019691163933739)),
    ((-4, 4, 4), (-6.451814594072729, 13.694429590046344)),
    ((-0.20687737773017259, -0.57786111886644398, -1.1412058551021582), (-16.587506342263122, -3.9454261077301713)),
    ((-0.0054108126223323949, -0.20133202594667177, -1.2324070676419892), (-17.395159795866704, -3.3412376067959739)),
    ((-1.1304577240829889, -1.0529345801230228, -1.1557553933521898), (-14.656742409371017, -11.289061978272654)),
    ((0.10308301426618793, -0.2637190895234805, 0.041099371219263547), (-18.92962885172068, 0.49860718940330756)),
    ((0.064809836375062269, -0.32173993808342982, -1.0325474929875382), (-17.419589404128352, -3.0814815970238572)),
    ((-0.74738831066571354, -0.11349708615142551, -0.083170591196725319), (-18.31933704044116, -0.93313937803226055)),
    ((-0.18877871855998762, 0.19518476477323721, -0.1247975700878986), (-19.018629692331363, 0.71714966704451044)),
    ((-0.82022335599314455, -0.06353458569293835, 0.18915404618446197), (-18.091651421051484, -1.3610759346706085)),
    ((-0.99482316812085059, 0.032264573016320908, -1.1235689625167953), (-16.181639496509533, -6.9493346691584224)),
    ((-0.50288014500241163, -0.090899296985676781, -1.0437403256400113), (-17.138022929534166, -3.4162043372927764)),
    ((-1.0777455415571184, -1.1821139077172647, -1.0958613185239217), (-14.50616757299962, -11.289081961497724)),
    ((-1.0381290890860821, -0.76955031314121092, -0.92659317872539315), (-15.581697380207393, -7.4875813060397469)),
    ((-1.0917066839953138, 0.2936958843547961, -1.0839381871117917), (-15.964668839048004, -6.9587883193428413)),
    ((-1.0845491928789894, -0.1713536381403245, -0.51320858550476567), (-17.002769551441403, -3.5854326781764501)),
    ((-1.0241716927417006, -0.92059954693384816, -1.1483472173050338), (-15.042594472483508, -9.8331567592705404)),
    ((-0.59100667458906098, -0.04974315841132515, 0.25933939980267695), (-18.367029049794144, 0.14865944681453119)),
    ((-1.214750433147108, -1.0087630806340797, -1.0934167954551235), (-14.718534463073293, -10.733020032200621)),
),)
