fronts = ((
    ((5, -5, -5), (-4.8623346886842835, 13.951897251108717)),
    ((5, -5, 5), (-4.8623346886842835, 7.791492659222152)),
    ((-5, -5, 5), (-4.8623346886842835, 13.951897251108717)),
    ((-5, -5, -5), (-4.8623346886842835, 20.11230184299528)),
    ((-5, -5, 5), (-4.8623346886842835, 13.951897251108717)),
    ((5, 5, 5), (-4.8623346886842835, 1.631088067335587)),
    ((-5, 5, 5), (-4.8623346886842835, 7.791492659222152)),
    ((-5, 5, -5), (-4.8623346886842835, 13.951897251108717)),
    ((5, 5, 5), (-4.8623346886842835, 1.631088067335587)),
    ((-5, -5, -5), (-4.8623346886842835, 20.11230184299528)),
    ((5, -5, 5), (-4.8623346886842835, 7.791492659222152)),
    ((-5, -5, 5), (-4.8623346886842835, 13.951897251108717)),
    ((-5, -5, -5), (-4.8623346886842835, 20.11230184299528)),
    ((-5, -5, 5), (-4.8623346886842835, 13.951897251108717)),
    ((5, 5, 5), (-4.8623346886842835, 1.631088067335587)),
    ((-5, 5, -5), (-4.8623346886842835, 13.951897251108717)),
    ((5, 5, 5), (-4.8623346886842835, 1.631088067335587)),
    ((-5, -5, -5), (-4.8623346886842835, 20.11230184299528)),
    ((5, -5, 5), (-4.8623346886842835, 7.791492659222152)),
    ((-5, -5, 5), (-4.8623346886842835, 13.951897251108717)),
    ((-5, -5, -5), (-4.8623346886842835, 20.11230184299528)),
    ((5, 5, 5), (-4.8623346886842835, 1.631088067335587)),
    ((-5, 5, -5), (-4.8623346886842835, 13.951897251108717)),
    ((-5, -5, -5), (-4.8623346886842835, 20.11230184299528)),
    ((5, -5, 5), (-4.8623346886842835, 7.791492659222152)),
    ((5, 5, 5), (-4.8623346886842835, 1.631088067335587)),
    ((-5, -5, -5), (-4.8623346886842835, 20.11230184299528)),
    ((-1.1042788805755821, 5, -2.7306485309265174), (-6.791275661325592, -6.0061090762537956)),
    ((-0.8992451654377795, 0.7098691672992805, 3.874295687232628), (-12.500855074482736, 8.057686381954847)),
    ((0.19117286223193997, -1.9675479242442764, -3.9989385819418066), (-10.83536238134904, -4.304157046455667)),
    ((1.5923074424878614, 1.28612275539417, -2.3685799850880285), (-12.473738524021401, 1.705997828072931)),
),)
