fronts = ((
    ((-1.0851439137202081, -0.7368689728636031, -1.063894128675016), (-15.412049061567528, -8.500596844223615)),
    ((-1.08386962018711, -0.6762564873737, -1.035394231019608), (-15.554028024130886, -7.954577553497497)),
    ((-1.0637967547157063, -0.8869788348812246, -1.038312588461799), (-15.19048821706398, -9.389298721840898)),
    ((-1.1051186871269412, -0.6822691009655644, -1.0523734644940224), (-15.493919130105704, -8.173141464350405)),
    ((-1.10794878228897, -0.6993909327602308, -1.0749409992077752), (-15.43240563004957, -8.40283636305988)),
    ((-1.0382444794861456, -0.8636014010572065, -1.1006628682419024), (-15.192397130794822, -9.361265882577484)),
    ((-1.1143595702630715, -0.6670997330870252, -1.0761942832327978), (-15.47524737476789, -8.240441227471596)),
    ((-1.0508107395687896, -0.7334779260907949, -1.0636732349241989), (-15.461914180017022, -8.30179031125408)),
    ((-1.1245862818477135, -0.6326479886883491, -1.080729719061187), (-15.50989862445876, -8.105551052888073)),
    ((-1.03206536994558, -1.0265606902093265, -1.0598701212589268), (-14.918695228603355, -10.417082254064006)),
    ((-1.098007370266299, 0.08108746513791631, -1.098108506716848), (-16.04701256917653, -7.4048140615076505)),
    ((-1.068050836114433, -0.9610592463329788, -1.0678162386095102), (-15.005121489877858, -10.185269617987256)),
    ((-1.0894998475012718, -1.0856841346939932, -1.1489444793962769), (-14.64145656663242, -11.334552530132914)),
    ((-1.0894111111447862, -0.6378049153209765, -1.0794671384091994), (-15.550815987566704, -8.016314213842163)),
    ((-0.06080191265245638, -0.008776414095148387, -1.0351548470523457), (-18.00777180051047, -3.320773448991856)),
    ((-1.1145060916307366, -0.015912404544053814, -1.1148161610519933), (-16.003018074134616, -7.6099191303539815)),
    ((-1.0734798037699784, -0.08784693608721003, -1.101084962463963), (-16.079913183734206, -7.307718547844306)),
    ((-0.8441303671137856, -0.0019546744689128114, -1.0612692339328493), (-16.53414495763185, -5.5522309059511485)),
    ((-1.1215618857676417, -0.01346478376455295, -1.1304545574472153), (-15.966853605307298, -7.665368065061425)),
    ((-1.089746354839445, -0.021124839669482975, -1.1172650608039147), (-16.038538371411526, -7.522911868596282)),
    ((-0.008119127012142555, 0.010147482264544386, -0.898486136077793), (-18.32917780334368, -2.352294146747018)),
    ((0.008667427392892516, -0.04513142400390674, -0.8414283009658892), (-18.35758856444108, -1.828772945246449)),
    ((-0.048437201508197636, -0.01006225863535161, -0.7889161624738541), (-18.44178451919047, -1.4169526798162506)),
    ((0.036641700786706144, 0.02100139119820693, -0.9310662310437153), (-18.21646107723649, -2.5502961356539977)),
    ((-0.034690621102826225, -0.04453101686380602, -1.019460965696669), (-18.041655009081957, -3.1948123470990266)),
    ((0.028673658537733765, 0.025402334221107936, -0.733585933701423), (-18.55830023612365, -1.0310417744394624)),
    ((0.015598853367634585, 0.0106458383733469, -0.9177143891844893), (-18.285359541274474, -2.4951734547577518)),
    ((-0.06720076114805124, 0.0463946234399559, -0.9638841056323013), (-18.082825580106892, -2.7316257705387654)),
    ((-1.0837813714562399, -1.080612854597975, -1.162179362086575), (-14.643668742220157, -11.284960912425632)),
    ((-1.0884566882938131, -1.1065407983582858, -1.1602832385075108), (-14.587961583511621, -11.406433244048083)),
    ((-1.0930167666442838, -1.101768927843349, -1.133248530828573), (-14.621383306753001, -11.397070827735128)),
    ((-1.0786816101914118, -0.8471712389692445, -1.1223968163563367), (-15.149337701783294, -9.512756314353197)),
    ((-1.1157457259563772, -1.1331183171744217, -1.131652174089735), (-14.535093456948957, -11.546407553818476)),
    ((-1.0840118590777144, -1.0271133300560624, -1.0257404950110562), (-14.898327625736876, -10.49839484997463)),
    ((-1.0799895957060255, -1.0772454735922978, -1.1576328008182097), (-14.65931951324273, -11.2550258983647)),
    ((-1.0669907091616513, -1.0403747325374004, -1.0633990254364831), (-14.84909625029798, -10.728960463500663)),
    ((-1.0898163933913783, -1.0363897039988912, -1.159381849627393), (-14.729386044711212, -11.069539978281274)),
    ((-1.086540211769126, -1.108929438263674, -1.1226949191798163), (-14.624257679674471, -11.374742755601877)),
    ((-1.0818394157542068, -1.0357982143263622, -1.0940573779372913), (-14.809928793594679, -10.913410133803213)),
    ((-1.1008259738010444, -1.105790196137666, -1.1667071671978098), (-14.56999270785054, -11.445729878261306)),
    ((-1.085289848025442, -1.0311509699055892, -1.0579393141546396), (-14.854415487544486, -10.727651069965038)),
    ((-1.0422792057824295, -0.8823415239811443, -1.130413588948834), (-15.116625132594898, -9.616457686242272)),
    ((-1.0832463609145564, -1.1002223023594597, -1.1430898182521483), (-14.624336629554765, -11.361760439591222)),
    ((-1.0682404863434498, -1.0289264897017643, -1.0897242057258254), (-14.843208648785762, -10.78662002430997)),
    ((-1.0934227521772628, -0.6088055339537131, -1.1261015988153835), (-15.5269020354544, -8.04913960699788)),
    ((-1.1153485289224525, -1.1447791210934046, -1.1262115871517544), (-14.516924775290695, -11.547967825234043)),
    ((-1.08648783719051, -1.0706696994993172, -1.0787820850271714), (-14.749423168162554, -11.067860559792674)),
    ((-1.0743341962005575, -1.0687571273372638, -1.0621569489260148), (-14.783528001548113, -10.91974970925773)),
    ((-1.0918966208067085, -0.9235406108750868, -1.0585947032085974), (-15.063025317781914, -9.940987535655923)),
    ((-1.0865752918327594, -1.087373831523162, -1.0891339169200127), (-14.70383690546643, -11.190499114510835)),
    ((-1.1419752424614256, -1.0439832886702036, -1.1449656861408408), (-14.67374397256781, -11.248385219119598)),
    ((-1.0965896387209753, -1.1235553666791487, -1.1441993602472111), (-14.561444774230972, -11.482651437655134)),
    ((-1.1014771177221108, -0.6311263436931521, -1.107661857271067), (-15.507131039820688, -8.137665657036756)),
    ((-1.1368243182244004, -1.043002751534186, -1.1089445705175058), (-14.720153288490945, -11.170772284614912)),
    ((-1.070851931427219, -1.027307440004598, -1.0274988108194198), (-14.910208421063931, -10.449644763547134)),
    ((-1.0841978400271735, -0.9764671866458176, -1.132690265345172), (-14.883904311299656, -10.60602880800343)),
    ((-1.0783262996559042, -0.9320008531768678, -1.1189448372215742), (-14.993015337880694, -10.197481416825669)),
    ((-1.0800778462918308, -0.8588432079332182, -1.0470653615267167), (-15.215579375500866, -9.293433172872467)),
    ((-1.086830640005189, -0.8215195769149316, -1.094234960220927), (-15.220814612317303, -9.260885484141891)),
    ((-1.0670849556432749, -0.9172417069902588, -1.114091759758642), (-15.040045494306083, -10.008832995067088)),
    ((-1.075057022347678, -0.9200171015073607, -1.0153883546481273), (-15.138240663436243, -9.566787602943997)),
    ((-1.014148841169381, -0.009460803587152622, -1.1596646388400924), (-16.094031936370047, -7.1582636894213065)),
    ((-1.0822796511665511, -1.0084839940042636, -1.116334973167303), (-14.840549059002274, -10.802847249124241)),
    ((-1.0862697442360414, -1.0544749004547866, -1.0918571048517316), (-14.769297680124247, -11.036597692742179)),
    ((-1.0805716448255835, 0.09342825761156148, -1.1003936378701826), (-16.06814333777818, -7.3240173718834445)),
    ((-1.066256600699183, -0.8588925274824444, -1.0965664961433574), (-15.173183828898399, -9.469443682828238)),
    ((-1.054514312367602, -0.8649117989471338, -1.018445099585001), (-15.267652808516168, -9.027257088349693)),
    ((-1.0295826992476578, -1.0347231201602012, -1.1006898364396152), (-14.860517005269248, -10.63886083189712)),
    ((-1.0523671450771912, -0.005950622436231557, -0.7191042798439252), (-16.762364726873354, -4.585214052008817)),
    ((-1.0360189568751776, -0.0056357845491010845, -0.705960977018698), (-16.81169989930321, -4.404573570185966)),
    ((-1.0325097115177604, -0.011241949602177496, -0.7050935512143612), (-16.81872222163249, -4.365101904707382)),
    ((-1.0468021100616567, -0.010483919052864577, -0.7223178325447497), (-16.765676029553106, -4.563646612076383)),
    ((-1.039003284113983, -0.010516518733884784, -0.7110206458194566), (-16.79790989515588, -4.444441418800259)),
    ((-1.0401280061393439, -0.00024678299719131484, -0.7211893700987145), (-16.77868031770481, -4.540587175843836)),
    ((-1.035516181108822, -0.007497763801213574, -0.6242554539460904), (-16.955516842407853, -3.949509129398759)),
    ((-1.0267634018938596, -0.009938190377353157, -0.7334514389110771), (-16.77901986866209, -4.510875907735473)),
    ((-1.0383518621309051, 0.0022415872120856023, -0.7178303788152268), (-16.787373664102475, -4.501804067187803)),
    ((-1.048678706497996, -0.013054152928283455, -0.6610643181659425), (-16.86917193863416, -4.206941163302282)),
    ((-1.033833008379242, -0.0013511730349451984, -0.7223140815907266), (-16.786961609987873, -4.504353077395574)),
    ((-1.0207711882451014, -0.007835119677547932, -0.7310990634412554), (-16.79292219432238, -4.459517018331982)),
    ((-1.045346063951194, -0.0050094483430644585, -0.6976901173539626), (-16.810939539419813, -4.413245060703424)),
    ((-1.045651211825644, -0.011406167385031965, -0.722983414961909), (-16.766351411880112, -4.559217319128271)),
    ((-1.0618458101057675, -0.014832795878333652, -0.6892054821034728), (-16.798586742820838, -4.436923077519877)),
    ((-1.028842468333806, -0.014552094451915056, -0.7381261600784176), (-16.767343898617664, -4.54668945589953)),
    ((-1.023786228068413, -0.01194298616513095, -0.7418442143605332), (-16.769302449418205, -4.542993172149066)),
    ((-1.034220072980369, -0.014397978323123091, -0.7173885267858007), (-16.794452643162124, -4.4468425970261665)),
    ((-1.056175181550248, -0.012619487245443265, -0.7305713212477228), (-16.736116896237768, -4.667307792479965)),
    ((-1.0388188658771713, -0.005462495898303162, -0.741450054295631), (-16.74574158079916, -4.651256182834667)),
    ((-1.0063444644792463, 0.0003288950746759764, -0.7452229632838457), (-16.792232050827728, -4.472005641392111)),
    ((-1.0539586735889537, -0.011726845098106772, -0.7074420959587687), (-16.779805201789372, -4.509168038874829)),
    ((-1.0444244004437129, -0.014108494104047603, -0.7036064863942436), (-16.80180006275073, -4.424996346775919)),
    ((-1.039223746182613, -0.006241494897764568, -0.7296960201288251), (-16.765357256222018, -4.574100317505712)),
    ((-1.0208519174546034, 0.0025552963372880086, -0.7102016248203133), (-16.829083929503597, -4.3386324514864665)),
    ((-1.0498795413369166, -0.013913939110259375, -0.762719600057886), (-16.69088225349603, -4.847316337165397)),
    ((-1.0754526023959285, -0.005486951973947373, -0.7233930551807528), (-16.717629225270265, -4.735780510795104)),
    ((-1.0405113879293513, -0.014882438749964302, -0.7727988054233311), (-16.688744187124406, -4.8607405427706505)),
    ((-1.032043020112475, -0.017352916568769333, -0.7906652029157962), (-16.671805578668398, -4.933070962112592)),
    ((-1.0318672221041636, -0.025752152977497784, -0.9460768739354253), (-16.410271778093765, -6.163364986262479)),
    ((-1.0213849626817129, -0.018953359908011676, -0.7783512192759363), (-16.710097260767895, -4.7692938764037445)),
    ((-1.0306086139182402, -0.011990386017253007, -0.7463586100555367), (-16.750411181402434, -4.618520778460987)),
    ((-1.045587723880731, -0.020462638426596003, -0.9187380269138052), (-16.433752666911893, -6.034676044330304)),
    ((-1.0723168894440942, -0.0035346755915234476, -0.707510248524043), (-16.750252875095498, -4.624892151322161)),
    ((-1.0593224229178975, -0.01467810136403214, -0.752595731998057), (-16.69294512874191, -4.828947604874923)),
    ((-1.077596340219447, -0.00219990908611894, -0.7360490863412403), (-16.692346705914957, -4.83675238596336)),
    ((-1.034867582389524, -0.018545475168118754, -0.8009265763877176), (-16.649634713369366, -5.025834916656155)),
    ((-1.0277697840264206, -0.018338745224820104, -0.7659136272670729), (-16.721047891438843, -4.723907921026665)),
    ((-1.0483467185733426, -0.017851181006052635, -0.7823602190952021), (-16.65948267833614, -4.972005942513947)),
    ((-1.0213234955198225, -0.016774622014179515, -0.7614373870912234), (-16.739337345995942, -4.6520409596242365)),
    ((-1.033763527571181, 0.014583225382551766, -0.7651169421974561), (-16.71289803563335, -4.764029068117344)),
    ((-1.0061572743589655, -0.010660253113418203, -0.8330575423963638), (-16.642307774007456, -5.093720184747987)),
    ((-1.0459340865988778, -0.018145029384070067, -1.0670906418006578), (-16.190115053484494, -7.108607055318947)),
    ((-1.0216367448859116, 0.007661845538259715, -0.7513127449611698), (-16.756660949108067, -4.601523641377447)),
    ((-1.0292572480430158, -0.010046946364346127, -0.6860216395249943), (-16.85725247848342, -4.2321042169886915)),
    ((-1.070686347173815, -0.02042948728215877, -0.644027008725942), (-16.86294176802494, -4.224003172819005)),
    ((-1.0134282809006534, -0.007554964786282814, -0.9140392613651047), (-16.49453259510316, -5.8105128897511715)),
    ((-1.0611184253324977, -0.00643234489895997, -0.6739030210037278), (-16.826828679111212, -4.3616627700226696)),
    ((-1.020790721077099, -0.008399969382785547, -0.7505095167726413), (-16.759399660586077, -4.588727495511877)),
    ((-1.04679262579353, -0.008924346886166383, -0.785851878513447), (-16.656480011460637, -5.005352480749199)),
    ((-1.0717953920651322, -0.00037611884158872746, -0.7354629409023171), (-16.70272558730106, -4.810577441657676)),
    ((-1.1162026973669825, 0.04282745850149211, -0.5789564080054956), (-16.901703862935854, -4.064772592312295)),
    ((-1.07106505162777, -0.0008329587871169844, -0.655890686624488), (-16.84237807810198, -4.328911037817838)),
    ((-1.0132230595670286, -0.006543570012559976, -0.800494162340067), (-16.686199538967195, -4.900883283759422)),
    ((-1.0652273817511435, -0.013131127260138636, -0.721382497126458), (-16.73733980500954, -4.655908915461801)),
    ((-1.035113136048393, -0.004448287562104785, -0.8013806563547388), (-16.649061141369273, -5.058826245843521)),
    ((-1.0617445137226265, -0.0015113531804270388, -0.8196680137654097), (-16.5748046416862, -5.363419167491648)),
    ((-1.0790586410042213, -0.001708611425807343, -0.6965050983446788), (-16.758525428484184, -4.594797624963469)),
    ((-1.0435194745525556, 0.0022968659998334473, -0.8759919496582512), (-16.509251111605067, -5.707106755606012)),
    ((-1.095156099358398, -0.003341271619159352, -0.5742397055503444), (-16.947957812202, -4.049041378306925)),
    ((-1.0171017678707444, -0.002097369354955872, -0.8406736607261353), (-16.611743389023136, -5.250269171125772)),
    ((-1.075047892441705, -0.008592749965868644, -0.6685753129608547), (-16.81357818059608, -4.398521934232702)),
    ((-1.029657624954829, 0.00886670982287292, -0.7375143531755426), (-16.767333548982673, -4.559027314354042)),
    ((-1.0523974411268313, -0.007235966496421168, -0.7073652705189177), (-16.782637837753136, -4.508886810850742)),
    ((-1.052633659913154, 0.006301986226019546, -0.6394139797835264), (-16.901053832840912, -4.130410584010415)),
    ((-1.0849292030370383, -0.00017536359315519032, -0.6164905099930947), (-16.889414610956266, -4.199157084252541)),
    ((-1.0729585692134562, -0.0017919897838236526, -0.6460267581113375), (-16.856636141536395, -4.283629093937769)),
    ((-1.0317234575858174, 0.027353411236181846, -0.6568405556546517), (-16.902886984498885, -4.054012845738948)),
    ((-1.0946657185481714, -0.0038482100462043922, -0.5283222712583855), (-17.030983152121273, -3.880843292754345)),
    ((-1.0646855332476532, 0.006298210154370473, -0.680992890044394), (-16.808681945412737, -4.421328898838637)),
    ((-1.0525636113846257, -0.011571879508278106, -0.6456279343870941), (-16.89003799410949, -4.150850411978504)),
    ((-1.0229400408467095, -0.018101741511189796, -0.8514505158149827), (-16.58344558426326, -5.343119708859204)),
    ((-1.069702875850303, 0.009581697554240598, -0.9310395806049112), (-16.374822339230597, -6.289542975176353)),
    ((-1.0596297145345774, -0.045922120659903344, -0.5983503530053913), (-16.957646199280305, -3.9092984275447007)),
    ((-0.9836333933571958, 0.013308760126082994, -0.9044877618383581), (-16.55904830349865, -5.502004584260737)),
    ((-1.0217989944262786, 0.01583641654864751, -0.8311785848411505), (-16.619700606033966, -5.178105055226954)),
    ((-0.9787317919204335, -0.05428332974100675, -0.9271267161614183), (-16.524605232001583, -5.585954919677437)),
    ((-0.9824189425839482, -0.06424072388685377, -1.033212383106256), (-16.342558537156044, -6.402251636030338)),
    ((-0.9905268673215202, -0.041495554967178626, -0.8892817787313749), (-16.57041574277533, -5.382328964986327)),
    ((-0.9121166031870469, -0.005170900647850807, -0.928774314159332), (-16.637208518784433, -5.144824424241392)),
    ((-0.952538848986328, -0.023769514636565084, -0.9760834602757777), (-16.490990852753278, -5.818243604248675)),
    ((-0.956722564458745, -0.02924951437827817, -0.9164197871008676), (-16.582282143117858, -5.362398122563967)),
    ((-1.0212020180323673, -0.0547658266431253, -0.9531093871241587), (-16.41212327525951, -6.105677807520126)),
    ((-0.931419989791083, -0.032233784863933086, -0.9526801277263474), (-16.5637114329976, -5.44843133214512)),
    ((-0.8965142357772798, -0.0028684437445474775, -0.884280986785932), (-16.737514468152284, -4.655505773815255)),
    ((-1.0212719340425747, -0.056827830283430206, -0.9464390208594107), (-16.422636297022144, -6.049596288959904)),
    ((-0.8943717427358618, -0.014230624362001329, -1.0418439822354504), (-16.48083803317735, -5.82232128644595)),
    ((-0.972915861162589, -0.031248767955446233, -0.944574409055412), (-16.50866530239985, -5.717233704956051)),
    ((-0.8871074891796376, -0.044327776255987814, -1.0244117918148758), (-16.51828350366528, -5.601592827942152)),
    ((-0.9266626171467165, -0.06594643241754197, -1.029309855483111), (-16.44040576452215, -5.929805986756697)),
    ((-0.9290297133186338, -0.02077910584737934, -1.0118483944482195), (-16.471542137807667, -5.897648021364073)),
    ((-1.0025993032915135, -0.017352469243154922, -0.923925214055138), (-16.495365301596593, -5.795773205841784)),
    ((-0.9207333796406054, -0.022800564982911463, -0.9432552688597183), (-16.597966098024607, -5.300128292125153)),
    ((-0.975750016066378, 0.05169184602862704, -0.9835139872910936), (-16.436978757017087, -6.014600394563625)),
    ((-0.9399161282228472, 0.010725700294937064, -0.8747566591338058), (-16.68105301973248, -4.916617510350038)),
    ((-1.0732057212969925, -0.013839242900674028, -0.7392700245333024), (-16.693512167355, -4.812122921412994)),
    ((-0.9625014190561646, 0.002897542570260223, -1.0400705620282211), (-16.370882835200177, -6.391005656777209)),
    ((-1.0418760533816467, 0.00585334030919797, -0.8123647223655452), (-16.61935178421728, -5.181518026935736)),
    ((0.025298033250416962, 0.005554451008926799, -0.6966609170884653), (-18.647684172215843, -0.8411031301101886)),
    ((-0.9887543690901661, -0.003132522362003426, -0.7973135601823083), (-16.731741491245113, -4.706899088140249)),
    ((-1.029662132504882, 0.007996398506227995, -0.7016400520404891), (-16.829482213095552, -4.3320571447694505)),
    ((0.010335749288880036, -0.0033939681076543765, -0.5378285906987529), (-18.95842200678505, -0.12949114037458898)),
    ((-1.0487019845809487, 0.0058290573792033895, -1.0513360232814661), (-16.211571405428913, -7.062758767648058)),
    ((0.01869827064863913, 0.027866495966370204, -0.49603088578878973), (-18.987251317385955, 0.0605869814734028)),
    ((0.06312193467286004, 0.0108636549437187, -0.623347211922472), (-18.700436606924733, -0.37630261696760825)),
    ((-0.027931392854205067, -0.02617551529750993, -0.7622036736991906), (-18.509059537945525, -1.2264662883459483)),
    ((0.004064534383070972, 0.024733628869488683, -0.6795590210142806), (-18.6784053476861, -0.7451942245542301)),
    ((-0.023517629849331145, 0.038626691150579484, -0.5985651969421754), (-18.779503210962318, -0.2767447822439584)),
    ((-1.0240973676743714, -0.765552236716605, -1.0606626730411366), (-15.441635226394428, -8.337328483759137)),
    ((-1.0701152241683631, -0.756997692132372, -1.0700257531037427), (-15.387875962524014, -8.59891647794542)),
    ((-1.0473111247912679, -0.7541345349184988, -1.0598416937522637), (-15.434406443523336, -8.400137149253151)),
    ((-1.0003943769666344, -1.0102342029423876, -1.1110972950402263), (-14.930698228406172, -10.304455650258344)),
    ((-1.070975886043387, -0.7715752361424866, -1.0550128856106609), (-15.379434485027911, -8.625804584347975)),
    ((-1.0414929523004601, -0.7932272710309085, -1.0632366517603264), (-15.366105332657849, -8.66421707164159)),
    ((-1.0196798293264167, -0.9441957997882431, -1.0608584106675931), (-15.100817406835542, -9.721224609844054)),
    ((-1.0277586486297312, -0.7612973966793989, -1.060125490696163), (-15.445520064494499, -8.32876229547933)),
    ((-1.032149010332031, -0.7649274521830868, -1.0555016858575001), (-15.439221099179878, -8.357341469098523)),
    ((-1.0512335718492491, -0.7582695108212935, -1.0616499661870527), (-15.419790648892256, -8.46169838416588)),
    ((-1.0348580444150248, -0.7385704462580029, -1.0612133270544688), (-15.476202070481591, -8.225063877350474)),
    ((-1.0899324754180486, -0.7682379196765831, -1.062953426390602), (-15.351860071076906, -8.731698152899721)),
    ((-1.0734849487019653, -0.7593768429410883, -1.056966251719129), (-15.395782332344307, -8.56283863995177)),
    ((-1.0365391847614245, -0.7731772028551119, -1.0599798139906071), (-15.413122031407841, -8.46903015259905)),
    ((-1.0762242719597865, -0.755600068107824, -1.0519691024219653), (-15.405344519456275, -8.521356117883618)),
    ((-1.058249681761932, -0.7689928267401498, -1.0564610632445863), (-15.398159831746872, -8.548532699058153)),
    ((-1.0325925440642703, -0.7655953436352227, -1.063007355205585), (-15.428082980079662, -8.40610957325729)),
    ((-1.0414172713568783, -0.743106790194913, -1.0589824629010283), (-15.462655384459428, -8.284443370848368)),
    ((-1.0370454190632838, -0.7956430414542588, -1.0607752775222556), (-15.370090281548098, -8.641319941006168)),
    ((-1.0305769671747793, -0.6770655974784723, -1.0678174658215016), (-15.58003880844965, -7.851761770168904)),
    ((-1.0999587294897544, -0.7759702366559461, -1.0609981881442379), (-15.327945858423739, -8.814741410756998)),
    ((-1.0592849341829804, -0.7693157278862222, -1.0598065674819066), (-15.392119675879247, -8.575045564400995)),
    ((-1.0288967471128747, -0.6850128944859103, -1.0617794767904898), (-15.576628315354945, -7.85473297557577)),
    ((-1.0491305985261816, -0.821124496019131, -1.0555595451503266), (-15.314089188647806, -8.880535929623386)),
    ((-1.032811065023287, -0.7594474766111873, -1.0562165679529534), (-15.447483202720644, -8.327112884792822)),
    ((-1.0422341979110914, -0.7331086552044407, -1.0645502074331221), (-15.472330330851332, -8.252751118164852)),
    ((-1.0797818360085658, -0.8021244227321498, -1.1118152900927225), (-15.24311592060578, -9.139975819962167)),
    ((-1.106961489921253, -0.8056320718014851, -1.0613746894817222), (-15.265263348553614, -9.060051854250815)),
    ((-1.0854632310940702, -0.7786065507348638, -1.0672978028087148), (-15.333468581209397, -8.81029303068685)),
    ((-1.0569743087477177, -0.7632194194130432, -1.0595560080250157), (-15.406321684138398, -8.517684940706616)),
    ((-1.0361655798261815, -0.8140447749572386, -1.0578776947523232), (-15.340272967432977, -8.759523076498745)),
    ((-1.02617795696684, -0.7571620450678453, -1.0652550050498963), (-15.448571685487087, -8.316833413045575)),
    ((-1.0400641146209988, -0.7662102634970236, -1.0639616450713978), (-15.416486383080521, -8.462792554851475)),
    ((-1.0410296645654988, -0.8725735436656618, -1.0927208396180403), (-15.181359967008962, -9.422222585852627)),
    ((-1.054901770979356, -0.7229086294585313, -1.0548000679180998), (-15.486582455825484, -8.207714979780075)),
    ((-1.0204673413166088, -0.963300874385373, -1.0420078270430435), (-15.08190634162693, -9.770550544182871)),
    ((-1.0918282589778054, -0.7248319546392323, -1.0612399457144484), (-15.427754993530051, -8.435161448508453)),
    ((-1.0626285181375295, -0.751045115679762, -1.0661727962578997), (-15.412717571728333, -8.499229687722556)),
    ((-0.9958957348163266, -1.0409781696823381, -1.0542867813095351), (-14.932141861450237, -10.226597761387305)),
    ((-1.066852956502047, -0.775841304063902, -1.0988082089960152), (-15.32234229771802, -8.840707971726825)),
    ((-1.0321505350655784, -0.7484469473111414, -1.0573435239849078), (-15.466797323778682, -8.253149938783842)),
    ((-1.1027357304050258, -0.830469204615207, -1.082095780250296), (-15.199798167951956, -9.340962589425217)),
    ((-1.0762333375342479, -0.7635136282031187, -1.0339154026657333), (-15.413670929244466, -8.466632192418128)),
    ((-1.0536533508964927, -0.7797602909519467, -1.095225244121465), (-15.336144329507766, -8.78402117566149)),
    ((-1.0425303087281759, -0.7924729414636046, -1.0664920947306977), (-15.362224057026403, -8.682070823120599)),
    ((-1.0561846878885657, -0.7228587182200792, -1.0516845168246245), (-15.48900998100481, -8.196787748599556)),
    ((-1.0895008453149937, -0.7903831118316657, -1.0718620656409614), (-15.301592215389627, -8.936674902953886)),
    ((-1.039901677322318, -0.7180726209859887, -1.0536789980939332), (-15.515662449290295, -8.081312345288094)),
    ((-1.0781002735268814, -0.7683672247830724, -1.069458447691693), (-15.358315120501548, -8.714730621603485)),
    ((-1.0888224028741376, -0.8109340474952486, -1.0741740456567532), (-15.262208326478923, -9.100139545966494)),
    ((-1.0477993972408477, -0.7247623731849426, -1.0553164090122753), (-15.491734429125117, -8.18141792298243)),
    ((-1.0649037035599231, -0.7647571164696859, -1.0663642635524215), (-15.385138315994245, -8.607810205775149)),
    ((-1.0508311410442461, -0.6491807315169658, -1.0617996919481378), (-15.607651112624932, -7.793238345533938)),
    ((-1.0986433607407986, -0.8162798247755632, -1.0595037273140713), (-15.258232519379359, -9.103438533183013)),
    ((-1.049091609914358, -0.7554679725393731, -1.0808380819643384), (-15.403379088038905, -8.525068024473098)),
    ((-0.9835057405583899, -0.052429360567071814, -1.0462601636077489), (-16.32184493771932, -6.50765611186932)),
    ((-1.0499314164472247, -0.6469074570097366, -1.0492255654194815), (-15.629298401236392, -7.705329771628341)),
    ((-1.050896820065229, -0.6863690741816626, -1.0406812210539718), (-15.573175300264719, -7.876774817844286)),
    ((-1.0887240968744443, -0.7368213952547179, -1.05258535270011), (-15.421915976979463, -8.452901909343407)),
    ((-1.064644595741453, -0.8370975180672221, -1.1061726558444762), (-15.204388087566349, -9.3194768089479)),
    ((-1.111637371478359, -0.6614480871548886, -1.0574285887886377), (-15.512750786817655, -8.105079021813806)),
    ((-1.0437042260001743, 0.0025400159719792814, -1.016706614063669), (-16.27604194946379, -6.819686886506716)),
    ((-1.0624464523843593, -0.65805053046958, -1.1131546285956404), (-15.50957185753002, -8.11840248421451)),
    ((-1.12183653542526, -0.6101880507753323, -1.1003753228769375), (-15.521186101826155, -8.072314575336687)),
    ((-0.013550989423305515, 0.07073281214254545, -1.0538490832112097), (-17.95275886692197, -3.407754815302882)),
    ((0.0009408580242429299, -0.015210292442786752, -1.13956706173055), (-17.931338013372624, -3.8302564503403658)),
    ((-0.003388142807312408, 0.025812872911327944, -0.02682898392394817), (-19.873882592393407, 0.11951439611316066)),
    ((-1.139754732864404, -1.1693198525709665, -1.1763786194935333), (-14.390658785693073, -11.587140583746384)),
    ((-1.1163293203957296, -0.6392336474617224, -1.0420745265941558), (-15.562464436818594, -7.911617574071522)),
),)
