fronts = ((
    ((0.1422581408859411, 0.7819195162210745, 0.10585961103836042, 0.6365789712305794, 0.032147899399024626, 0.217991590843169, 0.6963462565595804, 0.38973504657502467, 0.19941112919029388, 0.2605396809789587, 0.6657819809879154, 0.5148922067320928, 0.24522348659107426, 0.15636481753013082, 0.32121063670711303, 0.13768382435702134, 0.757595675399189, 0.3942286157276803, 0.6252367444178307, 0.6255930647088502, 0.43290446948250766, 0.452244893009805, 0.39529513325528026, 0.24022075223895384, 0.24657268595433574, 0.309895256040636, 0.42950074317312115, 0.5701370485266883, 0.26410172422013295, 0.36884949204418455), (0.1422581408859411, 3.755417830965627)),
    ((0.07372783826625783, 0.1715799498914726, 0.32866618504439876, 0.027803539762654046, 0.24861759269127692, 0.47894099858035094, 0.48002627424498984, 0.8748627444271313, 0.8992396752756021, 0.0018889407604939835, 0.648533003163209, 0.2929145133504706, 0.9866991673670906, 0.315484100521679, 0.07689733429884045, 0.007940520135651382, 0.5203733486321312, 0.6798155766106805, 0.17466123673670886, 0.21646820960503607, 0.3380162097940804, 0.4800689862575966, 0.09463464843747266, 0.9983480211729057, 0.8479451933977487, 0.5716471836731868, 0.6828654376649637, 0.6030122323769254, 0.03519139292194563, 0.37875093348961114), (0.07372783826625783, 4.268427256525997)),
    ((0.45542057613717907, 0.7746112443992922, 0.6237611936150911, 0.5403289117777916, 0.0936140763803984, 0.13549843378182078, 0.11950785286092828, 0.9737043059573286, 0.13974773058721707, 0.48526122725663384, 0.6787597854681499, 0.4759136077635677, 0.7448346875585409, 0.444567978292457, 0.5368878839494028, 0.7578391823376173, 0.3984640979278741, 0.03809152980579222, 0.6126943382695411, 0.05782935839234612, 0.8039288523613561, 0.1804624292819395, 0.2741772507612103, 0.6304116207548501, 0.13617831761770383, 0.5285511982179992, 0.3617938436876869, 0.3959328353927805, 0.3602909162131295, 0.8156492012339203), (0.45542057613717907, 3.5517458985091466)),
    ((0.6011848550474184, 0.0659270302022713, 0.3088733346947288, 0.5320458675546332, 0.17912784863543726, 0.6117324249889831, 0.732143597607718, 0.8890727968006875, 0.3627218078550522, 0.9128670913549894, 0.4271142922191075, 0.41556131862920126, 0.09732998161662978, 0.2841658225669393, 0.9510639829472037, 0.8294449741747353, 0.2522175088277816, 0.7223750998141395, 0.21977601834190755, 0.09246982480885521, 0.3609557311764462, 0.23924248135354037, 0.4136606348739148, 0.2525105129919724, 0.7825403306246769, 0.3327273668988642, 0.20827629652205065, 0.8095688406913603, 0.3114267510295274, 0.008296607583321411), (0.6011848550474184, 3.1935397852307577)),
    ((0.48930359345664387, 0.8833032560623596, 0.22491108350977823, 0.5097013946058768, 0.48852432440625276, 0.314388117544607, 0.5672356309601758, 0.4071552347829176, 0.9354063507717661, 0.3268443134206389, 0.3914102824448548, 0.1231798029651103, 0.8030087289291771, 0.2095499510437785, 0.3061700726583015, 0.6698362260901456, 0.7410762741805663, 0.5711152837170216, 0.44931299563344307, 0.6449905624152001, 0.263942748482874, 0.27775306190084087, 0.05250590105534484, 0.3956876944767842, 0.10726361373256674, 0.43673570035884024, 0.4814238529473435, 0.6455239489169341, 0.4094888573604093, 0.575846720897435), (0.48930359345664387, 3.5208731966952955)),
    ((0.02001617491273145, 0.9141769742789216, 0.5852929891316988, 0.28655457733293205, 0.6284168825388524, 0.39403562062255154, 0.8496288259065776, 0.10675242933540434, 0.8260212267679603, 0.3738104660709253, 0.33601249900528274, 0.544493101742082, 0.6703587556316772, 0.03489444064219838, 0.9623806749786205, 0.7258485772614274, 0.5446129364833747, 0.8729633830551162, 0.1850839257442555, 0.11650531431622882, 0.100006892923517, 0.1840597827545441, 0.17746277376287575, 0.7734280637311413, 0.10284589681511293, 0.8613131418074998, 0.45354222070573097, 0.41630018098259575, 0.7862412781244467, 0.1421514447690153), (0.02001617491273145, 5.004265848259756)),
    ((0.0200160943167495, 0.9141769297718569, 0.5852932695061153, 0.2865548143888205, 0.6284169927287523, 0.39403569983637493, 0.8496287139175296, 0.10675271227063461, 0.8260210823607311, 0.3738105631972944, 0.3360125131952704, 0.5444931336028979, 0.6703588383802622, 0.03489472079348078, 0.9623806924320019, 0.7258486167093178, 0.5446129757888503, 0.8729634662173241, 0.1850842084266, 0.11650539933824659, 0.10000714066386614, 0.18405998953274474, 0.17746288517525993, 0.7734280921373882, 0.10284614821775857, 0.8613131221491432, 0.45354222618173484, 0.4163002662039795, 0.7862412453009399, 0.1421514846294792), (0.0200160943167495, 5.004267307888896)),
    ((0.020015892826794626, 0.9141768185041951, 0.5852939704421564, 0.2865554070285417, 0.6284172682035021, 0.3940358978709334, 0.8496284339449094, 0.10675341960871029, 0.8260207213426581, 0.3738108060132172, 0.33601254867023966, 0.5444932132549375, 0.6703590452517245, 0.034895421171686786, 0.9623807360654555, 0.7258487153290438, 0.5446130740525391, 0.8729636741228438, 0.18508491513246125, 0.11650561189329103, 0.10000776001473899, 0.18406050647824637, 0.17746316370622037, 0.7734281631530053, 0.10284677672437267, 0.8613130730032519, 0.4535422398717445, 0.41630047925743885, 0.7862411632421729, 0.14215158428063898), (0.020015892826794626, 5.004270956967998)),
    ((0.020015389101907442, 0.9141765403350404, 0.5852957227822592, 0.2865568886278447, 0.6284179568903765, 0.3940363929573296, 0.8496277340133589, 0.10675518795389949, 0.8260198187974757, 0.3738114130530243, 0.3360126373576628, 0.5444934123850365, 0.6703595624303803, 0.034897172117201794, 0.9623808451490895, 0.725848961878359, 0.5446133197117613, 0.8729641938866431, 0.18508668189711436, 0.11650614328090213, 0.1000093083919211, 0.18406179884200044, 0.17746386003362144, 0.7734283406920484, 0.10284834799090795, 0.8613129501385234, 0.4535422740967688, 0.4163010118910873, 0.7862409580952554, 0.14215183340853838), (0.020015389101907442, 5.0042800797048)),
    ((0.020014129789689486, 0.9141758449121538, 0.5853001036325163, 0.28656059262610206, 0.6284196786075625, 0.3940376306733202, 0.8496259841844825, 0.10675960881687249, 0.8260175624345194, 0.373812930652542, 0.33601285907622064, 0.5444939102102839, 0.6703608553770198, 0.03490154948098932, 0.9623811178581746, 0.7258495782516471, 0.5446139338598168, 0.8729654932961414, 0.18509109880874713, 0.11650747174992984, 0.10001317933487638, 0.1840650297513856, 0.17746560085212412, 0.7734287845396558, 0.10285227615724611, 0.8613126429767021, 0.45354235965932943, 0.4163023434752085, 0.7862404452279617, 0.14215245622828687), (0.020014129789689486, 5.004302886790879)),
    ((0.02001098150914459, 0.9141741063549371, 0.585311055758159, 0.28656985262174556, 0.6284239829005277, 0.3940407249632966, 0.8496216096122916, 0.106770660974305, 0.8260119215271288, 0.3738167246513363, 0.3360134133726152, 0.5444951547734027, 0.6703640877436187, 0.03491249289045814, 0.9623817996308872, 0.7258511191848672, 0.5446154692299557, 0.8729687418198869, 0.18510214108782908, 0.11651079292249913, 0.1000228566922646, 0.18407310702484853, 0.17746995289838083, 0.7734298941586744, 0.10286209657309152, 0.8613118750721489, 0.4535425735657311, 0.4163056724355114, 0.7862391630597272, 0.14215401327765811), (0.02001098150914459, 5.004359906031695)),
    ((0.020003110807782352, 0.9141697599618955, 0.5853384360722657, 0.28659300261085435, 0.6284347436329406, 0.3940484606882377, 0.8496106731818143, 0.10679829136788625, 0.825997819258652, 0.373826209648322, 0.33601479911360166, 0.5444982661811997, 0.6703721686601158, 0.034939851414130196, 0.9623835040626688, 0.7258549715179177, 0.5446193076553031, 0.8729768631292508, 0.1851297467855339, 0.11651909585392238, 0.10004705008573513, 0.1840933002085058, 0.1774808330140226, 0.7734326682062208, 0.10288664761270504, 0.861309955310766, 0.4535431083317352, 0.4163139948362687, 0.7862359576391411, 0.1421579059010862), (0.020003110807782352, 5.00450246367169)),
    ((0.019983434054376758, 0.9141588939792916, 0.5854068868575324, 0.28665087758362634, 0.6284616454639728, 0.39406780000059033, 0.8495833321056211, 0.1068673673518394, 0.8259625635874602, 0.3738499221407863, 0.3360182634660678, 0.5445060447006922, 0.6703923709513587, 0.035008247723310335, 0.9623877651421229, 0.7258646023505438, 0.5446289037186713, 0.8729971664026606, 0.18519876102979596, 0.11653985318248047, 0.10010753356941143, 0.184143783167649, 0.177508033303127, 0.773439603325087, 0.10294802521173885, 0.8613051559073088, 0.4535444452467456, 0.4163348008381619, 0.7862279440876759, 0.1421676374596564), (0.019983434054376758, 5.004858917427855)),
    ((0.019934242170862773, 0.9141317290227818, 0.5855780138206992, 0.28679556501555636, 0.6285289000415532, 0.394116148281472, 0.849514979415138, 0.10704005731172225, 0.8258744244094807, 0.37390920337194694, 0.336026924347233, 0.5445254909994236, 0.6704428766794661, 0.03517923849626067, 0.962398417840758, 0.7258886794321092, 0.544652893877092, 0.8730479245861849, 0.18537129664045116, 0.11659174650387572, 0.1002587422786022, 0.18426999056550697, 0.17757603402588806, 0.7734569411222524, 0.10310146920932337, 0.8612931573986659, 0.45354778753427155, 0.4163868158428949, 0.7862079102090131, 0.14219196635608194), (0.019934242170862773, 5.005750425358618)),
    ((0.01981126246207781, 0.9140638166315074, 0.5860058312286163, 0.28715728359538134, 0.6286970364855041, 0.3942370189836762, 0.8493440976889303, 0.1074717822114294, 0.8256540764645318, 0.3740574064498486, 0.33604857655014614, 0.544574106746252, 0.6705691409997345, 0.035606715428636526, 0.9624250495873458, 0.7259488721360225, 0.5447128692731438, 0.8731748200449956, 0.1858026356670891, 0.11672147980736383, 0.1006367640515791, 0.1845855090601519, 0.1777460358327907, 0.7735002856151658, 0.10348507920328466, 0.8612631611270585, 0.45355614325308646, 0.4165168533547274, 0.7861578255123561, 0.1422527885971458), (0.01981126246207781, 5.007981540648348)),
    ((0.0195038131901154, 0.9138940356533213, 0.5870753747484089, 0.28806158004494387, 0.6291173775953817, 0.39453919573918655, 0.848916893373411, 0.1085510944606973, 0.8251032066021599, 0.3744279141446027, 0.33610270705742895, 0.544695646113323, 0.6708848018004054, 0.03667540775957616, 0.9624916289538152, 0.7260993538958058, 0.544862807763273, 0.8734920586920223, 0.186880983233684, 0.11704581306608411, 0.10158181848402138, 0.18537430529676419, 0.17817104035004727, 0.7736086468474496, 0.1044441041881879, 0.86118817044804, 0.4535770325501238, 0.41684194713430867, 0.7860326137707134, 0.14240484419980542), (0.0195038131901154, 5.0135741599968044)),
    ((0.018735190010209374, 0.913469583207856, 0.5897492335478904, 0.2903223211688501, 0.6301682303700755, 0.3952946376279625, 0.8478488825846129, 0.11124937508386704, 0.8237260319462298, 0.3753541833814879, 0.3362380333256359, 0.5449994945310005, 0.6716739538020827, 0.03934713858692525, 0.962658077369989, 0.7264755582952641, 0.5452376539885961, 0.8742851553095891, 0.1895768521501712, 0.1178566462128848, 0.10394445456512708, 0.18734629588829493, 0.17923355164318874, 0.7738795499281589, 0.10684166665044602, 0.8610006937504937, 0.4536292557927172, 0.41765468158326186, 0.7857195844166067, 0.1427849832064545), (0.018735190010209374, 5.027651199406669)),
    ((0.01681363206044431, 0.9124084520941926, 0.5964338805465944, 0.29597417397861575, 0.6327953623068101, 0.39718324234990243, 0.8451788556126176, 0.11799507664179137, 0.8202830953064049, 0.377669856473701, 0.3365763489961533, 0.5457591155751942, 0.6736468338062758, 0.04602646565529797, 0.9630741984104233, 0.7274160692939098, 0.5461747695519039, 0.8762678968535061, 0.19631652444138922, 0.11988372907988654, 0.1098510447678913, 0.19227627236712183, 0.18188982987604244, 0.7745568076299321, 0.1128355728060913, 0.860532002006628, 0.45375981389920056, 0.4196865177056449, 0.7849370110313401, 0.1437353307230772), (0.01681363206044431, 5.063489121859804)),
    ((0.012009737186031651, 0.9097556243100343, 0.6131454980433543, 0.31010380600302984, 0.6393631921486466, 0.4019047541547522, 0.8385037881826295, 0.1348593305366022, 0.8116757537068423, 0.3834590392042337, 0.3374221381724468, 0.5476581681856785, 0.6785790338167584, 0.06272478332622977, 0.9641145010115092, 0.729767346790524, 0.5485175584601732, 0.8812247507132988, 0.21316570516943428, 0.12495143624739086, 0.12461752027480186, 0.20460121356418903, 0.18853052545817667, 0.7762499518843652, 0.12782033819520452, 0.859360272646964, 0.454086209165409, 0.42476610801160253, 0.7829805775681733, 0.14611119951463397), (0.012009737186031651, 5.158139058664044)),
    ((0, 0.9031235548496386, 0.6549245417852538, 0.34542788606406505, 0.6557827667532379, 0.41370853366687665, 0.8218161196076591, 0.1770199652736293, 0.790157399707936, 0.3979319960305654, 0.3395366111131807, 0.5524057997118891, 0.6909095338429652, 0.10447057750355926, 0.9667152575142238, 0.7356455405320597, 0.5543745307308465, 0.8936168853627804, 0.25528865698954695, 0.13762070416615166, 0.16153370904207826, 0.23541356655685705, 0.20513226441351223, 0.7804828125204479, 0.16528225166798757, 0.8564309492478039, 0.45490219733093007, 0.4374650837764965, 0.7780894939102564, 0.15205087149352592), (0, 5.536391053465299)),
    ((0.36805909813935656, 0.5250480893002327, 0.38666220478890556, 0.3021321154208908, 0.37571095334142535, 0.010331498814703077, 0.22136597596752483, 0.6061912576643709, 0.2821732289291706, 0.7784543713242353, 0.021912849841906223, 0.5944680609273298, 0.9791887363200983, 0.31806718649243204, 0.4765751937458803, 0.5708387046286219, 0.33806128452181683, 0.6302667115214516, 0.09744269656867732, 0.8882982066420234, 0.2627306050046083, 0.3323766045410026, 0.500013969132134, 0.06355675220120771, 0.5601423272996925, 0.7757305233197558, 0.0982299951548895, 0.11448214405593726, 0.9265124124130942, 0.8956692396102696), (0.36805909813935656, 3.655160683430573)),
    ((0.43641215485543217, 0.7945357918485588, 0.6209388284608877, 0.5732906727502463, 0.10266554257163996, 0.14559790727286526, 0.16419212785458226, 0.9977439109304997, 0.1464516371611826, 0.4870923645197842, 0.7134316137840035, 0.5141287521537982, 0.7358796861381277, 0.47813923077106624, 0.5384984716727076, 0.8284577382570074, 0.4070910757185917, 0.00676188410116807, 0.6155480983570952, 0.04689150820571508, 0.804017921709307, 0.22640874564857338, 0.34891324627995657, 0.6735355767547818, 0.12613423975810256, 0.5293937539620519, 0.19983762977478536, 0.4205661814518511, 0.2565368717422999, 0.7737840062215132), (0.43641215485543217, 3.6254399774990858)),
    ((0.9453290737001148, 0.3015577413555207, 0.0987686515151247, 0.919204924508667, 0.4087566734240504, 0.5850534252085926, 0.4408103400232988, 0.6387865592527565, 0.33116793968491653, 0.8389846535040736, 0.27966628669929505, 0.06615531117523243, 0.02566617945661709, 0.24963300235061536, 0.30144049446431875, 0.029848445088564768, 0.812311494816338, 0.5834455836916435, 0.46146614466933833, 0.03595653283174449, 0.3343824798841324, 0.5147082169938065, 0.6628650231670323, 0.9618069764232103, 0.8276520943125069, 0.8782186318492842, 0.46270366361608284, 0.0361374344388774, 0.47137140709330116, 0.7921584400395834), (0.9453290737001148, 2.9382930301164856)),
    ((0.6458919711099944, 0.06692279802735912, 0.34075528244221254, 0.5338071884244442, 0.175591306399836, 0.5765786904359295, 0.802027660740008, 0.9556180813312529, 0.36313266840169267, 0.9709128450150085, 0.18633807986054862, 0.3743570570879484, 0.02603627145379417, 0.21942912952621174, 0.9666966694058159, 0.8799426403208049, 0.05846707173668031, 0.739893068121233, 0.20609272513125576, 0.10961479946231845, 0.3330886761592149, 0.18357697717342436, 0.24953400263181347, 0.24333910584913376, 0.8318315667290022, 0.2560286307668219, 0.1978980475436105, 0.812069795907916, 0.3115459298390518, 0.004475095242293725), (0.6458919711099944, 2.971174399015516)),
    ((0.9580279188649165, 0.5602380729392173, 0.378278273288403, 0.10388025578233162, 0.37451570783916965, 0.2567149285607043, 0.5416296165964614, 0.07343819365424886, 0.7349511496653037, 0.7616634753551289, 0.5433260366495685, 0.2040358826359978, 0.9713255789532429, 0.09176296195054012, 0.14078897372528298, 0.027641023076942384, 0.17386812019541442, 0.9511941690370264, 0.10461370488169319, 0.5937210829000035, 0.04691792371646697, 0.5765205419833486, 0.07516128116063359, 0.630898785034922, 0.5202219406204276, 0.5919955017105375, 0.28600873292657814, 0.5547776414458121, 0.7137506070534844, 0.17695121335726616), (0.9580279188649165, 2.5392765138070343)),
    ((0.0156935626914545, 0.9709011501774595, 0.5748391782765795, 0.30208046394979093, 0.6643818044650514, 0.39836650130817197, 0.8834378076355034, 0.09119375744891212, 0.8632215590527826, 0.3537710104226335, 0.3375119189452165, 0.6553070016102164, 0.6730350036018181, 0.09669590157007013, 0.9390560692214767, 0.6863273854872837, 0.5285548439023072, 0.7129469372226058, 0.18931413712355738, 0.06078783492204953, 0.15132713842795498, 0.20593056240781793, 0.19790240526458358, 0.7572583060850117, 0.10781048115780689, 0.8999475604705832, 0.4524671321758361, 0.3800103609653832, 0.8293181888560356, 0.144196299571542), (0.0156935626914545, 5.087788178955655)),
),)
