fronts = ((
    ((-0.5274301763500121, 0.021389914095661225, -1.1338176376483213), (-16.968861048663545, -3.9476517927127821)),
    ((-0.64082551319255776, 0.027884052135674353, -1.032161307632488), (-16.93021544089901, -3.9725557480477232)),
    ((-0.69259151646890782, 0.042465191808086937, -1.0781068228452275), (-16.763265490302043, -4.4928595033391652)),
    ((-1.0459062762470224, 0.041730922136706323, -1.0648058056834879), (-16.191685783271005, -7.0578347206102015)),
    ((-0.73427083973191976, 0.040550014237441249, -1.0115893636432889), (-16.799292270805875, -4.3602379186566065)),
    ((-0.74117053687703893, -0.019712191141012622, -1.1003608501051971), (-16.64616590242923, -4.9288206373260444)),
    ((-0.67152305124652001, 0.014544191336952304, -1.0166218384434893), (-16.902926899842544, -4.055534896020812)),
    ((-1.0665946589974504, 0.024720524060427233, -0.66724854034983738), (-16.828435147178737, -4.3193330652372879)),
    ((-1.0783107478096017, 0.010533763984490591, -0.93098429826659568), (-16.360995424918535, -6.3289144947533416)),
    ((-0.89697295382077957, 0.054490629305861668, -0.82358064652487628), (-16.833287244707506, -4.082092826166198)),
    ((-1.0040392739243071, 0.099239109005430634, -0.83620254671653305), (-16.62273328590853, -4.9673638689048492)),
    ((-1.0693517774680323, -0.019766501711265417, -1.0982004915078218), (-16.10202679402919, -7.3731925279462089)),
    ((-1.0657197496883746, 0.041444768536056262, -1.0802833972478942), (-16.134712216161276, -7.2456526611168908)),
    ((-1.0654401459559448, 0.091899191627057855, -0.96813312261024043), (-16.306945283782973, -6.4382178542818327)),
    ((-0.85451629208806179, -0.06583247997204994, -0.90382827952593181), (-16.767076929750527, -4.3704921432504982)),
    ((-0.90374299885358356, 0.022786660936760322, -0.80766828031132021), (-16.853804273219957, -4.0649225393434296)),
    ((-0.97995646904690703, 0.017142284035196256, -0.96146353599101553), (-16.470348598036352, -5.9308093978148113)),
    ((-0.88398585705425092, 0.017501196935604514, -0.0011602819599610681), (-18.34418918977308, -2.2357947286775617)),
    ((-1.0491238811511865, -0.0065616210797548521, 0.04280266425437812), (-18.02099821432862, -3.4356117376381432)),
    ((-1.1780590081152782, -0.02057214118576349, -0.47670365609963483), (-16.99041414983366, -3.7927017347032521)),
    ((-1.0293504005038157, -0.0084691539078242811, 0.039298979208610405), (-18.059251413776725, -3.3138800356638769)),
    ((-1.1118272193498384, -0.0010330637599644116, 0.037883735306454405), (-17.930717401716713, -3.7381096986042976)),
    ((-0.64794196788780478, -0.012832305133569949, 0.0061800540407523918), (-18.7559007928483, -0.5889735400543834)),
    ((-0.89449028228331495, 0.0094699964649960847, 0.0043090273957422653), (-18.34104068236268, -2.3291803205252526)),
    ((-0.94613501070598516, 0.053211100010549475, 0.014461373153129953), (-18.163835296848838, -2.6594732920327591)),
    ((-0.80133231151701578, -0.0099944277033337664, -0.026849498278674291), (-18.461926543460017, -1.5427835385094446)),
    ((-0.92314850087379996, -0.053219139992046971, -0.030870898208860784), (-18.18927722266546, -2.4454587604519933)),
    ((-0.84022925603905241, -0.021353443166339386, -0.018534309920744715), (-18.396301190118916, -1.8378869567077472)),
    ((-0.94960383583724617, -0.0052939779918621255, -0.057626473111818344), (-18.155151104266327, -2.7015303781006192)),
    ((-0.8548068459450513, -0.02913941550358453, 0.01102860462145247), (-18.365584864390186, -1.9556753935420261)),
    ((-0.53972944415006019, -0.006776824188056918, 0.032243435084634238), (-18.91100614122733, -0.089673914888178441)),
    ((-0.6178461874921819, -0.028223914839054891, 0.019342578641361297), (-18.768267634295988, -0.38794171319036036)),
    ((-0.53261675765480265, -0.020241409823178465, -0.026332918139987407), (-18.92264243625454, -0.049938186922016022)),
    ((-0.36582672196330634, -0.00020773624654076353, -0.03526785236664709), (-19.224182535514466, 0.27239136870459357)),
    ((-0.44421486279512423, -0.00068917174377082502, 0.012982196719951829), (-19.12392424901019, 0.11868714558337934)),
    ((-0.075595012219143387, -0.026597179948587457, 0.073385494071863011), (-19.686101556969817, 0.3050984279213424)),
    ((-0.84297841174481536, 0.035794241162046769, 0.0090082990052415823), (-18.373671844716604, -1.8539290091345999)),
    ((-0.010977199427650797, -0.014493289561470224, -0.57830401747950466), (-18.871153432135223, -0.25492059311008841)),
    ((-1.1244731823735901, -1.0770804242410126, -1.1664524580367777), (-14.603481839709032, -11.397451048814357)),
    ((-1.1290095278764181, -1.1078838013778947, -1.1428176556165139), (-14.561567117274606, -11.530486525470735)),
    ((-1.1152904068954519, -1.0105233930652435, -1.1059062600702745), (-14.811831102549707, -10.905336975971451)),
    ((-1.1268500523816696, -1.0692047456621574, -1.1415155785433904), (-14.643399613215035, -11.366295446216235)),
    ((-1.1201685220407493, -1.1200737700580103, -1.1449255445104893), (-14.543664849308191, -11.546932525341312)),
    ((-1.1527413193790979, -1.1612627752914935, -1.1504024770533097), (-14.420418555364277, -11.62420174722763)),
    ((-1.1255986861621152, -1.0911985274980665, -1.1557376653183262), (-14.585335840458189, -11.468429141921062)),
    ((-1.1211265633572902, -1.1219762216569105, -1.0905789769878123), (-14.594667352849475, -11.422053964535724)),
    ((-1.1199483839797839, -0.75359192974537703, -1.1301302871329988), (-15.255041036564624, -8.9706621873598067)),
    ((-1.1334601227546732, -1.1517729674718509, -1.1303235295849381), (-14.479893174311552, -11.594493193751108)),
    ((-1.1008267499034035, -1.0043264439643815, -1.0384265963747727), (-14.913471264690697, -10.48871797292896)),
    ((-1.1219642643868268, -0.9840856666031027, -1.0265073404399807), (-14.94409113191376, -10.322009927436218)),
    ((-1.1241814236343493, -0.856087452029616, -0.97255006651176412), (-15.255367691099103, -8.8974849257931936)),
    ((-1.1061377923171911, -0.904219399696504, -1.0557778823598456), (-15.087465891495775, -9.8171294701339988)),
    ((-1.1349635182517266, -1.0343787739583887, -1.1329904824692347), (-14.713377644531334, -11.168731155493557)),
    ((-1.096320771286851, -0.94340652031495487, -1.0111575730459836), (-15.071802325739448, -9.819377965604204)),
    ((-1.0696027878543823, -0.99697709347523977, -1.0585998672278971), (-14.940812799043748, -10.419989667614288)),
    ((-1.1329839703391904, -1.0608823671107079, -1.1052211080669558), (-14.69227786296612, -11.257249286930243)),
    ((-1.1412856548038781, -0.92857577192988661, -1.0651763098907736), (-14.98885670961909, -10.141125454054833)),
    ((-1.1337251021160761, -1.0419826648169079, -1.1084984709552403), (-14.726031783229548, -11.159166433218804)),
    ((-1.1206993499739755, -0.73578112822629316, -1.0521204900112393), (-15.383508957000059, -8.546923725830343)),
    ((-1.131129916731233, -1.0614685105178236, -1.1320202802450123), (-14.664515083467226, -11.321927720854113)),
    ((-1.1268521792704709, -0.9404492091749459, -1.0740023837517223), (-14.972438686651898, -10.262709520999053)),
    ((-1.1232105053050816, -1.0509851760957196, -1.0845841858186565), (-14.744738178566497, -11.105740077832088)),
    ((-1.1287605244687544, -0.95509271121805683, -1.0918911193728138), (-14.921575692058015, -10.463360259688386)),
    ((-1.1240843195478696, -0.92455959641608354, -1.119152598044467), (-14.954616631620752, -10.293641178629771)),
    ((-1.0784869336105547, -0.99332817123426032, -1.1106074585466645), (-14.881372721125874, -10.65956731399152)),
    ((-1.1241686100097494, -1.0387385234233093, -1.1105533008831348), (-14.740667806705886, -11.128635519821426)),
    ((-1.0785754729608272, -0.97775825689150087, -1.1214174745582972), (-14.900230289002389, -10.569739311691349)),
    ((-1.1420476761458711, -1.1568800902362422, -1.1574934758060329), (-14.433036951745933, -11.621358804959346)),
    ((-1.095861433720478, -1.0738426842591737, -1.0887737359123735), (-14.722538245122767, -11.16480187809869)),
    ((-1.1172107698229414, -0.96299338458674288, -1.0041137005805645), (-15.016432951215892, -9.9915812345887218)),
    ((-1.1078946102515539, -0.86322521337081837, -0.95678621336816827), (-15.279106953273812, -8.7889745589852417)),
    ((-1.1044077799254646, -0.88774087771238097, -1.00775773684961), (-15.176715245051232, -9.3665218424432268)),
    ((-1.1085640651086976, -0.87520305379108188, -0.94782102341294927), (-15.264911586221132, -8.8166796050616263)),
    ((-1.0590792404654479, -0.9259632506706903, -1.0167372425362748), (-15.14300584926323, -9.5425897941828346)),
    ((-1.0514836911310563, -0.87707813178390204, -1.0199089390370339), (-15.245613896685935, -9.1191802467689147)),
    ((-1.0844150174610392, -0.90593749674774648, -0.9912901216245914), (-15.182797567939495, -9.3195614134477296)),
    ((-1.1249944141544481, -0.82138485102435987, -1.0445232449456932), (-15.234749938799277, -9.1309773454413232)),
    ((-1.0593772263780756, -0.92202456899200347, -1.0347944487131289), (-15.130217506931185, -9.6319348930191335)),
    ((-1.1314770454829814, -0.92648418740337979, -1.0267622141647186), (-15.047721133670713, -9.8825519814388265)),
    ((-1.0907075610820733, -0.80156885786765197, -1.0062513952551286), (-15.35972323168063, -8.6200886241765424)),
    ((-0.99536458860365917, -0.82550930117617094, -0.93484539667391175), (-15.513535599046142, -7.6801715599546299)),
    ((-1.0767672836960407, -0.81875084121949593, -0.95034047587760306), (-15.410852583577142, -8.2614537549122247)),
    ((-1.0892828250020608, -0.85630080588844149, -0.96825949540675238), (-15.30164775279831, -8.7567959192724274)),
    ((-0.9465767579717016, -0.07266485141287006, -0.91380023786271902), (-16.595522918773135, -5.197612879633323)),
    ((-1.0191225658841585, -0.7751935305898463, -0.99687794958024079), (-15.508812431570433, -7.9573552832512693)),
    ((-1.089038562014613, -0.027147847637261149, -0.85454648157384339), (-16.470510101006113, -5.7197533030068151)),
    ((-0.98874314335170777, 0.014755731878142997, -0.82399895662818068), (-16.685990975882675, -4.886702555569598)),
    ((-0.9954411691130739, -0.0018621165137699264, -0.96043051203620555), (-16.447128117551756, -6.0715803071252914)),
    ((-1.0759448651582837, 0.071974048930357526, -0.77785854506207341), (-16.613584056706596, -5.0033113189318659)),
    ((-1.0563799071820299, 0.10030970457697463, -1.0082023257365009), (-16.25357012927732, -6.6785821802581786)),
    ((-0.97366765728187521, 0.14583684847277192, -0.94022705395219952), (-16.47984046352069, -5.5203188868438389)),
    ((-1.0265175580567636, 0.11299363570828402, -1.0275094003596608), (-16.266213220945595, -6.6097594469823546)),
    ((-0.96851238924743999, -0.088475884857081522, -0.92279105398881323), (-16.54006847442971, -5.427084719497631)),
    ((-0.98966737704940322, -0.073067992695714512, -0.80427184197020374), (-16.70834773008452, -4.6548132518608849)),
    ((-1.0720345252999559, -0.01283521151086181, -0.83469908743157173), (-16.532413747254097, -5.5091668146352921)),
    ((-1.0297644661735874, -0.056697343887021467, -0.97363096367763358), (-16.364060981286897, -6.3223200031771594)),
    ((-1.1427423006204589, 0.057051014858392368, -1.1327765715078488), (-15.925076149068644, -7.6306468515101162)),
    ((-1.0650785216971865, -0.0063685974850953286, -0.90961318513981837), (-16.418024838990313, -6.0964061894584791)),
    ((-0.70722019758260934, 0.0048522522866909501, -1.0686409114853519), (-16.756669509387677, -4.6015301309580288)),
),)
