fronts = ((
    ((0.761660494702262, 0.575782065335304, 0.10740161964655295, 0.23506139864628184, 0.003013279799882265, 0.978900690162416, 0.04539304626767139, 0.7027471972150736, 0.24897133112705294, 0.12276562516913893, 0.7690856068168016, 0.5814077179779501, 0.48819326659722845, 0.21069462779704648, 0.32391753795294087, 0.606320992535813, 0.5335628941681249, 0.767543145274971, 0.7887202710062122, 0.5078855672488085, 0.7529587004391439, 0.004331634345452275, 0.2139451981474634, 0.46203910938060083, 0.6529062197000093, 0.2170886750610383, 0.011333632722538215, 0.06040561533800769, 0.3323673484901153, 0.5135646918809803), (0.761660494702262, 2.782216168019935)),
    ((0.6115532371699947, 0.8839018635547266, 0.7643443047833742, 0.7562852849697972, 0.7128888672199364, 0.504729829755213, 0.5099623408511846, 0.6782990403900478, 0.3103035330332958, 0.22134968721404027, 0.5783091882133223, 0.49968003120921767, 0.6609704180541415, 0.5086978010115027, 0.25827406365472183, 0.04973206790632655, 0.4342127163164034, 0.16628087804961572, 0.11241301182404868, 0.4626059149610021, 0.4431268142951374, 0.40014236062136077, 0.0485239209892247, 0.1494065431398294, 0.2672808602548856, 0.643051276711571, 0.35826926727694214, 0.021033959653084734, 0.7233369390179388, 0.6578775388097866), (0.6115532371699947, 3.224832953247175)),
    ((0.4524184098305789, 0.6699380611109598, 0.08698467537741841, 0.1786735286771686, 0.270596060365549, 0.1730978619943623, 0.23489030651514084, 0.5191904033118422, 0.58066876237734, 0.7712030932425338, 0.8415051556459668, 0.11823237951180862, 0.6862034646311824, 0.45829424405390634, 0.4885918661428393, 0.16665335170581413, 0.10591409608364233, 0.15045573670558496, 0.37203242503507944, 0.35878208695303754, 0.6296048375834831, 0.21486633645631834, 0.9631967334783716, 0.1702467710968385, 0.5099597127442483, 0.9218405573476319, 0.05031793498301069, 0.3155896246256746, 0.7601422887952679, 0.810381216260977), (0.4524184098305789, 3.414087999039208)),
    ((0.04462870684589019, 0.42630138935526346, 0.0429018125464623, 0.7904636377692369, 0.162977257546473, 0.6012222501827027, 0.3837163239301826, 0.795123938024415, 0.14345781811799768, 0.4632710771325726, 0.31209782234007843, 0.5573159686722744, 0.22051597888026891, 0.3800948625831803, 0.7505317889099443, 0.4054435053597457, 0.6242218110909931, 0.3234925778940562, 0.04650808594571193, 0.7644437234529936, 0.3130660004848784, 0.27000053601287244, 0.9273467047547026, 0.16566975216255878, 0.3910303083208664, 0.8262759789378677, 0.5560165415805722, 0.09808849885087695, 0.6579618510158721, 0.4585052198172121), (0.04462870684589019, 4.518504768947709)),
    ((0.1549497362508505, 0.9686932208110539, 0.5467928679429467, 0.3263103465334442, 0.3223744800722652, 0.841812728526679, 0.2741467018584407, 0.7099451775036343, 0.23914595036404673, 0.46600744739272804, 0.33539238133667326, 0.4315392663217278, 0.7443399393007023, 0.41532072581678414, 0.4200480544065033, 0.05034608904410987, 0.50710368462562, 0.4447071328131609, 0.4847702978552202, 0.1704005639960995, 0.3121974630497086, 0.6331059995036588, 0.9788893188871729, 0.2759651663608816, 0.028491736914599813, 0.548549709841735, 0.18701127702883782, 0.47834817736646734, 0.5200906150898179, 0.25333313667237445), (0.1549497362508505, 4.127243233086733)),
    ((0.3029910174218383, 0.13921316065419154, 0.1635133560273543, 0.333514874175804, 0.22245301859157351, 0.4309604655966252, 0.9750830751232352, 0.272949923711388, 0.955296993058437, 0.03570155376096955, 0.9747083943400059, 0.7183935760791973, 0.9847658658785382, 0.4158632446812526, 0.27131743434227734, 0.3448593938426335, 0.008990373741498048, 0.6714835153689874, 0.618219559294125, 0.6692789829881294, 0.8697957112915855, 0.2932744151525554, 0.6440854325484884, 0.03144691233050015, 0.21897660895631907, 0.8316825206810105, 0.42659719777407396, 0.24000414200721604, 0.15039734173174646, 0.48001882140591473), (0.3029910174218383, 3.906463236151872)),
    ((0.32713191222486593, 0.3338667691653255, 0.22304021711508612, 0.9327921160412116, 0.7358566272025979, 0.30215695790778263, 0.16046961595494424, 0.6006478629431955, 0.4288160754144999, 0.8974800148999152, 0.9455628971361342, 0.9044340091388569, 0.22326213047214252, 0.6190776895259902, 0.2783700075082765, 0.44181602603825804, 0.6229229140390121, 0.11916455738718738, 0.3682783741795705, 0.2263743049975328, 0.9143910627776014, 0.38223155671083414, 0.3605206151460454, 0.3121965533942539, 0.3271882312920897, 0.05098704555338012, 0.355524280483433, 0.5531333360533404, 0.12220452189130926, 0.3825017359841949), (0.32713191222486593, 3.785082058010584)),
    ((0.33730114334857814, 0.4173472172505566, 0.7893549994970619, 0.702738133122578, 0.056961098927086985, 0.5359695820566831, 0.6712227019291449, 0.21714862994813416, 0.24727535727941655, 0.90329694540778, 0.3807867971631936, 0.3169337782605942, 0.7408304648032336, 0.03432356852148795, 0.18647324070592333, 0.05294560055921217, 0.05413686151571779, 0.13184190935205797, 0.7410428460870085, 0.6518778280192042, 0.7774644433842104, 0.46424202181876306, 0.6747783858487733, 0.24749788028883454, 0.5081091912010461, 0.22316415707123632, 0.0502947519781166, 0.3467564538829441, 0.9734376371220976, 0.8092784288031807), (0.33730114334857814, 3.7063789918592067)),
    ((0.04462913316699005, 0.4263014730490675, 0.042901932388483416, 0.790463932018612, 0.16297727117542488, 0.6012228643569655, 0.38371650921087197, 0.7951240971889539, 0.14345798680301208, 0.46327128890679453, 0.3120979732943278, 0.557316027378241, 0.22051653194273668, 0.3800949274711778, 0.7505323117569358, 0.40544384930665733, 0.624221723004965, 0.32349263157724306, 0.04650829562921293, 0.764443744186084, 0.31306625361121776, 0.2700009085219748, 0.9273465963088275, 0.1656702402234416, 0.3910307916828531, 0.82627617480399, 0.5560165444890701, 0.09808869345984207, 0.6579618752779238, 0.45850550820848407), (0.04462913316699005, 4.5185042698466535)),
    ((0.044630198969739694, 0.4263016822835776, 0.04290223199353619, 0.7904646676420496, 0.1629773052478046, 0.6012243997926223, 0.3837169724125953, 0.7951244951003016, 0.14345840851554809, 0.4632718183423494, 0.3120983506799513, 0.5573161741431576, 0.22051791459890613, 0.38009508969117145, 0.7505336188744145, 0.40544470917393644, 0.624221502789895, 0.32349276578521025, 0.04650881983796543, 0.7644437960188099, 0.31306688642706615, 0.2700018397947307, 0.92734632519414, 0.16567146037564862, 0.3910320000878199, 0.8262766644692956, 0.5560165517603148, 0.09808917998225489, 0.657961935933053, 0.45850622918666406), (0.044630198969739694, 4.5185030221375495)),
    ((0.04463286347661381, 0.42630220536985286, 0.04290298100616812, 0.7904665067006437, 0.1629773904287539, 0.6012282383817645, 0.3837181304169036, 0.7951254898786706, 0.14345946279688812, 0.4632731419312365, 0.31209929414400994, 0.557316541055449, 0.22052137123932974, 0.3800954952411556, 0.7505368866681112, 0.40544685884213416, 0.6242209522522196, 0.32349310130512815, 0.046510130359846684, 0.7644439256006245, 0.3130684684666871, 0.2700041679766204, 0.927345647407421, 0.1656745107561662, 0.3910350211002369, 0.8262778886325598, 0.5560165699384265, 0.09809039628828693, 0.6579620875708759, 0.45850803163211395), (0.04463286347661381, 4.5184999031368385)),
    ((0.04463952474379911, 0.4263035130855409, 0.04290485353774795, 0.7904711043471288, 0.16297760338112716, 0.6012378348546201, 0.38372102542767444, 0.795127976824593, 0.14346209850023822, 0.46327645090345415, 0.31210165280415664, 0.5573174583361775, 0.2205300128403888, 0.3800965091161159, 0.7505450561523531, 0.40545223301262845, 0.6242195759080313, 0.32349394010492294, 0.04651340666454981, 0.7644442495551611, 0.3130724235657395, 0.2700099884313447, 0.9273439529406236, 0.16568213670746018, 0.3910425736312795, 0.8262809490407201, 0.5560166153837056, 0.09809343705336704, 0.6579624666654333, 0.45851253774573875), (0.04463952474379911, 4.518492107335218)),
    ((0.044656177911762365, 0.42630678237476094, 0.042909534866697525, 0.7904825984633416, 0.1629781357620603, 0.6012618260367592, 0.3837282629546015, 0.7951341941893992, 0.14346868775861343, 0.4632847233339984, 0.31210754945452335, 0.5573197515379987, 0.22055161684303648, 0.3800990438035167, 0.7505654798629577, 0.40546566843886417, 0.6242161350475608, 0.3234960371044099, 0.04652159742630762, 0.7644450594415027, 0.3130823113133705, 0.2700245395681555, 0.9273397167736299, 0.1657012015856951, 0.39106145495888583, 0.826288600061121, 0.5560167289969035, 0.09810103896606732, 0.657963414401827, 0.4585238030298007), (0.044656177911762365, 4.518472628453902)),
    ((0.04469781083167049, 0.42631495559781113, 0.042921238189071474, 0.7905113337538736, 0.16297946671439317, 0.6013218039921066, 0.3837463567719192, 0.7951497376014146, 0.1434851609045515, 0.46330540441035895, 0.31212229108044015, 0.5573254845425517, 0.22060562684965565, 0.3801053805220187, 0.7506165391394694, 0.40549925700445344, 0.6242075328963843, 0.3235012796031272, 0.04654207433070214, 0.7644470841573566, 0.31310703068244794, 0.2700609174101823, 0.927329126356146, 0.16574886378128237, 0.39110865827790176, 0.8263077276121235, 0.556017013029898, 0.09812004374781802, 0.6579657837428111, 0.45855196623995576), (0.04469781083167049, 4.518423997592595)),
    ((0.0448018931314408, 0.42633538865543663, 0.04295049649500634, 0.7905831719802039, 0.16298279409522537, 0.6014717488804752, 0.38379159131521345, 0.7951885961314531, 0.14352634376939666, 0.4633571071012604, 0.31215914514523213, 0.5573398170539341, 0.2207406518662036, 0.38012122231827367, 0.7507441873307483, 0.4055832284184266, 0.6241860275184432, 0.3235143858499204, 0.046593266591688456, 0.7644521459469915, 0.3131688291051416, 0.2701518620152494, 0.927302650312436, 0.16586801927025055, 0.39122666657544153, 0.8263555464896294, 0.5560177231123846, 0.09816755570219476, 0.6579717070952714, 0.45862237426534325), (0.0448018931314408, 4.518302834295419)),
    ((0.045062098880866576, 0.4263864712995004, 0.04302364225984351, 0.7907627675460295, 0.16299111254730583, 0.6018466111013967, 0.38390467767344905, 0.7952857424565494, 0.14362930093150955, 0.463486363828514, 0.31225128030721205, 0.55737564833239, 0.22107821440757344, 0.3801608268089111, 0.7510633078089457, 0.40579315695335944, 0.6241322640735905, 0.32354715146690355, 0.046721247244154246, 0.7644648004210786, 0.3133233251618757, 0.2703792235279171, 0.9272364602031611, 0.166165907992671, 0.391521687319291, 0.8264750936833942, 0.556019498318601, 0.09828633558813664, 0.6579865154764221, 0.45879839432881203), (0.045062098880866576, 4.518002500517705)),
    ((0.045712613254431024, 0.4265141779096599, 0.04320650667193643, 0.7912117564605935, 0.16301190867750703, 0.6027837666537006, 0.38418739356903797, 0.7955286082692901, 0.14388669383679178, 0.463809505646648, 0.3124816182121619, 0.5574652265285297, 0.22192212076099807, 0.38025983803550467, 0.7518611090044391, 0.40631797829069155, 0.6239978554614585, 0.3236290655093614, 0.04704119887531872, 0.7644964366062963, 0.3137095653037111, 0.2709476273095864, 0.9270709849299739, 0.16691062979872215, 0.39225923917891464, 0.8267739616678063, 0.5560239363341419, 0.09858328530299133, 0.6580235364292988, 0.45923844448748397), (0.045712613254431024, 4.517267569646038)),
    ((0.04733889918834214, 0.42683344443505866, 0.04366366770216872, 0.7923342287470034, 0.16306389900301002, 0.6051266555344604, 0.3848941833080103, 0.7961357728011418, 0.14453017609999738, 0.46461736019198313, 0.31305746297453657, 0.5576891720188789, 0.22403188664455964, 0.3805073661019886, 0.7538556119931727, 0.4076300316340219, 0.6236618339311286, 0.3238338506155059, 0.047841077953229894, 0.7645755270693406, 0.31467516565829945, 0.27236863676375955, 0.9266572967470058, 0.16877243431385, 0.3941031188279738, 0.8275211316288362, 0.5560350313729944, 0.09932565959012805, 0.6581160888114904, 0.46033856988416383), (0.04733889918834214, 4.515526824701782)),
    ((0.051404614023119924, 0.4276316107485556, 0.04480657027774946, 0.7951404094630282, 0.16319387481676748, 0.61098387773636, 0.3866611576554411, 0.797653684130771, 0.14613888175801135, 0.46663699655532087, 0.31449707488047324, 0.558249035744752, 0.22930630135346355, 0.3811261862681984, 0.7588418694650069, 0.4109101649923477, 0.622821780105304, 0.3243458133808672, 0.04984077564800783, 0.7647732532269516, 0.31708916654477043, 0.2759211603991925, 0.9256230762895856, 0.1734269456016696, 0.39871281795062163, 0.829389056531411, 0.5560627689701255, 0.10118159530796986, 0.6583474697669696, 0.4630888833758635), (0.051404614023119924, 4.5117383017082435)),
    ((0.061568901110064383, 0.4296270265322979, 0.0476638267167013, 0.8021558612530902, 0.1635188143511611, 0.625626933241109, 0.3910785935240182, 0.801448462454844, 0.15016064590304626, 0.4716860874636653, 0.3180961046453149, 0.5596486950594348, 0.24249233812572332, 0.3826732366837229, 0.7713075131445922, 0.41911049838816233, 0.6207216455407425, 0.3256257202942705, 0.05484001988495268, 0.7652675686209789, 0.32312416876094785, 0.28480246948777493, 0.9230375251460352, 0.18506322382121862, 0.4102370657572412, 0.8340588687878482, 0.5561321129629535, 0.10582143460257437, 0.6589259221556675, 0.46996466710511275), (0.061568901110064383, 4.505272823318028)),
    ((0.08697961882742553, 0.43461556599165363, 0.05480696781408091, 0.8196944907282453, 0.1643311631871452, 0.6622345720029814, 0.40212218319546084, 0.8109354082650266, 0.16021505626563354, 0.4843088147345263, 0.3270936790574191, 0.5631478433461417, 0.27545743005637274, 0.3865408627225342, 0.8024716223435556, 0.43961133187769885, 0.6154713091293387, 0.32882548757777874, 0.0673381304773148, 0.7665033571060473, 0.33821167430139143, 0.30700574220923094, 0.9165736472871593, 0.21415391937009115, 0.43904768527379023, 0.8457333994289411, 0.5563054729450233, 0.11742103283908566, 0.6603720531274122, 0.4871541264282358), (0.08697961882742553, 4.502617988028727)),
    ((0.10873214442676449, 0.18516848991306023, 0.7952508628997643, 0.4852827547353169, 0.3711182803802945, 0.17484225680340704, 0.9491895362654482, 0.5253479339482083, 0.20789961695394, 0.6650705748219277, 0.06128453082525853, 0.88268464394775, 0.006106668643692692, 0.012663859219388174, 0.6613696899161166, 0.46215765660714636, 0.5027037864631022, 0.05623848356237504, 0.1789340638145288, 0.49386106491948023, 0.9893278179915156, 0.042322252031831153, 0.3199046121601118, 0.36126742226160025, 0.8301742353861602, 0.7254866121215899, 0.9531066563738578, 0.06413814983169575, 0.6228217190436747, 0.9788348630794035), (0.10873214442676449, 4.45705482073187)),
    ((0.7743490518049659, 0.5800644973636893, 0.10935492649328116, 0.2118853050835925, 0.008867382191726114, 0.9796759085428687, 0.004498260125404219, 0.7000671241838878, 0.33039238466580556, 0.017788790700666413, 0.7819411628221554, 0.5584280077044054, 0.4863620866246897, 0.2196909783829789, 0.32814760357335104, 0.6026481299487355, 0.5573356972229176, 0.7670022413866943, 0.7953616600037084, 0.5160888059272274, 0.7444831877756637, 0.001321527208205442, 0.29312173850953693, 0.40234231487010985, 0.6502476354007272, 0.23093387158415946, 0.04613521027964873, 0.08625895586674082, 0.33577322901399176, 0.5126813365455244), (0.7743490518049659, 2.776608985102571)),
    ((0.5571934755973246, 0.8917246731748953, 0.7690756314309596, 0.7568339862029403, 0.5760326378438057, 0.5492432113218783, 0.4947964464427571, 0.7106823301631231, 0.28973636523324, 0.22619771984938686, 0.5594442614477468, 0.5387461375660136, 0.6574223812875185, 0.5456906344613441, 0.25702425303363163, 0.09672080942137506, 0.4643949611453604, 0.14867679984600735, 0.13025107765283883, 0.5275918532855036, 0.4696363078046648, 0.4133022025337353, 0.0657266090722316, 0.18462411853253935, 0.2791281019702817, 0.6504440473972348, 0.34938233469500946, 0.011756506252596943, 0.7725861984874761, 0.5092605377001431), (0.5571934755973246, 3.3327512636959162)),
    ((0.489941754554971, 0.6797676325534409, 0.13714873887280843, 0.18862968527487445, 0.2954069204597831, 0.17869880726903242, 0.2525303485173954, 0.5193049136578268, 0.5625120514761862, 0.8061852339869081, 0.8543683504002862, 0.023683021917990432, 0.7011193363825039, 0.45749371058572885, 0.5302878299822941, 0.13841579785592117, 0.12014537279789139, 0.19005875982376563, 0.3549184026404698, 0.37446868589927385, 0.6386752076073302, 0.23108882573180245, 0.9672473006292122, 0.1428236887507025, 0.529581345739344, 0.9768774727954214, 0.0665984393751724, 0.3173807690791045, 0.7617614029337985, 0.7364637557383674), (0.489941754554971, 3.3942245082492812)),
    ((0.11598224560614556, 0.43378981752524326, 0.048192285863702944, 0.6464115694557384, 0.15406928813908294, 0.606397661168158, 0.24576489481014363, 0.8195360496318858, 0.19903890960454096, 0.4679930456791097, 0.31117502735770786, 0.5695316390104254, 0.21822961136940866, 0.40437014483660005, 0.7371295309928844, 0.39156857192968453, 0.6578819401007177, 0.3391694881664955, 0.04128732849518202, 0.7868497061734453, 0.3118358410124715, 0.2700495624002338, 0.9406980721295211, 0.21846897496967654, 0.446688259151203, 0.8332295555228769, 0.5565689906120188, 0.13182823950251654, 0.6626448888105094, 0.38483853811691326), (0.11598224560614556, 4.223099542293595)),
    ((0.6727034213424027, 0.28294173168438863, 0.6634446203441343, 0.07219320301968446, 0.09661805830212133, 0.7916993241806799, 0.18389043857884568, 0.3186892220635126, 0.6763513471569541, 0.21758805274447646, 0.1280881379643921, 0.6191922957036601, 0.6769349738266466, 0.20633826652298803, 0.5715974234326503, 0.3354793946390243, 0.26760448382100344, 0.6295837961908185, 0.1411331223890916, 0.9141845270125767, 0.5821350125723715, 0.9969262527563604, 0.4408983997009448, 0.3083917892972218, 0.6133583475641853, 0.39652653346027655, 0.02468027084590063, 0.07304190712458991, 0.2602413463953759, 0.7335657392484172), (0.6727034213424027, 2.9977359026049677)),
    ((0.21859139669099115, 0.9640293611274444, 0.5752895890495207, 0.36559577496531426, 0.3063262059007844, 0.8656409339307569, 0.22675417605373838, 0.7389557100083318, 0.1286312888132538, 0.46353996826498656, 0.4125400086775848, 0.2701091987016775, 0.75979938779795, 0.4779161089525591, 0.3230841172851352, 0.10566102969392732, 0.4668103724102156, 0.4883918336503865, 0.5106936489108403, 0.1130540967112833, 0.28814094078895924, 0.604874055953257, 0.9855116157959389, 0.2942577488416598, 0.04889471349446972, 0.596269206472146, 0.19462349134296542, 0.4874587717260146, 0.5443099703214809, 0.28151317851650115), (0.21859139669099115, 3.9544951483199404)),
    ((0.32654039475163277, 0.1738607986009112, 0.16418540144378435, 0.3476229480793256, 0.26826540813499045, 0.44281814169341993, 0.9673483875224734, 0.2512377309912798, 0.9569084514146048, 0.018294442352365547, 0.9750741046549507, 0.7195004321620515, 0.9712378571622091, 0.4339104005785104, 0.2688167286346571, 0.3639507306581278, 0.00033828066471031093, 0.6299742141286443, 0.6476415057715741, 0.6868798716519755, 0.8738340399540038, 0.31624459491808643, 0.6740142680063538, 0.03287042843735466, 0.22207040946585677, 0.8463185657645125, 0.3826916201760665, 0.2697878830668732, 0.1504402243307067, 0.48322535008882306), (0.32654039475163277, 3.8985597460150228)),
    ((0.031827568415730534, 0.6032806514209784, 0.2276789553830405, 0.950327904689013, 0.9187698924934797, 0.0009893764790303017, 0.3077465467560032, 0.960735496997218, 0.11890224598872834, 0.4121479114776029, 0.43628097732909643, 0.14888838292701967, 0.6791026652894988, 0.8768519630864453, 0.8750591120909166, 0.15302219731630196, 0.4659542511639774, 0.8563758220380335, 0.4344194804990188, 0.49686802518121986, 0.4849777621739767, 0.5705247079002633, 0.6090760735057967, 0.37808775137959283, 0.5758147007172377, 0.14417455563632797, 0.5592029354969805, 0.8304423060537767, 0.49399145448364645, 0.39892056984836044), (0.031827568415730534, 5.221544917915)),
),)
